	1	2	3	4	5	6	7	8	9	10	11	12	13	14	15	16	17	18	19	20	21	22	23	24	25	26	27	28	29	30	31	32	33	34	35	36	37	38	39	40	41	42	43	44	45	46	47	48	49	50	51	52	53	54	55	56	57	58	59	60	61	62	63	64	65	66	67	68	69	70	71	72	73	74	75	76	77	78	79	80	81	82	83	84	85	86	87	88	89	90	91	92	93	94	95	96	97	98	99	100	101	102	103	104	105	106	107	108	109	110	111	112	113	114	115	116	117	118	119	120	121	122	123	124	125	126	127	128	129	130	131	132	133	134	135	136	137	138	139	140	141	142	143	144	145	146	147	148	149	150	151	152	153	154	155	156	157	158	159	160	161	162	163	164	165	166	167	168	169	170	171	172	173	174	175	176	177	178	179	180	181	182	183	184	185	186	187	188	189	190	191	192	193	194	195	196	197	198	199	200	201	202	203	204	205	206	207	208	209	210	211	212	213	214	215	216	217	218	219	220	221	222	223	224	225	226	227	228	229	230	231	232	233	234	235	236	237	238	239	240	241	242	243	244	245	246	247	248	249	250	251	252	253	254	255	256	257	258	259	260	261	262	263	264	265	266	267	268	269	270	271	272	273	274	275	276	277	278	279	280	281	282	283	284	285	286	287	288	289	290	291	292	293	294	295	296	297	298	299	300	301	302	303	304	305	306	307	308	309	310	311	312	313	314	315	316	317	318	319	320	321	322	323	324	325	326	327	328	329	330	331	332	333	334	335	336	337	338	339	340	341	342	343	344	345	346	347	348	349	350	351	352	353	354	355	356	357	358	359	360	361	362	363	364	365	366	367	368	369	370	371	372	373	374
1	A	C	L	L	L	L	L	L	L	L	L	L	L	L	L	L	L	L	L	L	L	L	L	L	L	L	L	L	L	L	L	L	L	L	L	L	L	L	L	L	L	L	L	L	L	L	L	L	L	L	L	L	L	L	L	L	L	L	L	L	L	L	L	L	L	L	L	L	L	L	L	L	L	L	L	L	L	L	L	L	L	L	L	L	L	L	L	L	L	L	L	L	L	L	L	L	L	L	L	L	L	L	L	L	L	L	L	L	L	L	L	L	L	L	L	L	L	L	L	L	L	L	L	L	L	L	L	L	L	L	L	L	L	L	L	L	L	L	L	L	L	L	L	L	L	L	L	L	L	L	L	L	L	L	L	L	L	L	L	L	L	L	L	L	L	L	L	L	L	L	L	L	L	L	L	L	L	L	L	L	L	L	L	L	L	L	L	L	L	L	L	L	L	L	L	L	L	L	L	L	L	L	L	L	L	L	L	L	L	L	L	L	L	L	L	L	L	L	L	L	L	L	L	L	L	L	L	L	L	L	L	L	L	L	L	L	L	L	L	L	L	L	L	L	L	L	L	L	L	L	L	L	L	L	L	L	L	L	L	L	L	L	L	L	L	L	L	L	L	L	L	L	L	L	L	L	L	L	L	L	L	L	L	L	L	L	L	L	L	L	L	L	L	L	L	L	L	L	L	L	L	L	L	L	L	L	L	L	L	L	L	L	L	L	L	L	L	L	L	L	L	L	L	L	L	L	L	L	L	L	L	L	L	L	L	L	L	L	L	L	L	L	L	L	L	L	L	L	L	L	L	L	L	L	L	L	L	L	L	L	L	L	L	L	L	L	L	L	L	L	L	L	L	L	
2	G	B	A	L	L	L	L	L	L	L	L	L	L	L	L	L	L	L	L	L	L	L	L	L	L	L	L	L	L	L	L	L	L	L	L	L	L	L	L	L	L	L	L	L	L	L	L	L	L	L	L	L	L	L	L	L	L	L	L	L	L	L	L	L	L	L	L	L	L	L	L	L	L	L	L	L	L	L	L	L	L	L	L	L	L	L	L	L	L	L	L	L	L	L	L	L	L	L	L	L	L	L	L	L	L	L	L	L	L	L	L	L	L	L	L	L	L	L	L	L	L	L	L	L	L	L	L	L	L	L	L	L	L	L	L	L	L	L	L	L	L	L	L	L	L	L	L	L	L	L	L	L	L	L	L	L	L	L	L	L	L	L	L	L	L	L	L	L	L	L	L	L	L	L	L	L	L	L	L	L	L	L	L	L	L	L	L	L	L	L	L	L	L	L	L	L	L	L	L	L	L	L	L	L	L	L	L	L	L	L	L	L	L	L	L	L	L	L	L	L	L	L	L	L	L	L	L	L	L	L	L	L	L	L	L	L	L	L	L	L	L	L	L	L	L	L	L	L	L	L	L	L	L	L	L	L	L	L	L	L	L	L	L	L	L	L	L	L	L	L	L	L	L	L	L	L	L	L	L	L	L	L	L	L	L	L	L	L	L	L	L	L	L	L	L	L	L	L	L	L	L	L	L	L	L	L	L	L	L	L	L	L	L	L	L	L	L	L	L	L	L	L	L	L	L	L	L	L	L	L	L	L	L	L	L	L	L	L	L	L	L	L	L	L	L	L	L	L	L	L	L	L	L	L	L	L	L	L	L	L	L	L	L	L	L	L	L	L	L	L	L	L	L	L	
3	G	C	G	G	L	L	L	L	L	L	L	L	L	L	L	L	L	L	L	L	L	L	L	L	L	L	L	L	L	L	L	L	L	L	L	L	L	L	L	L	L	L	L	L	L	L	L	L	L	L	L	L	L	L	L	L	L	L	L	L	L	L	L	L	L	L	L	L	L	L	L	L	L	L	L	L	L	L	L	L	L	L	L	L	L	L	L	L	L	L	L	L	L	L	L	L	L	L	L	L	L	L	L	L	L	L	L	L	L	L	L	L	L	L	L	L	L	L	L	L	L	L	L	L	L	L	L	L	L	L	L	L	L	L	L	L	L	L	L	L	L	L	L	L	L	L	L	L	L	L	L	L	L	L	L	L	L	L	L	L	L	L	L	L	L	L	L	L	L	L	L	L	L	L	L	L	L	L	L	L	L	L	L	L	L	L	L	L	L	L	L	L	L	L	L	L	L	L	L	L	L	L	L	L	L	L	L	L	L	L	L	L	L	L	L	L	L	L	L	L	L	L	L	L	L	L	L	L	L	L	L	L	L	L	L	L	L	L	L	L	L	L	L	L	L	L	L	L	L	L	L	L	L	L	L	L	L	L	L	L	L	L	L	L	L	L	L	L	L	L	L	L	L	L	L	L	L	L	L	L	L	L	L	L	L	L	L	L	L	L	L	L	L	L	L	L	L	L	L	L	L	L	L	L	L	L	L	L	L	L	L	L	L	L	L	L	L	L	L	L	L	L	L	L	L	L	L	L	L	L	L	L	L	L	L	L	L	L	L	L	L	L	L	L	L	L	L	L	L	L	L	L	L	L	L	L	L	L	L	L	L	L	L	L	L	L	L	L	L	L	L	L	L	L	
4	G	B	A	B	C	L	L	L	L	L	L	L	L	L	L	L	L	L	L	L	L	L	L	L	L	L	L	L	L	L	L	L	L	L	L	L	L	L	L	L	L	L	L	L	L	L	L	L	L	L	L	L	L	L	L	L	L	L	L	L	L	L	L	L	L	L	L	L	L	L	L	L	L	L	L	L	L	L	L	L	L	L	L	L	L	L	L	L	L	L	L	L	L	L	L	L	L	L	L	L	L	L	L	L	L	L	L	L	L	L	L	L	L	L	L	L	L	L	L	L	L	L	L	L	L	L	L	L	L	L	L	L	L	L	L	L	L	L	L	L	L	L	L	L	L	L	L	L	L	L	L	L	L	L	L	L	L	L	L	L	L	L	L	L	L	L	L	L	L	L	L	L	L	L	L	L	L	L	L	L	L	L	L	L	L	L	L	L	L	L	L	L	L	L	L	L	L	L	L	L	L	L	L	L	L	L	L	L	L	L	L	L	L	L	L	L	L	L	L	L	L	L	L	L	L	L	L	L	L	L	L	L	L	L	L	L	L	L	L	L	L	L	L	L	L	L	L	L	L	L	L	L	L	L	L	L	L	L	L	L	L	L	L	L	L	L	L	L	L	L	L	L	L	L	L	L	L	L	L	L	L	L	L	L	L	L	L	L	L	L	L	L	L	L	L	L	L	L	L	L	L	L	L	L	L	L	L	L	L	L	L	L	L	L	L	L	L	L	L	L	L	L	L	L	L	L	L	L	L	L	L	L	L	L	L	L	L	L	L	L	L	L	L	L	L	L	L	L	L	L	L	L	L	L	L	L	L	L	L	L	L	L	L	L	L	L	L	L	L	L	L	L	L	L	
5	G	C	G	L	C	A	L	L	L	L	L	L	L	L	L	L	L	L	L	L	L	L	L	L	L	L	L	L	L	L	L	L	L	L	L	L	L	L	L	L	L	L	L	L	L	L	L	L	L	L	L	L	L	L	L	L	L	L	L	L	L	L	L	L	L	L	L	L	L	L	L	L	L	L	L	L	L	L	L	L	L	L	L	L	L	L	L	L	L	L	L	L	L	L	L	L	L	L	L	L	L	L	L	L	L	L	L	L	L	L	L	L	L	L	L	L	L	L	L	L	L	L	L	L	L	L	L	L	L	L	L	L	L	L	L	L	L	L	L	L	L	L	L	L	L	L	L	L	L	L	L	L	L	L	L	L	L	L	L	L	L	L	L	L	L	L	L	L	L	L	L	L	L	L	L	L	L	L	L	L	L	L	L	L	L	L	L	L	L	L	L	L	L	L	L	L	L	L	L	L	L	L	L	L	L	L	L	L	L	L	L	L	L	L	L	L	L	L	L	L	L	L	L	L	L	L	L	L	L	L	L	L	L	L	L	L	L	L	L	L	L	L	L	L	L	L	L	L	L	L	L	L	L	L	L	L	L	L	L	L	L	L	L	L	L	L	L	L	L	L	L	L	L	L	L	L	L	L	L	L	L	L	L	L	L	L	L	L	L	L	L	L	L	L	L	L	L	L	L	L	L	L	L	L	L	L	L	L	L	L	L	L	L	L	L	L	L	L	L	L	L	L	L	L	L	L	L	L	L	L	L	L	L	L	L	L	L	L	L	L	L	L	L	L	L	L	L	L	L	L	L	L	L	L	L	L	L	L	L	L	L	L	L	L	L	L	L	L	L	L	L	L	L	L	
6	G	B	A	L	A	A	G	L	L	L	L	L	L	L	L	L	L	L	L	L	L	L	L	L	L	L	L	L	L	L	L	L	L	L	L	L	L	L	L	L	L	L	L	L	L	L	L	L	L	L	L	L	L	L	L	L	L	L	L	L	L	L	L	L	L	L	L	L	L	L	L	L	L	L	L	L	L	L	L	L	L	L	L	L	L	L	L	L	L	L	L	L	L	L	L	L	L	L	L	L	L	L	L	L	L	L	L	L	L	L	L	L	L	L	L	L	L	L	L	L	L	L	L	L	L	L	L	L	L	L	L	L	L	L	L	L	L	L	L	L	L	L	L	L	L	L	L	L	L	L	L	L	L	L	L	L	L	L	L	L	L	L	L	L	L	L	L	L	L	L	L	L	L	L	L	L	L	L	L	L	L	L	L	L	L	L	L	L	L	L	L	L	L	L	L	L	L	L	L	L	L	L	L	L	L	L	L	L	L	L	L	L	L	L	L	L	L	L	L	L	L	L	L	L	L	L	L	L	L	L	L	L	L	L	L	L	L	L	L	L	L	L	L	L	L	L	L	L	L	L	L	L	L	L	L	L	L	L	L	L	L	L	L	L	L	L	L	L	L	L	L	L	L	L	L	L	L	L	L	L	L	L	L	L	L	L	L	L	L	L	L	L	L	L	L	L	L	L	L	L	L	L	L	L	L	L	L	L	L	L	L	L	L	L	L	L	L	L	L	L	L	L	L	L	L	L	L	L	L	L	L	L	L	L	L	L	L	L	L	L	L	L	L	L	L	L	L	L	L	L	L	L	L	L	L	L	L	L	L	L	L	L	L	L	L	L	L	L	L	L	L	L	L	L	
7	G	C	G	L	A	B	B	C	L	L	L	L	L	L	L	L	L	L	L	L	L	L	L	L	L	L	L	L	L	L	L	L	L	L	L	L	L	L	L	L	L	L	L	L	L	L	L	L	L	L	L	L	L	L	L	L	L	L	L	L	L	L	L	L	L	L	L	L	L	L	L	L	L	L	L	L	L	L	L	L	L	L	L	L	L	L	L	L	L	L	L	L	L	L	L	L	L	L	L	L	L	L	L	L	L	L	L	L	L	L	L	L	L	L	L	L	L	L	L	L	L	L	L	L	L	L	L	L	L	L	L	L	L	L	L	L	L	L	L	L	L	L	L	L	L	L	L	L	L	L	L	L	L	L	L	L	L	L	L	L	L	L	L	L	L	L	L	L	L	L	L	L	L	L	L	L	L	L	L	L	L	L	L	L	L	L	L	L	L	L	L	L	L	L	L	L	L	L	L	L	L	L	L	L	L	L	L	L	L	L	L	L	L	L	L	L	L	L	L	L	L	L	L	L	L	L	L	L	L	L	L	L	L	L	L	L	L	L	L	L	L	L	L	L	L	L	L	L	L	L	L	L	L	L	L	L	L	L	L	L	L	L	L	L	L	L	L	L	L	L	L	L	L	L	L	L	L	L	L	L	L	L	L	L	L	L	L	L	L	L	L	L	L	L	L	L	L	L	L	L	L	L	L	L	L	L	L	L	L	L	L	L	L	L	L	L	L	L	L	L	L	L	L	L	L	L	L	L	L	L	L	L	L	L	L	L	L	L	L	L	L	L	L	L	L	L	L	L	L	L	L	L	L	L	L	L	L	L	L	L	L	L	L	L	L	L	L	L	L	L	L	L	L	L	
8	G	B	A	L	L	B	C	C	A	L	L	L	L	L	L	L	L	L	L	L	L	L	L	L	L	L	L	L	L	L	L	L	L	L	L	L	L	L	L	L	L	L	L	L	L	L	L	L	L	L	L	L	L	L	L	L	L	L	L	L	L	L	L	L	L	L	L	L	L	L	L	L	L	L	L	L	L	L	L	L	L	L	L	L	L	L	L	L	L	L	L	L	L	L	L	L	L	L	L	L	L	L	L	L	L	L	L	L	L	L	L	L	L	L	L	L	L	L	L	L	L	L	L	L	L	L	L	L	L	L	L	L	L	L	L	L	L	L	L	L	L	L	L	L	L	L	L	L	L	L	L	L	L	L	L	L	L	L	L	L	L	L	L	L	L	L	L	L	L	L	L	L	L	L	L	L	L	L	L	L	L	L	L	L	L	L	L	L	L	L	L	L	L	L	L	L	L	L	L	L	L	L	L	L	L	L	L	L	L	L	L	L	L	L	L	L	L	L	L	L	L	L	L	L	L	L	L	L	L	L	L	L	L	L	L	L	L	L	L	L	L	L	L	L	L	L	L	L	L	L	L	L	L	L	L	L	L	L	L	L	L	L	L	L	L	L	L	L	L	L	L	L	L	L	L	L	L	L	L	L	L	L	L	L	L	L	L	L	L	L	L	L	L	L	L	L	L	L	L	L	L	L	L	L	L	L	L	L	L	L	L	L	L	L	L	L	L	L	L	L	L	L	L	L	L	L	L	L	L	L	L	L	L	L	L	L	L	L	L	L	L	L	L	L	L	L	L	L	L	L	L	L	L	L	L	L	L	L	L	L	L	L	L	L	L	L	L	L	L	L	L	L	L	L	
9	G	C	G	G	L	L	C	A	A	G	L	L	L	L	L	L	L	L	L	L	L	L	L	L	L	L	L	L	L	L	L	L	L	L	L	L	L	L	L	L	L	L	L	L	L	L	L	L	L	L	L	L	L	L	L	L	L	L	L	L	L	L	L	L	L	L	L	L	L	L	L	L	L	L	L	L	L	L	L	L	L	L	L	L	L	L	L	L	L	L	L	L	L	L	L	L	L	L	L	L	L	L	L	L	L	L	L	L	L	L	L	L	L	L	L	L	L	L	L	L	L	L	L	L	L	L	L	L	L	L	L	L	L	L	L	L	L	L	L	L	L	L	L	L	L	L	L	L	L	L	L	L	L	L	L	L	L	L	L	L	L	L	L	L	L	L	L	L	L	L	L	L	L	L	L	L	L	L	L	L	L	L	L	L	L	L	L	L	L	L	L	L	L	L	L	L	L	L	L	L	L	L	L	L	L	L	L	L	L	L	L	L	L	L	L	L	L	L	L	L	L	L	L	L	L	L	L	L	L	L	L	L	L	L	L	L	L	L	L	L	L	L	L	L	L	L	L	L	L	L	L	L	L	L	L	L	L	L	L	L	L	L	L	L	L	L	L	L	L	L	L	L	L	L	L	L	L	L	L	L	L	L	L	L	L	L	L	L	L	L	L	L	L	L	L	L	L	L	L	L	L	L	L	L	L	L	L	L	L	L	L	L	L	L	L	L	L	L	L	L	L	L	L	L	L	L	L	L	L	L	L	L	L	L	L	L	L	L	L	L	L	L	L	L	L	L	L	L	L	L	L	L	L	L	L	L	L	L	L	L	L	L	L	L	L	L	L	L	L	L	L	L	L	L	
10	G	B	A	B	C	L	A	A	B	B	C	L	L	L	L	L	L	L	L	L	L	L	L	L	L	L	L	L	L	L	L	L	L	L	L	L	L	L	L	L	L	L	L	L	L	L	L	L	L	L	L	L	L	L	L	L	L	L	L	L	L	L	L	L	L	L	L	L	L	L	L	L	L	L	L	L	L	L	L	L	L	L	L	L	L	L	L	L	L	L	L	L	L	L	L	L	L	L	L	L	L	L	L	L	L	L	L	L	L	L	L	L	L	L	L	L	L	L	L	L	L	L	L	L	L	L	L	L	L	L	L	L	L	L	L	L	L	L	L	L	L	L	L	L	L	L	L	L	L	L	L	L	L	L	L	L	L	L	L	L	L	L	L	L	L	L	L	L	L	L	L	L	L	L	L	L	L	L	L	L	L	L	L	L	L	L	L	L	L	L	L	L	L	L	L	L	L	L	L	L	L	L	L	L	L	L	L	L	L	L	L	L	L	L	L	L	L	L	L	L	L	L	L	L	L	L	L	L	L	L	L	L	L	L	L	L	L	L	L	L	L	L	L	L	L	L	L	L	L	L	L	L	L	L	L	L	L	L	L	L	L	L	L	L	L	L	L	L	L	L	L	L	L	L	L	L	L	L	L	L	L	L	L	L	L	L	L	L	L	L	L	L	L	L	L	L	L	L	L	L	L	L	L	L	L	L	L	L	L	L	L	L	L	L	L	L	L	L	L	L	L	L	L	L	L	L	L	L	L	L	L	L	L	L	L	L	L	L	L	L	L	L	L	L	L	L	L	L	L	L	L	L	L	L	L	L	L	L	L	L	L	L	L	L	L	L	L	L	L	L	L	L	L	L	
11	G	C	G	L	C	L	A	B	B	C	C	A	L	L	L	L	L	L	L	L	L	L	L	L	L	L	L	L	L	L	L	L	L	L	L	L	L	L	L	L	L	L	L	L	L	L	L	L	L	L	L	L	L	L	L	L	L	L	L	L	L	L	L	L	L	L	L	L	L	L	L	L	L	L	L	L	L	L	L	L	L	L	L	L	L	L	L	L	L	L	L	L	L	L	L	L	L	L	L	L	L	L	L	L	L	L	L	L	L	L	L	L	L	L	L	L	L	L	L	L	L	L	L	L	L	L	L	L	L	L	L	L	L	L	L	L	L	L	L	L	L	L	L	L	L	L	L	L	L	L	L	L	L	L	L	L	L	L	L	L	L	L	L	L	L	L	L	L	L	L	L	L	L	L	L	L	L	L	L	L	L	L	L	L	L	L	L	L	L	L	L	L	L	L	L	L	L	L	L	L	L	L	L	L	L	L	L	L	L	L	L	L	L	L	L	L	L	L	L	L	L	L	L	L	L	L	L	L	L	L	L	L	L	L	L	L	L	L	L	L	L	L	L	L	L	L	L	L	L	L	L	L	L	L	L	L	L	L	L	L	L	L	L	L	L	L	L	L	L	L	L	L	L	L	L	L	L	L	L	L	L	L	L	L	L	L	L	L	L	L	L	L	L	L	L	L	L	L	L	L	L	L	L	L	L	L	L	L	L	L	L	L	L	L	L	L	L	L	L	L	L	L	L	L	L	L	L	L	L	L	L	L	L	L	L	L	L	L	L	L	L	L	L	L	L	L	L	L	L	L	L	L	L	L	L	L	L	L	L	L	L	L	L	L	L	L	L	L	L	L	L	L	L	L	
12	G	B	A	L	C	L	L	B	C	C	A	A	G	L	L	L	L	L	L	L	L	L	L	L	L	L	L	L	L	L	L	L	L	L	L	L	L	L	L	L	L	L	L	L	L	L	L	L	L	L	L	L	L	L	L	L	L	L	L	L	L	L	L	L	L	L	L	L	L	L	L	L	L	L	L	L	L	L	L	L	L	L	L	L	L	L	L	L	L	L	L	L	L	L	L	L	L	L	L	L	L	L	L	L	L	L	L	L	L	L	L	L	L	L	L	L	L	L	L	L	L	L	L	L	L	L	L	L	L	L	L	L	L	L	L	L	L	L	L	L	L	L	L	L	L	L	L	L	L	L	L	L	L	L	L	L	L	L	L	L	L	L	L	L	L	L	L	L	L	L	L	L	L	L	L	L	L	L	L	L	L	L	L	L	L	L	L	L	L	L	L	L	L	L	L	L	L	L	L	L	L	L	L	L	L	L	L	L	L	L	L	L	L	L	L	L	L	L	L	L	L	L	L	L	L	L	L	L	L	L	L	L	L	L	L	L	L	L	L	L	L	L	L	L	L	L	L	L	L	L	L	L	L	L	L	L	L	L	L	L	L	L	L	L	L	L	L	L	L	L	L	L	L	L	L	L	L	L	L	L	L	L	L	L	L	L	L	L	L	L	L	L	L	L	L	L	L	L	L	L	L	L	L	L	L	L	L	L	L	L	L	L	L	L	L	L	L	L	L	L	L	L	L	L	L	L	L	L	L	L	L	L	L	L	L	L	L	L	L	L	L	L	L	L	L	L	L	L	L	L	L	L	L	L	L	L	L	L	L	L	L	L	L	L	L	L	L	L	L	L	L	L	L	L	
13	G	C	G	L	C	A	L	L	C	A	A	B	B	C	L	L	L	L	L	L	L	L	L	L	L	L	L	L	L	L	L	L	L	L	L	L	L	L	L	L	L	L	L	L	L	L	L	L	L	L	L	L	L	L	L	L	L	L	L	L	L	L	L	L	L	L	L	L	L	L	L	L	L	L	L	L	L	L	L	L	L	L	L	L	L	L	L	L	L	L	L	L	L	L	L	L	L	L	L	L	L	L	L	L	L	L	L	L	L	L	L	L	L	L	L	L	L	L	L	L	L	L	L	L	L	L	L	L	L	L	L	L	L	L	L	L	L	L	L	L	L	L	L	L	L	L	L	L	L	L	L	L	L	L	L	L	L	L	L	L	L	L	L	L	L	L	L	L	L	L	L	L	L	L	L	L	L	L	L	L	L	L	L	L	L	L	L	L	L	L	L	L	L	L	L	L	L	L	L	L	L	L	L	L	L	L	L	L	L	L	L	L	L	L	L	L	L	L	L	L	L	L	L	L	L	L	L	L	L	L	L	L	L	L	L	L	L	L	L	L	L	L	L	L	L	L	L	L	L	L	L	L	L	L	L	L	L	L	L	L	L	L	L	L	L	L	L	L	L	L	L	L	L	L	L	L	L	L	L	L	L	L	L	L	L	L	L	L	L	L	L	L	L	L	L	L	L	L	L	L	L	L	L	L	L	L	L	L	L	L	L	L	L	L	L	L	L	L	L	L	L	L	L	L	L	L	L	L	L	L	L	L	L	L	L	L	L	L	L	L	L	L	L	L	L	L	L	L	L	L	L	L	L	L	L	L	L	L	L	L	L	L	L	L	L	L	L	L	L	L	L	L	L	L	
14	G	B	A	L	A	A	G	L	A	A	B	B	C	C	A	L	L	L	L	L	L	L	L	L	L	L	L	L	L	L	L	L	L	L	L	L	L	L	L	L	L	L	L	L	L	L	L	L	L	L	L	L	L	L	L	L	L	L	L	L	L	L	L	L	L	L	L	L	L	L	L	L	L	L	L	L	L	L	L	L	L	L	L	L	L	L	L	L	L	L	L	L	L	L	L	L	L	L	L	L	L	L	L	L	L	L	L	L	L	L	L	L	L	L	L	L	L	L	L	L	L	L	L	L	L	L	L	L	L	L	L	L	L	L	L	L	L	L	L	L	L	L	L	L	L	L	L	L	L	L	L	L	L	L	L	L	L	L	L	L	L	L	L	L	L	L	L	L	L	L	L	L	L	L	L	L	L	L	L	L	L	L	L	L	L	L	L	L	L	L	L	L	L	L	L	L	L	L	L	L	L	L	L	L	L	L	L	L	L	L	L	L	L	L	L	L	L	L	L	L	L	L	L	L	L	L	L	L	L	L	L	L	L	L	L	L	L	L	L	L	L	L	L	L	L	L	L	L	L	L	L	L	L	L	L	L	L	L	L	L	L	L	L	L	L	L	L	L	L	L	L	L	L	L	L	L	L	L	L	L	L	L	L	L	L	L	L	L	L	L	L	L	L	L	L	L	L	L	L	L	L	L	L	L	L	L	L	L	L	L	L	L	L	L	L	L	L	L	L	L	L	L	L	L	L	L	L	L	L	L	L	L	L	L	L	L	L	L	L	L	L	L	L	L	L	L	L	L	L	L	L	L	L	L	L	L	L	L	L	L	L	L	L	L	L	L	L	L	L	L	L	L	L	L	
15	G	C	G	L	A	B	B	L	A	B	B	C	C	A	A	G	L	L	L	L	L	L	L	L	L	L	L	L	L	L	L	L	L	L	L	L	L	L	L	L	L	L	L	L	L	L	L	L	L	L	L	L	L	L	L	L	L	L	L	L	L	L	L	L	L	L	L	L	L	L	L	L	L	L	L	L	L	L	L	L	L	L	L	L	L	L	L	L	L	L	L	L	L	L	L	L	L	L	L	L	L	L	L	L	L	L	L	L	L	L	L	L	L	L	L	L	L	L	L	L	L	L	L	L	L	L	L	L	L	L	L	L	L	L	L	L	L	L	L	L	L	L	L	L	L	L	L	L	L	L	L	L	L	L	L	L	L	L	L	L	L	L	L	L	L	L	L	L	L	L	L	L	L	L	L	L	L	L	L	L	L	L	L	L	L	L	L	L	L	L	L	L	L	L	L	L	L	L	L	L	L	L	L	L	L	L	L	L	L	L	L	L	L	L	L	L	L	L	L	L	L	L	L	L	L	L	L	L	L	L	L	L	L	L	L	L	L	L	L	L	L	L	L	L	L	L	L	L	L	L	L	L	L	L	L	L	L	L	L	L	L	L	L	L	L	L	L	L	L	L	L	L	L	L	L	L	L	L	L	L	L	L	L	L	L	L	L	L	L	L	L	L	L	L	L	L	L	L	L	L	L	L	L	L	L	L	L	L	L	L	L	L	L	L	L	L	L	L	L	L	L	L	L	L	L	L	L	L	L	L	L	L	L	L	L	L	L	L	L	L	L	L	L	L	L	L	L	L	L	L	L	L	L	L	L	L	L	L	L	L	L	L	L	L	L	L	L	L	L	L	L	L	L	L	
16	G	B	A	L	L	B	G	L	L	B	C	C	A	A	B	B	C	L	L	L	L	L	L	L	L	L	L	L	L	L	L	L	L	L	L	L	L	L	L	L	L	L	L	L	L	L	L	L	L	L	L	L	L	L	L	L	L	L	L	L	L	L	L	L	L	L	L	L	L	L	L	L	L	L	L	L	L	L	L	L	L	L	L	L	L	L	L	L	L	L	L	L	L	L	L	L	L	L	L	L	L	L	L	L	L	L	L	L	L	L	L	L	L	L	L	L	L	L	L	L	L	L	L	L	L	L	L	L	L	L	L	L	L	L	L	L	L	L	L	L	L	L	L	L	L	L	L	L	L	L	L	L	L	L	L	L	L	L	L	L	L	L	L	L	L	L	L	L	L	L	L	L	L	L	L	L	L	L	L	L	L	L	L	L	L	L	L	L	L	L	L	L	L	L	L	L	L	L	L	L	L	L	L	L	L	L	L	L	L	L	L	L	L	L	L	L	L	L	L	L	L	L	L	L	L	L	L	L	L	L	L	L	L	L	L	L	L	L	L	L	L	L	L	L	L	L	L	L	L	L	L	L	L	L	L	L	L	L	L	L	L	L	L	L	L	L	L	L	L	L	L	L	L	L	L	L	L	L	L	L	L	L	L	L	L	L	L	L	L	L	L	L	L	L	L	L	L	L	L	L	L	L	L	L	L	L	L	L	L	L	L	L	L	L	L	L	L	L	L	L	L	L	L	L	L	L	L	L	L	L	L	L	L	L	L	L	L	L	L	L	L	L	L	L	L	L	L	L	L	L	L	L	L	L	L	L	L	L	L	L	L	L	L	L	L	L	L	L	L	L	L	L	L	L	
17	G	C	G	G	L	B	B	C	L	L	C	A	A	B	B	C	C	A	L	L	L	L	L	L	L	L	L	L	L	L	L	L	L	L	L	L	L	L	L	L	L	L	L	L	L	L	L	L	L	L	L	L	L	L	L	L	L	L	L	L	L	L	L	L	L	L	L	L	L	L	L	L	L	L	L	L	L	L	L	L	L	L	L	L	L	L	L	L	L	L	L	L	L	L	L	L	L	L	L	L	L	L	L	L	L	L	L	L	L	L	L	L	L	L	L	L	L	L	L	L	L	L	L	L	L	L	L	L	L	L	L	L	L	L	L	L	L	L	L	L	L	L	L	L	L	L	L	L	L	L	L	L	L	L	L	L	L	L	L	L	L	L	L	L	L	L	L	L	L	L	L	L	L	L	L	L	L	L	L	L	L	L	L	L	L	L	L	L	L	L	L	L	L	L	L	L	L	L	L	L	L	L	L	L	L	L	L	L	L	L	L	L	L	L	L	L	L	L	L	L	L	L	L	L	L	L	L	L	L	L	L	L	L	L	L	L	L	L	L	L	L	L	L	L	L	L	L	L	L	L	L	L	L	L	L	L	L	L	L	L	L	L	L	L	L	L	L	L	L	L	L	L	L	L	L	L	L	L	L	L	L	L	L	L	L	L	L	L	L	L	L	L	L	L	L	L	L	L	L	L	L	L	L	L	L	L	L	L	L	L	L	L	L	L	L	L	L	L	L	L	L	L	L	L	L	L	L	L	L	L	L	L	L	L	L	L	L	L	L	L	L	L	L	L	L	L	L	L	L	L	L	L	L	L	L	L	L	L	L	L	L	L	L	L	L	L	L	L	L	L	L	L	L	L	
18	G	B	A	B	L	B	C	C	A	L	A	A	B	B	C	C	A	A	G	L	L	L	L	L	L	L	L	L	L	L	L	L	L	L	L	L	L	L	L	L	L	L	L	L	L	L	L	L	L	L	L	L	L	L	L	L	L	L	L	L	L	L	L	L	L	L	L	L	L	L	L	L	L	L	L	L	L	L	L	L	L	L	L	L	L	L	L	L	L	L	L	L	L	L	L	L	L	L	L	L	L	L	L	L	L	L	L	L	L	L	L	L	L	L	L	L	L	L	L	L	L	L	L	L	L	L	L	L	L	L	L	L	L	L	L	L	L	L	L	L	L	L	L	L	L	L	L	L	L	L	L	L	L	L	L	L	L	L	L	L	L	L	L	L	L	L	L	L	L	L	L	L	L	L	L	L	L	L	L	L	L	L	L	L	L	L	L	L	L	L	L	L	L	L	L	L	L	L	L	L	L	L	L	L	L	L	L	L	L	L	L	L	L	L	L	L	L	L	L	L	L	L	L	L	L	L	L	L	L	L	L	L	L	L	L	L	L	L	L	L	L	L	L	L	L	L	L	L	L	L	L	L	L	L	L	L	L	L	L	L	L	L	L	L	L	L	L	L	L	L	L	L	L	L	L	L	L	L	L	L	L	L	L	L	L	L	L	L	L	L	L	L	L	L	L	L	L	L	L	L	L	L	L	L	L	L	L	L	L	L	L	L	L	L	L	L	L	L	L	L	L	L	L	L	L	L	L	L	L	L	L	L	L	L	L	L	L	L	L	L	L	L	L	L	L	L	L	L	L	L	L	L	L	L	L	L	L	L	L	L	L	L	L	L	L	L	L	L	L	L	L	L	L	L	
19	G	C	G	G	L	L	C	A	A	L	A	B	B	C	C	A	A	B	B	C	L	L	L	L	L	L	L	L	L	L	L	L	L	L	L	L	L	L	L	L	L	L	L	L	L	L	L	L	L	L	L	L	L	L	L	L	L	L	L	L	L	L	L	L	L	L	L	L	L	L	L	L	L	L	L	L	L	L	L	L	L	L	L	L	L	L	L	L	L	L	L	L	L	L	L	L	L	L	L	L	L	L	L	L	L	L	L	L	L	L	L	L	L	L	L	L	L	L	L	L	L	L	L	L	L	L	L	L	L	L	L	L	L	L	L	L	L	L	L	L	L	L	L	L	L	L	L	L	L	L	L	L	L	L	L	L	L	L	L	L	L	L	L	L	L	L	L	L	L	L	L	L	L	L	L	L	L	L	L	L	L	L	L	L	L	L	L	L	L	L	L	L	L	L	L	L	L	L	L	L	L	L	L	L	L	L	L	L	L	L	L	L	L	L	L	L	L	L	L	L	L	L	L	L	L	L	L	L	L	L	L	L	L	L	L	L	L	L	L	L	L	L	L	L	L	L	L	L	L	L	L	L	L	L	L	L	L	L	L	L	L	L	L	L	L	L	L	L	L	L	L	L	L	L	L	L	L	L	L	L	L	L	L	L	L	L	L	L	L	L	L	L	L	L	L	L	L	L	L	L	L	L	L	L	L	L	L	L	L	L	L	L	L	L	L	L	L	L	L	L	L	L	L	L	L	L	L	L	L	L	L	L	L	L	L	L	L	L	L	L	L	L	L	L	L	L	L	L	L	L	L	L	L	L	L	L	L	L	L	L	L	L	L	L	L	L	L	L	L	L	L	L	L	L	
20	G	B	A	B	C	L	A	A	A	L	L	B	C	C	A	A	B	B	C	C	A	L	L	L	L	L	L	L	L	L	L	L	L	L	L	L	L	L	L	L	L	L	L	L	L	L	L	L	L	L	L	L	L	L	L	L	L	L	L	L	L	L	L	L	L	L	L	L	L	L	L	L	L	L	L	L	L	L	L	L	L	L	L	L	L	L	L	L	L	L	L	L	L	L	L	L	L	L	L	L	L	L	L	L	L	L	L	L	L	L	L	L	L	L	L	L	L	L	L	L	L	L	L	L	L	L	L	L	L	L	L	L	L	L	L	L	L	L	L	L	L	L	L	L	L	L	L	L	L	L	L	L	L	L	L	L	L	L	L	L	L	L	L	L	L	L	L	L	L	L	L	L	L	L	L	L	L	L	L	L	L	L	L	L	L	L	L	L	L	L	L	L	L	L	L	L	L	L	L	L	L	L	L	L	L	L	L	L	L	L	L	L	L	L	L	L	L	L	L	L	L	L	L	L	L	L	L	L	L	L	L	L	L	L	L	L	L	L	L	L	L	L	L	L	L	L	L	L	L	L	L	L	L	L	L	L	L	L	L	L	L	L	L	L	L	L	L	L	L	L	L	L	L	L	L	L	L	L	L	L	L	L	L	L	L	L	L	L	L	L	L	L	L	L	L	L	L	L	L	L	L	L	L	L	L	L	L	L	L	L	L	L	L	L	L	L	L	L	L	L	L	L	L	L	L	L	L	L	L	L	L	L	L	L	L	L	L	L	L	L	L	L	L	L	L	L	L	L	L	L	L	L	L	L	L	L	L	L	L	L	L	L	L	L	L	L	L	L	L	L	L	L	L	L	
21	G	C	G	L	C	L	A	A	A	G	L	L	C	A	A	B	B	C	C	A	A	G	L	L	L	L	L	L	L	L	L	L	L	L	L	L	L	L	L	L	L	L	L	L	L	L	L	L	L	L	L	L	L	L	L	L	L	L	L	L	L	L	L	L	L	L	L	L	L	L	L	L	L	L	L	L	L	L	L	L	L	L	L	L	L	L	L	L	L	L	L	L	L	L	L	L	L	L	L	L	L	L	L	L	L	L	L	L	L	L	L	L	L	L	L	L	L	L	L	L	L	L	L	L	L	L	L	L	L	L	L	L	L	L	L	L	L	L	L	L	L	L	L	L	L	L	L	L	L	L	L	L	L	L	L	L	L	L	L	L	L	L	L	L	L	L	L	L	L	L	L	L	L	L	L	L	L	L	L	L	L	L	L	L	L	L	L	L	L	L	L	L	L	L	L	L	L	L	L	L	L	L	L	L	L	L	L	L	L	L	L	L	L	L	L	L	L	L	L	L	L	L	L	L	L	L	L	L	L	L	L	L	L	L	L	L	L	L	L	L	L	L	L	L	L	L	L	L	L	L	L	L	L	L	L	L	L	L	L	L	L	L	L	L	L	L	L	L	L	L	L	L	L	L	L	L	L	L	L	L	L	L	L	L	L	L	L	L	L	L	L	L	L	L	L	L	L	L	L	L	L	L	L	L	L	L	L	L	L	L	L	L	L	L	L	L	L	L	L	L	L	L	L	L	L	L	L	L	L	L	L	L	L	L	L	L	L	L	L	L	L	L	L	L	L	L	L	L	L	L	L	L	L	L	L	L	L	L	L	L	L	L	L	L	L	L	L	L	L	L	L	L	L	L	
22	G	B	A	L	C	L	A	A	B	B	C	L	A	A	B	B	C	C	A	A	B	B	C	L	L	L	L	L	L	L	L	L	L	L	L	L	L	L	L	L	L	L	L	L	L	L	L	L	L	L	L	L	L	L	L	L	L	L	L	L	L	L	L	L	L	L	L	L	L	L	L	L	L	L	L	L	L	L	L	L	L	L	L	L	L	L	L	L	L	L	L	L	L	L	L	L	L	L	L	L	L	L	L	L	L	L	L	L	L	L	L	L	L	L	L	L	L	L	L	L	L	L	L	L	L	L	L	L	L	L	L	L	L	L	L	L	L	L	L	L	L	L	L	L	L	L	L	L	L	L	L	L	L	L	L	L	L	L	L	L	L	L	L	L	L	L	L	L	L	L	L	L	L	L	L	L	L	L	L	L	L	L	L	L	L	L	L	L	L	L	L	L	L	L	L	L	L	L	L	L	L	L	L	L	L	L	L	L	L	L	L	L	L	L	L	L	L	L	L	L	L	L	L	L	L	L	L	L	L	L	L	L	L	L	L	L	L	L	L	L	L	L	L	L	L	L	L	L	L	L	L	L	L	L	L	L	L	L	L	L	L	L	L	L	L	L	L	L	L	L	L	L	L	L	L	L	L	L	L	L	L	L	L	L	L	L	L	L	L	L	L	L	L	L	L	L	L	L	L	L	L	L	L	L	L	L	L	L	L	L	L	L	L	L	L	L	L	L	L	L	L	L	L	L	L	L	L	L	L	L	L	L	L	L	L	L	L	L	L	L	L	L	L	L	L	L	L	L	L	L	L	L	L	L	L	L	L	L	L	L	L	L	L	L	L	L	L	L	L	L	L	L	L	L	
23	G	C	G	L	C	L	A	B	B	C	C	L	A	B	B	C	C	A	A	B	B	C	C	A	L	L	L	L	L	L	L	L	L	L	L	L	L	L	L	L	L	L	L	L	L	L	L	L	L	L	L	L	L	L	L	L	L	L	L	L	L	L	L	L	L	L	L	L	L	L	L	L	L	L	L	L	L	L	L	L	L	L	L	L	L	L	L	L	L	L	L	L	L	L	L	L	L	L	L	L	L	L	L	L	L	L	L	L	L	L	L	L	L	L	L	L	L	L	L	L	L	L	L	L	L	L	L	L	L	L	L	L	L	L	L	L	L	L	L	L	L	L	L	L	L	L	L	L	L	L	L	L	L	L	L	L	L	L	L	L	L	L	L	L	L	L	L	L	L	L	L	L	L	L	L	L	L	L	L	L	L	L	L	L	L	L	L	L	L	L	L	L	L	L	L	L	L	L	L	L	L	L	L	L	L	L	L	L	L	L	L	L	L	L	L	L	L	L	L	L	L	L	L	L	L	L	L	L	L	L	L	L	L	L	L	L	L	L	L	L	L	L	L	L	L	L	L	L	L	L	L	L	L	L	L	L	L	L	L	L	L	L	L	L	L	L	L	L	L	L	L	L	L	L	L	L	L	L	L	L	L	L	L	L	L	L	L	L	L	L	L	L	L	L	L	L	L	L	L	L	L	L	L	L	L	L	L	L	L	L	L	L	L	L	L	L	L	L	L	L	L	L	L	L	L	L	L	L	L	L	L	L	L	L	L	L	L	L	L	L	L	L	L	L	L	L	L	L	L	L	L	L	L	L	L	L	L	L	L	L	L	L	L	L	L	L	L	L	L	L	L	L	L	L	
24	G	B	A	L	C	L	L	B	C	C	C	L	L	B	C	C	A	A	B	B	C	C	A	A	G	L	L	L	L	L	L	L	L	L	L	L	L	L	L	L	L	L	L	L	L	L	L	L	L	L	L	L	L	L	L	L	L	L	L	L	L	L	L	L	L	L	L	L	L	L	L	L	L	L	L	L	L	L	L	L	L	L	L	L	L	L	L	L	L	L	L	L	L	L	L	L	L	L	L	L	L	L	L	L	L	L	L	L	L	L	L	L	L	L	L	L	L	L	L	L	L	L	L	L	L	L	L	L	L	L	L	L	L	L	L	L	L	L	L	L	L	L	L	L	L	L	L	L	L	L	L	L	L	L	L	L	L	L	L	L	L	L	L	L	L	L	L	L	L	L	L	L	L	L	L	L	L	L	L	L	L	L	L	L	L	L	L	L	L	L	L	L	L	L	L	L	L	L	L	L	L	L	L	L	L	L	L	L	L	L	L	L	L	L	L	L	L	L	L	L	L	L	L	L	L	L	L	L	L	L	L	L	L	L	L	L	L	L	L	L	L	L	L	L	L	L	L	L	L	L	L	L	L	L	L	L	L	L	L	L	L	L	L	L	L	L	L	L	L	L	L	L	L	L	L	L	L	L	L	L	L	L	L	L	L	L	L	L	L	L	L	L	L	L	L	L	L	L	L	L	L	L	L	L	L	L	L	L	L	L	L	L	L	L	L	L	L	L	L	L	L	L	L	L	L	L	L	L	L	L	L	L	L	L	L	L	L	L	L	L	L	L	L	L	L	L	L	L	L	L	L	L	L	L	L	L	L	L	L	L	L	L	L	L	L	L	L	L	L	L	L	L	L	L	
25	G	C	G	L	C	A	L	L	C	C	C	A	L	L	C	A	A	B	B	C	C	A	A	B	B	C	L	L	L	L	L	L	L	L	L	L	L	L	L	L	L	L	L	L	L	L	L	L	L	L	L	L	L	L	L	L	L	L	L	L	L	L	L	L	L	L	L	L	L	L	L	L	L	L	L	L	L	L	L	L	L	L	L	L	L	L	L	L	L	L	L	L	L	L	L	L	L	L	L	L	L	L	L	L	L	L	L	L	L	L	L	L	L	L	L	L	L	L	L	L	L	L	L	L	L	L	L	L	L	L	L	L	L	L	L	L	L	L	L	L	L	L	L	L	L	L	L	L	L	L	L	L	L	L	L	L	L	L	L	L	L	L	L	L	L	L	L	L	L	L	L	L	L	L	L	L	L	L	L	L	L	L	L	L	L	L	L	L	L	L	L	L	L	L	L	L	L	L	L	L	L	L	L	L	L	L	L	L	L	L	L	L	L	L	L	L	L	L	L	L	L	L	L	L	L	L	L	L	L	L	L	L	L	L	L	L	L	L	L	L	L	L	L	L	L	L	L	L	L	L	L	L	L	L	L	L	L	L	L	L	L	L	L	L	L	L	L	L	L	L	L	L	L	L	L	L	L	L	L	L	L	L	L	L	L	L	L	L	L	L	L	L	L	L	L	L	L	L	L	L	L	L	L	L	L	L	L	L	L	L	L	L	L	L	L	L	L	L	L	L	L	L	L	L	L	L	L	L	L	L	L	L	L	L	L	L	L	L	L	L	L	L	L	L	L	L	L	L	L	L	L	L	L	L	L	L	L	L	L	L	L	L	L	L	L	L	L	L	L	L	L	L	L	L	
26	G	B	A	L	A	A	G	L	C	C	A	A	G	L	A	A	B	B	C	C	A	A	B	B	C	C	A	L	L	L	L	L	L	L	L	L	L	L	L	L	L	L	L	L	L	L	L	L	L	L	L	L	L	L	L	L	L	L	L	L	L	L	L	L	L	L	L	L	L	L	L	L	L	L	L	L	L	L	L	L	L	L	L	L	L	L	L	L	L	L	L	L	L	L	L	L	L	L	L	L	L	L	L	L	L	L	L	L	L	L	L	L	L	L	L	L	L	L	L	L	L	L	L	L	L	L	L	L	L	L	L	L	L	L	L	L	L	L	L	L	L	L	L	L	L	L	L	L	L	L	L	L	L	L	L	L	L	L	L	L	L	L	L	L	L	L	L	L	L	L	L	L	L	L	L	L	L	L	L	L	L	L	L	L	L	L	L	L	L	L	L	L	L	L	L	L	L	L	L	L	L	L	L	L	L	L	L	L	L	L	L	L	L	L	L	L	L	L	L	L	L	L	L	L	L	L	L	L	L	L	L	L	L	L	L	L	L	L	L	L	L	L	L	L	L	L	L	L	L	L	L	L	L	L	L	L	L	L	L	L	L	L	L	L	L	L	L	L	L	L	L	L	L	L	L	L	L	L	L	L	L	L	L	L	L	L	L	L	L	L	L	L	L	L	L	L	L	L	L	L	L	L	L	L	L	L	L	L	L	L	L	L	L	L	L	L	L	L	L	L	L	L	L	L	L	L	L	L	L	L	L	L	L	L	L	L	L	L	L	L	L	L	L	L	L	L	L	L	L	L	L	L	L	L	L	L	L	L	L	L	L	L	L	L	L	L	L	L	L	L	L	L	L	L	
27	G	C	G	L	A	B	B	L	C	A	A	B	B	L	A	B	B	C	C	A	A	B	B	C	C	A	A	G	L	L	L	L	L	L	L	L	L	L	L	L	L	L	L	L	L	L	L	L	L	L	L	L	L	L	L	L	L	L	L	L	L	L	L	L	L	L	L	L	L	L	L	L	L	L	L	L	L	L	L	L	L	L	L	L	L	L	L	L	L	L	L	L	L	L	L	L	L	L	L	L	L	L	L	L	L	L	L	L	L	L	L	L	L	L	L	L	L	L	L	L	L	L	L	L	L	L	L	L	L	L	L	L	L	L	L	L	L	L	L	L	L	L	L	L	L	L	L	L	L	L	L	L	L	L	L	L	L	L	L	L	L	L	L	L	L	L	L	L	L	L	L	L	L	L	L	L	L	L	L	L	L	L	L	L	L	L	L	L	L	L	L	L	L	L	L	L	L	L	L	L	L	L	L	L	L	L	L	L	L	L	L	L	L	L	L	L	L	L	L	L	L	L	L	L	L	L	L	L	L	L	L	L	L	L	L	L	L	L	L	L	L	L	L	L	L	L	L	L	L	L	L	L	L	L	L	L	L	L	L	L	L	L	L	L	L	L	L	L	L	L	L	L	L	L	L	L	L	L	L	L	L	L	L	L	L	L	L	L	L	L	L	L	L	L	L	L	L	L	L	L	L	L	L	L	L	L	L	L	L	L	L	L	L	L	L	L	L	L	L	L	L	L	L	L	L	L	L	L	L	L	L	L	L	L	L	L	L	L	L	L	L	L	L	L	L	L	L	L	L	L	L	L	L	L	L	L	L	L	L	L	L	L	L	L	L	L	L	L	L	L	L	L	L	L	
28	G	B	A	L	L	B	G	L	A	A	B	B	G	L	L	B	C	C	A	A	B	B	C	C	A	A	B	B	C	L	L	L	L	L	L	L	L	L	L	L	L	L	L	L	L	L	L	L	L	L	L	L	L	L	L	L	L	L	L	L	L	L	L	L	L	L	L	L	L	L	L	L	L	L	L	L	L	L	L	L	L	L	L	L	L	L	L	L	L	L	L	L	L	L	L	L	L	L	L	L	L	L	L	L	L	L	L	L	L	L	L	L	L	L	L	L	L	L	L	L	L	L	L	L	L	L	L	L	L	L	L	L	L	L	L	L	L	L	L	L	L	L	L	L	L	L	L	L	L	L	L	L	L	L	L	L	L	L	L	L	L	L	L	L	L	L	L	L	L	L	L	L	L	L	L	L	L	L	L	L	L	L	L	L	L	L	L	L	L	L	L	L	L	L	L	L	L	L	L	L	L	L	L	L	L	L	L	L	L	L	L	L	L	L	L	L	L	L	L	L	L	L	L	L	L	L	L	L	L	L	L	L	L	L	L	L	L	L	L	L	L	L	L	L	L	L	L	L	L	L	L	L	L	L	L	L	L	L	L	L	L	L	L	L	L	L	L	L	L	L	L	L	L	L	L	L	L	L	L	L	L	L	L	L	L	L	L	L	L	L	L	L	L	L	L	L	L	L	L	L	L	L	L	L	L	L	L	L	L	L	L	L	L	L	L	L	L	L	L	L	L	L	L	L	L	L	L	L	L	L	L	L	L	L	L	L	L	L	L	L	L	L	L	L	L	L	L	L	L	L	L	L	L	L	L	L	L	L	L	L	L	L	L	L	L	L	L	L	L	L	L	L	L	L	
29	G	C	G	G	L	B	B	L	A	B	B	B	B	C	L	L	C	A	A	B	B	C	C	A	A	B	B	C	C	A	L	L	L	L	L	L	L	L	L	L	L	L	L	L	L	L	L	L	L	L	L	L	L	L	L	L	L	L	L	L	L	L	L	L	L	L	L	L	L	L	L	L	L	L	L	L	L	L	L	L	L	L	L	L	L	L	L	L	L	L	L	L	L	L	L	L	L	L	L	L	L	L	L	L	L	L	L	L	L	L	L	L	L	L	L	L	L	L	L	L	L	L	L	L	L	L	L	L	L	L	L	L	L	L	L	L	L	L	L	L	L	L	L	L	L	L	L	L	L	L	L	L	L	L	L	L	L	L	L	L	L	L	L	L	L	L	L	L	L	L	L	L	L	L	L	L	L	L	L	L	L	L	L	L	L	L	L	L	L	L	L	L	L	L	L	L	L	L	L	L	L	L	L	L	L	L	L	L	L	L	L	L	L	L	L	L	L	L	L	L	L	L	L	L	L	L	L	L	L	L	L	L	L	L	L	L	L	L	L	L	L	L	L	L	L	L	L	L	L	L	L	L	L	L	L	L	L	L	L	L	L	L	L	L	L	L	L	L	L	L	L	L	L	L	L	L	L	L	L	L	L	L	L	L	L	L	L	L	L	L	L	L	L	L	L	L	L	L	L	L	L	L	L	L	L	L	L	L	L	L	L	L	L	L	L	L	L	L	L	L	L	L	L	L	L	L	L	L	L	L	L	L	L	L	L	L	L	L	L	L	L	L	L	L	L	L	L	L	L	L	L	L	L	L	L	L	L	L	L	L	L	L	L	L	L	L	L	L	L	L	L	L	L	L	
30	G	B	A	B	L	B	G	L	L	B	B	B	C	C	A	L	A	A	B	B	C	C	A	A	B	B	C	C	A	A	G	L	L	L	L	L	L	L	L	L	L	L	L	L	L	L	L	L	L	L	L	L	L	L	L	L	L	L	L	L	L	L	L	L	L	L	L	L	L	L	L	L	L	L	L	L	L	L	L	L	L	L	L	L	L	L	L	L	L	L	L	L	L	L	L	L	L	L	L	L	L	L	L	L	L	L	L	L	L	L	L	L	L	L	L	L	L	L	L	L	L	L	L	L	L	L	L	L	L	L	L	L	L	L	L	L	L	L	L	L	L	L	L	L	L	L	L	L	L	L	L	L	L	L	L	L	L	L	L	L	L	L	L	L	L	L	L	L	L	L	L	L	L	L	L	L	L	L	L	L	L	L	L	L	L	L	L	L	L	L	L	L	L	L	L	L	L	L	L	L	L	L	L	L	L	L	L	L	L	L	L	L	L	L	L	L	L	L	L	L	L	L	L	L	L	L	L	L	L	L	L	L	L	L	L	L	L	L	L	L	L	L	L	L	L	L	L	L	L	L	L	L	L	L	L	L	L	L	L	L	L	L	L	L	L	L	L	L	L	L	L	L	L	L	L	L	L	L	L	L	L	L	L	L	L	L	L	L	L	L	L	L	L	L	L	L	L	L	L	L	L	L	L	L	L	L	L	L	L	L	L	L	L	L	L	L	L	L	L	L	L	L	L	L	L	L	L	L	L	L	L	L	L	L	L	L	L	L	L	L	L	L	L	L	L	L	L	L	L	L	L	L	L	L	L	L	L	L	L	L	L	L	L	L	L	L	L	L	L	L	L	L	L	L	
31	G	C	G	G	L	B	B	C	L	B	B	C	C	A	A	L	A	B	B	C	C	A	A	B	B	C	C	A	A	B	B	C	L	L	L	L	L	L	L	L	L	L	L	L	L	L	L	L	L	L	L	L	L	L	L	L	L	L	L	L	L	L	L	L	L	L	L	L	L	L	L	L	L	L	L	L	L	L	L	L	L	L	L	L	L	L	L	L	L	L	L	L	L	L	L	L	L	L	L	L	L	L	L	L	L	L	L	L	L	L	L	L	L	L	L	L	L	L	L	L	L	L	L	L	L	L	L	L	L	L	L	L	L	L	L	L	L	L	L	L	L	L	L	L	L	L	L	L	L	L	L	L	L	L	L	L	L	L	L	L	L	L	L	L	L	L	L	L	L	L	L	L	L	L	L	L	L	L	L	L	L	L	L	L	L	L	L	L	L	L	L	L	L	L	L	L	L	L	L	L	L	L	L	L	L	L	L	L	L	L	L	L	L	L	L	L	L	L	L	L	L	L	L	L	L	L	L	L	L	L	L	L	L	L	L	L	L	L	L	L	L	L	L	L	L	L	L	L	L	L	L	L	L	L	L	L	L	L	L	L	L	L	L	L	L	L	L	L	L	L	L	L	L	L	L	L	L	L	L	L	L	L	L	L	L	L	L	L	L	L	L	L	L	L	L	L	L	L	L	L	L	L	L	L	L	L	L	L	L	L	L	L	L	L	L	L	L	L	L	L	L	L	L	L	L	L	L	L	L	L	L	L	L	L	L	L	L	L	L	L	L	L	L	L	L	L	L	L	L	L	L	L	L	L	L	L	L	L	L	L	L	L	L	L	L	L	L	L	L	L	L	L	L	L	
32	G	B	A	B	L	B	C	C	L	B	C	C	A	A	A	L	L	B	C	C	A	A	B	B	C	C	A	A	B	B	C	C	A	L	L	L	L	L	L	L	L	L	L	L	L	L	L	L	L	L	L	L	L	L	L	L	L	L	L	L	L	L	L	L	L	L	L	L	L	L	L	L	L	L	L	L	L	L	L	L	L	L	L	L	L	L	L	L	L	L	L	L	L	L	L	L	L	L	L	L	L	L	L	L	L	L	L	L	L	L	L	L	L	L	L	L	L	L	L	L	L	L	L	L	L	L	L	L	L	L	L	L	L	L	L	L	L	L	L	L	L	L	L	L	L	L	L	L	L	L	L	L	L	L	L	L	L	L	L	L	L	L	L	L	L	L	L	L	L	L	L	L	L	L	L	L	L	L	L	L	L	L	L	L	L	L	L	L	L	L	L	L	L	L	L	L	L	L	L	L	L	L	L	L	L	L	L	L	L	L	L	L	L	L	L	L	L	L	L	L	L	L	L	L	L	L	L	L	L	L	L	L	L	L	L	L	L	L	L	L	L	L	L	L	L	L	L	L	L	L	L	L	L	L	L	L	L	L	L	L	L	L	L	L	L	L	L	L	L	L	L	L	L	L	L	L	L	L	L	L	L	L	L	L	L	L	L	L	L	L	L	L	L	L	L	L	L	L	L	L	L	L	L	L	L	L	L	L	L	L	L	L	L	L	L	L	L	L	L	L	L	L	L	L	L	L	L	L	L	L	L	L	L	L	L	L	L	L	L	L	L	L	L	L	L	L	L	L	L	L	L	L	L	L	L	L	L	L	L	L	L	L	L	L	L	L	L	L	L	L	L	L	L	L	
33	G	C	G	G	L	L	C	C	L	L	C	A	A	A	A	G	L	L	C	A	A	B	B	C	C	A	A	B	B	C	C	A	A	G	L	L	L	L	L	L	L	L	L	L	L	L	L	L	L	L	L	L	L	L	L	L	L	L	L	L	L	L	L	L	L	L	L	L	L	L	L	L	L	L	L	L	L	L	L	L	L	L	L	L	L	L	L	L	L	L	L	L	L	L	L	L	L	L	L	L	L	L	L	L	L	L	L	L	L	L	L	L	L	L	L	L	L	L	L	L	L	L	L	L	L	L	L	L	L	L	L	L	L	L	L	L	L	L	L	L	L	L	L	L	L	L	L	L	L	L	L	L	L	L	L	L	L	L	L	L	L	L	L	L	L	L	L	L	L	L	L	L	L	L	L	L	L	L	L	L	L	L	L	L	L	L	L	L	L	L	L	L	L	L	L	L	L	L	L	L	L	L	L	L	L	L	L	L	L	L	L	L	L	L	L	L	L	L	L	L	L	L	L	L	L	L	L	L	L	L	L	L	L	L	L	L	L	L	L	L	L	L	L	L	L	L	L	L	L	L	L	L	L	L	L	L	L	L	L	L	L	L	L	L	L	L	L	L	L	L	L	L	L	L	L	L	L	L	L	L	L	L	L	L	L	L	L	L	L	L	L	L	L	L	L	L	L	L	L	L	L	L	L	L	L	L	L	L	L	L	L	L	L	L	L	L	L	L	L	L	L	L	L	L	L	L	L	L	L	L	L	L	L	L	L	L	L	L	L	L	L	L	L	L	L	L	L	L	L	L	L	L	L	L	L	L	L	L	L	L	L	L	L	L	L	L	L	L	L	L	L	L	L	L	
34	G	B	A	B	C	L	C	C	A	L	A	A	A	A	B	B	C	L	A	A	B	B	C	C	A	A	B	B	C	C	A	A	B	B	C	L	L	L	L	L	L	L	L	L	L	L	L	L	L	L	L	L	L	L	L	L	L	L	L	L	L	L	L	L	L	L	L	L	L	L	L	L	L	L	L	L	L	L	L	L	L	L	L	L	L	L	L	L	L	L	L	L	L	L	L	L	L	L	L	L	L	L	L	L	L	L	L	L	L	L	L	L	L	L	L	L	L	L	L	L	L	L	L	L	L	L	L	L	L	L	L	L	L	L	L	L	L	L	L	L	L	L	L	L	L	L	L	L	L	L	L	L	L	L	L	L	L	L	L	L	L	L	L	L	L	L	L	L	L	L	L	L	L	L	L	L	L	L	L	L	L	L	L	L	L	L	L	L	L	L	L	L	L	L	L	L	L	L	L	L	L	L	L	L	L	L	L	L	L	L	L	L	L	L	L	L	L	L	L	L	L	L	L	L	L	L	L	L	L	L	L	L	L	L	L	L	L	L	L	L	L	L	L	L	L	L	L	L	L	L	L	L	L	L	L	L	L	L	L	L	L	L	L	L	L	L	L	L	L	L	L	L	L	L	L	L	L	L	L	L	L	L	L	L	L	L	L	L	L	L	L	L	L	L	L	L	L	L	L	L	L	L	L	L	L	L	L	L	L	L	L	L	L	L	L	L	L	L	L	L	L	L	L	L	L	L	L	L	L	L	L	L	L	L	L	L	L	L	L	L	L	L	L	L	L	L	L	L	L	L	L	L	L	L	L	L	L	L	L	L	L	L	L	L	L	L	L	L	L	L	L	L	L	L	
35	G	C	G	L	C	L	C	A	A	L	A	A	A	B	B	C	C	L	A	B	B	C	C	A	A	B	B	C	C	A	A	B	B	C	C	A	L	L	L	L	L	L	L	L	L	L	L	L	L	L	L	L	L	L	L	L	L	L	L	L	L	L	L	L	L	L	L	L	L	L	L	L	L	L	L	L	L	L	L	L	L	L	L	L	L	L	L	L	L	L	L	L	L	L	L	L	L	L	L	L	L	L	L	L	L	L	L	L	L	L	L	L	L	L	L	L	L	L	L	L	L	L	L	L	L	L	L	L	L	L	L	L	L	L	L	L	L	L	L	L	L	L	L	L	L	L	L	L	L	L	L	L	L	L	L	L	L	L	L	L	L	L	L	L	L	L	L	L	L	L	L	L	L	L	L	L	L	L	L	L	L	L	L	L	L	L	L	L	L	L	L	L	L	L	L	L	L	L	L	L	L	L	L	L	L	L	L	L	L	L	L	L	L	L	L	L	L	L	L	L	L	L	L	L	L	L	L	L	L	L	L	L	L	L	L	L	L	L	L	L	L	L	L	L	L	L	L	L	L	L	L	L	L	L	L	L	L	L	L	L	L	L	L	L	L	L	L	L	L	L	L	L	L	L	L	L	L	L	L	L	L	L	L	L	L	L	L	L	L	L	L	L	L	L	L	L	L	L	L	L	L	L	L	L	L	L	L	L	L	L	L	L	L	L	L	L	L	L	L	L	L	L	L	L	L	L	L	L	L	L	L	L	L	L	L	L	L	L	L	L	L	L	L	L	L	L	L	L	L	L	L	L	L	L	L	L	L	L	L	L	L	L	L	L	L	L	L	L	L	L	L	L	L	L	
36	G	B	A	L	C	L	A	A	A	L	A	A	B	B	C	C	C	L	L	B	C	C	A	A	B	B	C	C	A	A	B	B	C	C	A	A	G	L	L	L	L	L	L	L	L	L	L	L	L	L	L	L	L	L	L	L	L	L	L	L	L	L	L	L	L	L	L	L	L	L	L	L	L	L	L	L	L	L	L	L	L	L	L	L	L	L	L	L	L	L	L	L	L	L	L	L	L	L	L	L	L	L	L	L	L	L	L	L	L	L	L	L	L	L	L	L	L	L	L	L	L	L	L	L	L	L	L	L	L	L	L	L	L	L	L	L	L	L	L	L	L	L	L	L	L	L	L	L	L	L	L	L	L	L	L	L	L	L	L	L	L	L	L	L	L	L	L	L	L	L	L	L	L	L	L	L	L	L	L	L	L	L	L	L	L	L	L	L	L	L	L	L	L	L	L	L	L	L	L	L	L	L	L	L	L	L	L	L	L	L	L	L	L	L	L	L	L	L	L	L	L	L	L	L	L	L	L	L	L	L	L	L	L	L	L	L	L	L	L	L	L	L	L	L	L	L	L	L	L	L	L	L	L	L	L	L	L	L	L	L	L	L	L	L	L	L	L	L	L	L	L	L	L	L	L	L	L	L	L	L	L	L	L	L	L	L	L	L	L	L	L	L	L	L	L	L	L	L	L	L	L	L	L	L	L	L	L	L	L	L	L	L	L	L	L	L	L	L	L	L	L	L	L	L	L	L	L	L	L	L	L	L	L	L	L	L	L	L	L	L	L	L	L	L	L	L	L	L	L	L	L	L	L	L	L	L	L	L	L	L	L	L	L	L	L	L	L	L	L	L	L	L	L	L	
37	G	C	G	L	C	L	A	A	A	L	A	B	B	C	C	C	C	A	L	L	C	A	A	B	B	C	C	A	A	B	B	C	C	A	A	B	B	C	L	L	L	L	L	L	L	L	L	L	L	L	L	L	L	L	L	L	L	L	L	L	L	L	L	L	L	L	L	L	L	L	L	L	L	L	L	L	L	L	L	L	L	L	L	L	L	L	L	L	L	L	L	L	L	L	L	L	L	L	L	L	L	L	L	L	L	L	L	L	L	L	L	L	L	L	L	L	L	L	L	L	L	L	L	L	L	L	L	L	L	L	L	L	L	L	L	L	L	L	L	L	L	L	L	L	L	L	L	L	L	L	L	L	L	L	L	L	L	L	L	L	L	L	L	L	L	L	L	L	L	L	L	L	L	L	L	L	L	L	L	L	L	L	L	L	L	L	L	L	L	L	L	L	L	L	L	L	L	L	L	L	L	L	L	L	L	L	L	L	L	L	L	L	L	L	L	L	L	L	L	L	L	L	L	L	L	L	L	L	L	L	L	L	L	L	L	L	L	L	L	L	L	L	L	L	L	L	L	L	L	L	L	L	L	L	L	L	L	L	L	L	L	L	L	L	L	L	L	L	L	L	L	L	L	L	L	L	L	L	L	L	L	L	L	L	L	L	L	L	L	L	L	L	L	L	L	L	L	L	L	L	L	L	L	L	L	L	L	L	L	L	L	L	L	L	L	L	L	L	L	L	L	L	L	L	L	L	L	L	L	L	L	L	L	L	L	L	L	L	L	L	L	L	L	L	L	L	L	L	L	L	L	L	L	L	L	L	L	L	L	L	L	L	L	L	L	L	L	L	L	L	L	L	L	L	
38	G	B	A	L	C	L	A	A	A	L	L	B	C	C	C	C	A	A	G	L	A	A	B	B	C	C	A	A	B	B	C	C	A	A	B	B	C	C	A	L	L	L	L	L	L	L	L	L	L	L	L	L	L	L	L	L	L	L	L	L	L	L	L	L	L	L	L	L	L	L	L	L	L	L	L	L	L	L	L	L	L	L	L	L	L	L	L	L	L	L	L	L	L	L	L	L	L	L	L	L	L	L	L	L	L	L	L	L	L	L	L	L	L	L	L	L	L	L	L	L	L	L	L	L	L	L	L	L	L	L	L	L	L	L	L	L	L	L	L	L	L	L	L	L	L	L	L	L	L	L	L	L	L	L	L	L	L	L	L	L	L	L	L	L	L	L	L	L	L	L	L	L	L	L	L	L	L	L	L	L	L	L	L	L	L	L	L	L	L	L	L	L	L	L	L	L	L	L	L	L	L	L	L	L	L	L	L	L	L	L	L	L	L	L	L	L	L	L	L	L	L	L	L	L	L	L	L	L	L	L	L	L	L	L	L	L	L	L	L	L	L	L	L	L	L	L	L	L	L	L	L	L	L	L	L	L	L	L	L	L	L	L	L	L	L	L	L	L	L	L	L	L	L	L	L	L	L	L	L	L	L	L	L	L	L	L	L	L	L	L	L	L	L	L	L	L	L	L	L	L	L	L	L	L	L	L	L	L	L	L	L	L	L	L	L	L	L	L	L	L	L	L	L	L	L	L	L	L	L	L	L	L	L	L	L	L	L	L	L	L	L	L	L	L	L	L	L	L	L	L	L	L	L	L	L	L	L	L	L	L	L	L	L	L	L	L	L	L	L	L	L	L	L	L	
39	G	C	G	L	C	L	A	A	A	G	L	L	C	C	C	A	A	B	B	L	A	B	B	C	C	A	A	B	B	C	C	A	A	B	B	C	C	A	A	G	L	L	L	L	L	L	L	L	L	L	L	L	L	L	L	L	L	L	L	L	L	L	L	L	L	L	L	L	L	L	L	L	L	L	L	L	L	L	L	L	L	L	L	L	L	L	L	L	L	L	L	L	L	L	L	L	L	L	L	L	L	L	L	L	L	L	L	L	L	L	L	L	L	L	L	L	L	L	L	L	L	L	L	L	L	L	L	L	L	L	L	L	L	L	L	L	L	L	L	L	L	L	L	L	L	L	L	L	L	L	L	L	L	L	L	L	L	L	L	L	L	L	L	L	L	L	L	L	L	L	L	L	L	L	L	L	L	L	L	L	L	L	L	L	L	L	L	L	L	L	L	L	L	L	L	L	L	L	L	L	L	L	L	L	L	L	L	L	L	L	L	L	L	L	L	L	L	L	L	L	L	L	L	L	L	L	L	L	L	L	L	L	L	L	L	L	L	L	L	L	L	L	L	L	L	L	L	L	L	L	L	L	L	L	L	L	L	L	L	L	L	L	L	L	L	L	L	L	L	L	L	L	L	L	L	L	L	L	L	L	L	L	L	L	L	L	L	L	L	L	L	L	L	L	L	L	L	L	L	L	L	L	L	L	L	L	L	L	L	L	L	L	L	L	L	L	L	L	L	L	L	L	L	L	L	L	L	L	L	L	L	L	L	L	L	L	L	L	L	L	L	L	L	L	L	L	L	L	L	L	L	L	L	L	L	L	L	L	L	L	L	L	L	L	L	L	L	L	L	L	L	L	L	L	
40	G	B	A	L	C	L	A	A	B	B	C	L	C	C	A	A	B	B	G	L	L	B	C	C	A	A	B	B	C	C	A	A	B	B	C	C	A	A	B	B	C	L	L	L	L	L	L	L	L	L	L	L	L	L	L	L	L	L	L	L	L	L	L	L	L	L	L	L	L	L	L	L	L	L	L	L	L	L	L	L	L	L	L	L	L	L	L	L	L	L	L	L	L	L	L	L	L	L	L	L	L	L	L	L	L	L	L	L	L	L	L	L	L	L	L	L	L	L	L	L	L	L	L	L	L	L	L	L	L	L	L	L	L	L	L	L	L	L	L	L	L	L	L	L	L	L	L	L	L	L	L	L	L	L	L	L	L	L	L	L	L	L	L	L	L	L	L	L	L	L	L	L	L	L	L	L	L	L	L	L	L	L	L	L	L	L	L	L	L	L	L	L	L	L	L	L	L	L	L	L	L	L	L	L	L	L	L	L	L	L	L	L	L	L	L	L	L	L	L	L	L	L	L	L	L	L	L	L	L	L	L	L	L	L	L	L	L	L	L	L	L	L	L	L	L	L	L	L	L	L	L	L	L	L	L	L	L	L	L	L	L	L	L	L	L	L	L	L	L	L	L	L	L	L	L	L	L	L	L	L	L	L	L	L	L	L	L	L	L	L	L	L	L	L	L	L	L	L	L	L	L	L	L	L	L	L	L	L	L	L	L	L	L	L	L	L	L	L	L	L	L	L	L	L	L	L	L	L	L	L	L	L	L	L	L	L	L	L	L	L	L	L	L	L	L	L	L	L	L	L	L	L	L	L	L	L	L	L	L	L	L	L	L	L	L	L	L	L	L	L	L	L	L	L	
41	G	C	G	L	C	L	A	B	B	C	C	L	C	A	A	B	B	B	B	C	L	L	C	A	A	B	B	C	C	A	A	B	B	C	C	A	A	B	B	C	C	A	L	L	L	L	L	L	L	L	L	L	L	L	L	L	L	L	L	L	L	L	L	L	L	L	L	L	L	L	L	L	L	L	L	L	L	L	L	L	L	L	L	L	L	L	L	L	L	L	L	L	L	L	L	L	L	L	L	L	L	L	L	L	L	L	L	L	L	L	L	L	L	L	L	L	L	L	L	L	L	L	L	L	L	L	L	L	L	L	L	L	L	L	L	L	L	L	L	L	L	L	L	L	L	L	L	L	L	L	L	L	L	L	L	L	L	L	L	L	L	L	L	L	L	L	L	L	L	L	L	L	L	L	L	L	L	L	L	L	L	L	L	L	L	L	L	L	L	L	L	L	L	L	L	L	L	L	L	L	L	L	L	L	L	L	L	L	L	L	L	L	L	L	L	L	L	L	L	L	L	L	L	L	L	L	L	L	L	L	L	L	L	L	L	L	L	L	L	L	L	L	L	L	L	L	L	L	L	L	L	L	L	L	L	L	L	L	L	L	L	L	L	L	L	L	L	L	L	L	L	L	L	L	L	L	L	L	L	L	L	L	L	L	L	L	L	L	L	L	L	L	L	L	L	L	L	L	L	L	L	L	L	L	L	L	L	L	L	L	L	L	L	L	L	L	L	L	L	L	L	L	L	L	L	L	L	L	L	L	L	L	L	L	L	L	L	L	L	L	L	L	L	L	L	L	L	L	L	L	L	L	L	L	L	L	L	L	L	L	L	L	L	L	L	L	L	L	L	L	L	L	L	L	
42	G	B	A	L	C	L	L	B	C	C	C	L	A	A	B	B	B	B	C	C	A	L	A	A	B	B	C	C	A	A	B	B	C	C	A	A	B	B	C	C	A	A	G	L	L	L	L	L	L	L	L	L	L	L	L	L	L	L	L	L	L	L	L	L	L	L	L	L	L	L	L	L	L	L	L	L	L	L	L	L	L	L	L	L	L	L	L	L	L	L	L	L	L	L	L	L	L	L	L	L	L	L	L	L	L	L	L	L	L	L	L	L	L	L	L	L	L	L	L	L	L	L	L	L	L	L	L	L	L	L	L	L	L	L	L	L	L	L	L	L	L	L	L	L	L	L	L	L	L	L	L	L	L	L	L	L	L	L	L	L	L	L	L	L	L	L	L	L	L	L	L	L	L	L	L	L	L	L	L	L	L	L	L	L	L	L	L	L	L	L	L	L	L	L	L	L	L	L	L	L	L	L	L	L	L	L	L	L	L	L	L	L	L	L	L	L	L	L	L	L	L	L	L	L	L	L	L	L	L	L	L	L	L	L	L	L	L	L	L	L	L	L	L	L	L	L	L	L	L	L	L	L	L	L	L	L	L	L	L	L	L	L	L	L	L	L	L	L	L	L	L	L	L	L	L	L	L	L	L	L	L	L	L	L	L	L	L	L	L	L	L	L	L	L	L	L	L	L	L	L	L	L	L	L	L	L	L	L	L	L	L	L	L	L	L	L	L	L	L	L	L	L	L	L	L	L	L	L	L	L	L	L	L	L	L	L	L	L	L	L	L	L	L	L	L	L	L	L	L	L	L	L	L	L	L	L	L	L	L	L	L	L	L	L	L	L	L	L	L	L	L	L	L	L	
43	G	C	G	L	C	A	L	L	C	C	C	L	A	B	B	B	B	C	C	A	A	L	A	B	B	C	C	A	A	B	B	C	C	A	A	B	B	C	C	A	A	B	B	C	L	L	L	L	L	L	L	L	L	L	L	L	L	L	L	L	L	L	L	L	L	L	L	L	L	L	L	L	L	L	L	L	L	L	L	L	L	L	L	L	L	L	L	L	L	L	L	L	L	L	L	L	L	L	L	L	L	L	L	L	L	L	L	L	L	L	L	L	L	L	L	L	L	L	L	L	L	L	L	L	L	L	L	L	L	L	L	L	L	L	L	L	L	L	L	L	L	L	L	L	L	L	L	L	L	L	L	L	L	L	L	L	L	L	L	L	L	L	L	L	L	L	L	L	L	L	L	L	L	L	L	L	L	L	L	L	L	L	L	L	L	L	L	L	L	L	L	L	L	L	L	L	L	L	L	L	L	L	L	L	L	L	L	L	L	L	L	L	L	L	L	L	L	L	L	L	L	L	L	L	L	L	L	L	L	L	L	L	L	L	L	L	L	L	L	L	L	L	L	L	L	L	L	L	L	L	L	L	L	L	L	L	L	L	L	L	L	L	L	L	L	L	L	L	L	L	L	L	L	L	L	L	L	L	L	L	L	L	L	L	L	L	L	L	L	L	L	L	L	L	L	L	L	L	L	L	L	L	L	L	L	L	L	L	L	L	L	L	L	L	L	L	L	L	L	L	L	L	L	L	L	L	L	L	L	L	L	L	L	L	L	L	L	L	L	L	L	L	L	L	L	L	L	L	L	L	L	L	L	L	L	L	L	L	L	L	L	L	L	L	L	L	L	L	L	L	L	L	L	L	
44	G	B	A	L	A	A	G	L	C	C	C	L	L	B	B	B	C	C	A	A	A	L	L	B	C	C	A	A	B	B	C	C	A	A	B	B	C	C	A	A	B	B	C	C	A	L	L	L	L	L	L	L	L	L	L	L	L	L	L	L	L	L	L	L	L	L	L	L	L	L	L	L	L	L	L	L	L	L	L	L	L	L	L	L	L	L	L	L	L	L	L	L	L	L	L	L	L	L	L	L	L	L	L	L	L	L	L	L	L	L	L	L	L	L	L	L	L	L	L	L	L	L	L	L	L	L	L	L	L	L	L	L	L	L	L	L	L	L	L	L	L	L	L	L	L	L	L	L	L	L	L	L	L	L	L	L	L	L	L	L	L	L	L	L	L	L	L	L	L	L	L	L	L	L	L	L	L	L	L	L	L	L	L	L	L	L	L	L	L	L	L	L	L	L	L	L	L	L	L	L	L	L	L	L	L	L	L	L	L	L	L	L	L	L	L	L	L	L	L	L	L	L	L	L	L	L	L	L	L	L	L	L	L	L	L	L	L	L	L	L	L	L	L	L	L	L	L	L	L	L	L	L	L	L	L	L	L	L	L	L	L	L	L	L	L	L	L	L	L	L	L	L	L	L	L	L	L	L	L	L	L	L	L	L	L	L	L	L	L	L	L	L	L	L	L	L	L	L	L	L	L	L	L	L	L	L	L	L	L	L	L	L	L	L	L	L	L	L	L	L	L	L	L	L	L	L	L	L	L	L	L	L	L	L	L	L	L	L	L	L	L	L	L	L	L	L	L	L	L	L	L	L	L	L	L	L	L	L	L	L	L	L	L	L	L	L	L	L	L	L	L	L	L	L	
45	G	C	G	L	A	B	B	L	C	C	C	A	L	B	B	C	C	A	A	A	A	G	L	L	C	A	A	B	B	C	C	A	A	B	B	C	C	A	A	B	B	C	C	A	A	G	L	L	L	L	L	L	L	L	L	L	L	L	L	L	L	L	L	L	L	L	L	L	L	L	L	L	L	L	L	L	L	L	L	L	L	L	L	L	L	L	L	L	L	L	L	L	L	L	L	L	L	L	L	L	L	L	L	L	L	L	L	L	L	L	L	L	L	L	L	L	L	L	L	L	L	L	L	L	L	L	L	L	L	L	L	L	L	L	L	L	L	L	L	L	L	L	L	L	L	L	L	L	L	L	L	L	L	L	L	L	L	L	L	L	L	L	L	L	L	L	L	L	L	L	L	L	L	L	L	L	L	L	L	L	L	L	L	L	L	L	L	L	L	L	L	L	L	L	L	L	L	L	L	L	L	L	L	L	L	L	L	L	L	L	L	L	L	L	L	L	L	L	L	L	L	L	L	L	L	L	L	L	L	L	L	L	L	L	L	L	L	L	L	L	L	L	L	L	L	L	L	L	L	L	L	L	L	L	L	L	L	L	L	L	L	L	L	L	L	L	L	L	L	L	L	L	L	L	L	L	L	L	L	L	L	L	L	L	L	L	L	L	L	L	L	L	L	L	L	L	L	L	L	L	L	L	L	L	L	L	L	L	L	L	L	L	L	L	L	L	L	L	L	L	L	L	L	L	L	L	L	L	L	L	L	L	L	L	L	L	L	L	L	L	L	L	L	L	L	L	L	L	L	L	L	L	L	L	L	L	L	L	L	L	L	L	L	L	L	L	L	L	L	L	L	L	L	L	
46	G	B	A	L	L	B	G	L	C	C	A	A	L	B	C	C	A	A	A	A	B	B	C	L	A	A	B	B	C	C	A	A	B	B	C	C	A	A	B	B	C	C	A	A	B	B	C	L	L	L	L	L	L	L	L	L	L	L	L	L	L	L	L	L	L	L	L	L	L	L	L	L	L	L	L	L	L	L	L	L	L	L	L	L	L	L	L	L	L	L	L	L	L	L	L	L	L	L	L	L	L	L	L	L	L	L	L	L	L	L	L	L	L	L	L	L	L	L	L	L	L	L	L	L	L	L	L	L	L	L	L	L	L	L	L	L	L	L	L	L	L	L	L	L	L	L	L	L	L	L	L	L	L	L	L	L	L	L	L	L	L	L	L	L	L	L	L	L	L	L	L	L	L	L	L	L	L	L	L	L	L	L	L	L	L	L	L	L	L	L	L	L	L	L	L	L	L	L	L	L	L	L	L	L	L	L	L	L	L	L	L	L	L	L	L	L	L	L	L	L	L	L	L	L	L	L	L	L	L	L	L	L	L	L	L	L	L	L	L	L	L	L	L	L	L	L	L	L	L	L	L	L	L	L	L	L	L	L	L	L	L	L	L	L	L	L	L	L	L	L	L	L	L	L	L	L	L	L	L	L	L	L	L	L	L	L	L	L	L	L	L	L	L	L	L	L	L	L	L	L	L	L	L	L	L	L	L	L	L	L	L	L	L	L	L	L	L	L	L	L	L	L	L	L	L	L	L	L	L	L	L	L	L	L	L	L	L	L	L	L	L	L	L	L	L	L	L	L	L	L	L	L	L	L	L	L	L	L	L	L	L	L	L	L	L	L	L	L	L	L	L	L	L	L	
47	G	C	G	G	L	B	B	L	C	A	A	A	L	L	C	A	A	A	A	B	B	C	C	L	A	B	B	C	C	A	A	B	B	C	C	A	A	B	B	C	C	A	A	B	B	C	C	A	L	L	L	L	L	L	L	L	L	L	L	L	L	L	L	L	L	L	L	L	L	L	L	L	L	L	L	L	L	L	L	L	L	L	L	L	L	L	L	L	L	L	L	L	L	L	L	L	L	L	L	L	L	L	L	L	L	L	L	L	L	L	L	L	L	L	L	L	L	L	L	L	L	L	L	L	L	L	L	L	L	L	L	L	L	L	L	L	L	L	L	L	L	L	L	L	L	L	L	L	L	L	L	L	L	L	L	L	L	L	L	L	L	L	L	L	L	L	L	L	L	L	L	L	L	L	L	L	L	L	L	L	L	L	L	L	L	L	L	L	L	L	L	L	L	L	L	L	L	L	L	L	L	L	L	L	L	L	L	L	L	L	L	L	L	L	L	L	L	L	L	L	L	L	L	L	L	L	L	L	L	L	L	L	L	L	L	L	L	L	L	L	L	L	L	L	L	L	L	L	L	L	L	L	L	L	L	L	L	L	L	L	L	L	L	L	L	L	L	L	L	L	L	L	L	L	L	L	L	L	L	L	L	L	L	L	L	L	L	L	L	L	L	L	L	L	L	L	L	L	L	L	L	L	L	L	L	L	L	L	L	L	L	L	L	L	L	L	L	L	L	L	L	L	L	L	L	L	L	L	L	L	L	L	L	L	L	L	L	L	L	L	L	L	L	L	L	L	L	L	L	L	L	L	L	L	L	L	L	L	L	L	L	L	L	L	L	L	L	L	L	L	L	L	L	L	
48	G	B	A	B	L	B	G	L	A	A	A	A	G	L	A	A	A	A	B	B	C	C	C	L	L	B	C	C	A	A	B	B	C	C	A	A	B	B	C	C	A	A	B	B	C	C	A	A	G	L	L	L	L	L	L	L	L	L	L	L	L	L	L	L	L	L	L	L	L	L	L	L	L	L	L	L	L	L	L	L	L	L	L	L	L	L	L	L	L	L	L	L	L	L	L	L	L	L	L	L	L	L	L	L	L	L	L	L	L	L	L	L	L	L	L	L	L	L	L	L	L	L	L	L	L	L	L	L	L	L	L	L	L	L	L	L	L	L	L	L	L	L	L	L	L	L	L	L	L	L	L	L	L	L	L	L	L	L	L	L	L	L	L	L	L	L	L	L	L	L	L	L	L	L	L	L	L	L	L	L	L	L	L	L	L	L	L	L	L	L	L	L	L	L	L	L	L	L	L	L	L	L	L	L	L	L	L	L	L	L	L	L	L	L	L	L	L	L	L	L	L	L	L	L	L	L	L	L	L	L	L	L	L	L	L	L	L	L	L	L	L	L	L	L	L	L	L	L	L	L	L	L	L	L	L	L	L	L	L	L	L	L	L	L	L	L	L	L	L	L	L	L	L	L	L	L	L	L	L	L	L	L	L	L	L	L	L	L	L	L	L	L	L	L	L	L	L	L	L	L	L	L	L	L	L	L	L	L	L	L	L	L	L	L	L	L	L	L	L	L	L	L	L	L	L	L	L	L	L	L	L	L	L	L	L	L	L	L	L	L	L	L	L	L	L	L	L	L	L	L	L	L	L	L	L	L	L	L	L	L	L	L	L	L	L	L	L	L	L	L	L	L	L	L	
49	G	C	G	G	L	B	B	L	A	A	A	B	B	L	A	A	A	B	B	C	C	C	C	A	L	L	C	A	A	B	B	C	C	A	A	B	B	C	C	A	A	B	B	C	C	A	A	B	B	C	L	L	L	L	L	L	L	L	L	L	L	L	L	L	L	L	L	L	L	L	L	L	L	L	L	L	L	L	L	L	L	L	L	L	L	L	L	L	L	L	L	L	L	L	L	L	L	L	L	L	L	L	L	L	L	L	L	L	L	L	L	L	L	L	L	L	L	L	L	L	L	L	L	L	L	L	L	L	L	L	L	L	L	L	L	L	L	L	L	L	L	L	L	L	L	L	L	L	L	L	L	L	L	L	L	L	L	L	L	L	L	L	L	L	L	L	L	L	L	L	L	L	L	L	L	L	L	L	L	L	L	L	L	L	L	L	L	L	L	L	L	L	L	L	L	L	L	L	L	L	L	L	L	L	L	L	L	L	L	L	L	L	L	L	L	L	L	L	L	L	L	L	L	L	L	L	L	L	L	L	L	L	L	L	L	L	L	L	L	L	L	L	L	L	L	L	L	L	L	L	L	L	L	L	L	L	L	L	L	L	L	L	L	L	L	L	L	L	L	L	L	L	L	L	L	L	L	L	L	L	L	L	L	L	L	L	L	L	L	L	L	L	L	L	L	L	L	L	L	L	L	L	L	L	L	L	L	L	L	L	L	L	L	L	L	L	L	L	L	L	L	L	L	L	L	L	L	L	L	L	L	L	L	L	L	L	L	L	L	L	L	L	L	L	L	L	L	L	L	L	L	L	L	L	L	L	L	L	L	L	L	L	L	L	L	L	L	L	L	L	L	L	L	L	
50	G	B	A	B	L	B	G	L	A	A	B	B	G	L	A	A	B	B	C	C	C	C	A	A	G	L	A	A	B	B	C	C	A	A	B	B	C	C	A	A	B	B	C	C	A	A	B	B	C	C	A	L	L	L	L	L	L	L	L	L	L	L	L	L	L	L	L	L	L	L	L	L	L	L	L	L	L	L	L	L	L	L	L	L	L	L	L	L	L	L	L	L	L	L	L	L	L	L	L	L	L	L	L	L	L	L	L	L	L	L	L	L	L	L	L	L	L	L	L	L	L	L	L	L	L	L	L	L	L	L	L	L	L	L	L	L	L	L	L	L	L	L	L	L	L	L	L	L	L	L	L	L	L	L	L	L	L	L	L	L	L	L	L	L	L	L	L	L	L	L	L	L	L	L	L	L	L	L	L	L	L	L	L	L	L	L	L	L	L	L	L	L	L	L	L	L	L	L	L	L	L	L	L	L	L	L	L	L	L	L	L	L	L	L	L	L	L	L	L	L	L	L	L	L	L	L	L	L	L	L	L	L	L	L	L	L	L	L	L	L	L	L	L	L	L	L	L	L	L	L	L	L	L	L	L	L	L	L	L	L	L	L	L	L	L	L	L	L	L	L	L	L	L	L	L	L	L	L	L	L	L	L	L	L	L	L	L	L	L	L	L	L	L	L	L	L	L	L	L	L	L	L	L	L	L	L	L	L	L	L	L	L	L	L	L	L	L	L	L	L	L	L	L	L	L	L	L	L	L	L	L	L	L	L	L	L	L	L	L	L	L	L	L	L	L	L	L	L	L	L	L	L	L	L	L	L	L	L	L	L	L	L	L	L	L	L	L	L	L	L	L	L	L	L	
51	G	C	G	G	L	B	B	L	A	B	B	B	B	L	A	B	B	C	C	C	C	A	A	B	B	L	A	B	B	C	C	A	A	B	B	C	C	A	A	B	B	C	C	A	A	B	B	C	C	A	A	G	L	L	L	L	L	L	L	L	L	L	L	L	L	L	L	L	L	L	L	L	L	L	L	L	L	L	L	L	L	L	L	L	L	L	L	L	L	L	L	L	L	L	L	L	L	L	L	L	L	L	L	L	L	L	L	L	L	L	L	L	L	L	L	L	L	L	L	L	L	L	L	L	L	L	L	L	L	L	L	L	L	L	L	L	L	L	L	L	L	L	L	L	L	L	L	L	L	L	L	L	L	L	L	L	L	L	L	L	L	L	L	L	L	L	L	L	L	L	L	L	L	L	L	L	L	L	L	L	L	L	L	L	L	L	L	L	L	L	L	L	L	L	L	L	L	L	L	L	L	L	L	L	L	L	L	L	L	L	L	L	L	L	L	L	L	L	L	L	L	L	L	L	L	L	L	L	L	L	L	L	L	L	L	L	L	L	L	L	L	L	L	L	L	L	L	L	L	L	L	L	L	L	L	L	L	L	L	L	L	L	L	L	L	L	L	L	L	L	L	L	L	L	L	L	L	L	L	L	L	L	L	L	L	L	L	L	L	L	L	L	L	L	L	L	L	L	L	L	L	L	L	L	L	L	L	L	L	L	L	L	L	L	L	L	L	L	L	L	L	L	L	L	L	L	L	L	L	L	L	L	L	L	L	L	L	L	L	L	L	L	L	L	L	L	L	L	L	L	L	L	L	L	L	L	L	L	L	L	L	L	L	L	L	L	L	L	L	L	L	L	L	L	
52	G	B	A	B	L	B	G	L	L	B	B	B	G	L	L	B	C	C	C	C	A	A	B	B	G	L	L	B	C	C	A	A	B	B	C	C	A	A	B	B	C	C	A	A	B	B	C	C	A	A	B	B	C	L	L	L	L	L	L	L	L	L	L	L	L	L	L	L	L	L	L	L	L	L	L	L	L	L	L	L	L	L	L	L	L	L	L	L	L	L	L	L	L	L	L	L	L	L	L	L	L	L	L	L	L	L	L	L	L	L	L	L	L	L	L	L	L	L	L	L	L	L	L	L	L	L	L	L	L	L	L	L	L	L	L	L	L	L	L	L	L	L	L	L	L	L	L	L	L	L	L	L	L	L	L	L	L	L	L	L	L	L	L	L	L	L	L	L	L	L	L	L	L	L	L	L	L	L	L	L	L	L	L	L	L	L	L	L	L	L	L	L	L	L	L	L	L	L	L	L	L	L	L	L	L	L	L	L	L	L	L	L	L	L	L	L	L	L	L	L	L	L	L	L	L	L	L	L	L	L	L	L	L	L	L	L	L	L	L	L	L	L	L	L	L	L	L	L	L	L	L	L	L	L	L	L	L	L	L	L	L	L	L	L	L	L	L	L	L	L	L	L	L	L	L	L	L	L	L	L	L	L	L	L	L	L	L	L	L	L	L	L	L	L	L	L	L	L	L	L	L	L	L	L	L	L	L	L	L	L	L	L	L	L	L	L	L	L	L	L	L	L	L	L	L	L	L	L	L	L	L	L	L	L	L	L	L	L	L	L	L	L	L	L	L	L	L	L	L	L	L	L	L	L	L	L	L	L	L	L	L	L	L	L	L	L	L	L	L	L	L	L	L	L	
53	G	C	G	G	L	B	B	C	L	B	B	B	B	C	L	L	C	C	C	A	A	B	B	B	B	C	L	L	C	A	A	B	B	C	C	A	A	B	B	C	C	A	A	B	B	C	C	A	A	B	B	C	C	A	L	L	L	L	L	L	L	L	L	L	L	L	L	L	L	L	L	L	L	L	L	L	L	L	L	L	L	L	L	L	L	L	L	L	L	L	L	L	L	L	L	L	L	L	L	L	L	L	L	L	L	L	L	L	L	L	L	L	L	L	L	L	L	L	L	L	L	L	L	L	L	L	L	L	L	L	L	L	L	L	L	L	L	L	L	L	L	L	L	L	L	L	L	L	L	L	L	L	L	L	L	L	L	L	L	L	L	L	L	L	L	L	L	L	L	L	L	L	L	L	L	L	L	L	L	L	L	L	L	L	L	L	L	L	L	L	L	L	L	L	L	L	L	L	L	L	L	L	L	L	L	L	L	L	L	L	L	L	L	L	L	L	L	L	L	L	L	L	L	L	L	L	L	L	L	L	L	L	L	L	L	L	L	L	L	L	L	L	L	L	L	L	L	L	L	L	L	L	L	L	L	L	L	L	L	L	L	L	L	L	L	L	L	L	L	L	L	L	L	L	L	L	L	L	L	L	L	L	L	L	L	L	L	L	L	L	L	L	L	L	L	L	L	L	L	L	L	L	L	L	L	L	L	L	L	L	L	L	L	L	L	L	L	L	L	L	L	L	L	L	L	L	L	L	L	L	L	L	L	L	L	L	L	L	L	L	L	L	L	L	L	L	L	L	L	L	L	L	L	L	L	L	L	L	L	L	L	L	L	L	L	L	L	L	L	L	L	L	L	L	
54	G	B	A	B	L	B	C	C	L	B	B	B	C	C	A	L	C	C	A	A	B	B	B	B	C	C	A	L	A	A	B	B	C	C	A	A	B	B	C	C	A	A	B	B	C	C	A	A	B	B	C	C	A	A	G	L	L	L	L	L	L	L	L	L	L	L	L	L	L	L	L	L	L	L	L	L	L	L	L	L	L	L	L	L	L	L	L	L	L	L	L	L	L	L	L	L	L	L	L	L	L	L	L	L	L	L	L	L	L	L	L	L	L	L	L	L	L	L	L	L	L	L	L	L	L	L	L	L	L	L	L	L	L	L	L	L	L	L	L	L	L	L	L	L	L	L	L	L	L	L	L	L	L	L	L	L	L	L	L	L	L	L	L	L	L	L	L	L	L	L	L	L	L	L	L	L	L	L	L	L	L	L	L	L	L	L	L	L	L	L	L	L	L	L	L	L	L	L	L	L	L	L	L	L	L	L	L	L	L	L	L	L	L	L	L	L	L	L	L	L	L	L	L	L	L	L	L	L	L	L	L	L	L	L	L	L	L	L	L	L	L	L	L	L	L	L	L	L	L	L	L	L	L	L	L	L	L	L	L	L	L	L	L	L	L	L	L	L	L	L	L	L	L	L	L	L	L	L	L	L	L	L	L	L	L	L	L	L	L	L	L	L	L	L	L	L	L	L	L	L	L	L	L	L	L	L	L	L	L	L	L	L	L	L	L	L	L	L	L	L	L	L	L	L	L	L	L	L	L	L	L	L	L	L	L	L	L	L	L	L	L	L	L	L	L	L	L	L	L	L	L	L	L	L	L	L	L	L	L	L	L	L	L	L	L	L	L	L	L	L	L	L	L	L	
55	G	C	G	G	L	L	C	C	L	B	B	C	C	A	A	L	C	A	A	B	B	B	B	C	C	A	A	L	A	B	B	C	C	A	A	B	B	C	C	A	A	B	B	C	C	A	A	B	B	C	C	A	A	B	B	C	L	L	L	L	L	L	L	L	L	L	L	L	L	L	L	L	L	L	L	L	L	L	L	L	L	L	L	L	L	L	L	L	L	L	L	L	L	L	L	L	L	L	L	L	L	L	L	L	L	L	L	L	L	L	L	L	L	L	L	L	L	L	L	L	L	L	L	L	L	L	L	L	L	L	L	L	L	L	L	L	L	L	L	L	L	L	L	L	L	L	L	L	L	L	L	L	L	L	L	L	L	L	L	L	L	L	L	L	L	L	L	L	L	L	L	L	L	L	L	L	L	L	L	L	L	L	L	L	L	L	L	L	L	L	L	L	L	L	L	L	L	L	L	L	L	L	L	L	L	L	L	L	L	L	L	L	L	L	L	L	L	L	L	L	L	L	L	L	L	L	L	L	L	L	L	L	L	L	L	L	L	L	L	L	L	L	L	L	L	L	L	L	L	L	L	L	L	L	L	L	L	L	L	L	L	L	L	L	L	L	L	L	L	L	L	L	L	L	L	L	L	L	L	L	L	L	L	L	L	L	L	L	L	L	L	L	L	L	L	L	L	L	L	L	L	L	L	L	L	L	L	L	L	L	L	L	L	L	L	L	L	L	L	L	L	L	L	L	L	L	L	L	L	L	L	L	L	L	L	L	L	L	L	L	L	L	L	L	L	L	L	L	L	L	L	L	L	L	L	L	L	L	L	L	L	L	L	L	L	L	L	L	L	L	L	L	L	L	
56	G	B	A	B	C	L	C	C	L	B	C	C	A	A	A	L	A	A	B	B	B	B	C	C	A	A	A	L	L	B	C	C	A	A	B	B	C	C	A	A	B	B	C	C	A	A	B	B	C	C	A	A	B	B	C	C	A	L	L	L	L	L	L	L	L	L	L	L	L	L	L	L	L	L	L	L	L	L	L	L	L	L	L	L	L	L	L	L	L	L	L	L	L	L	L	L	L	L	L	L	L	L	L	L	L	L	L	L	L	L	L	L	L	L	L	L	L	L	L	L	L	L	L	L	L	L	L	L	L	L	L	L	L	L	L	L	L	L	L	L	L	L	L	L	L	L	L	L	L	L	L	L	L	L	L	L	L	L	L	L	L	L	L	L	L	L	L	L	L	L	L	L	L	L	L	L	L	L	L	L	L	L	L	L	L	L	L	L	L	L	L	L	L	L	L	L	L	L	L	L	L	L	L	L	L	L	L	L	L	L	L	L	L	L	L	L	L	L	L	L	L	L	L	L	L	L	L	L	L	L	L	L	L	L	L	L	L	L	L	L	L	L	L	L	L	L	L	L	L	L	L	L	L	L	L	L	L	L	L	L	L	L	L	L	L	L	L	L	L	L	L	L	L	L	L	L	L	L	L	L	L	L	L	L	L	L	L	L	L	L	L	L	L	L	L	L	L	L	L	L	L	L	L	L	L	L	L	L	L	L	L	L	L	L	L	L	L	L	L	L	L	L	L	L	L	L	L	L	L	L	L	L	L	L	L	L	L	L	L	L	L	L	L	L	L	L	L	L	L	L	L	L	L	L	L	L	L	L	L	L	L	L	L	L	L	L	L	L	L	L	L	L	L	L	
57	G	C	G	L	C	L	C	C	L	L	C	A	A	A	A	L	A	B	B	B	B	C	C	A	A	A	A	G	L	L	C	A	A	B	B	C	C	A	A	B	B	C	C	A	A	B	B	C	C	A	A	B	B	C	C	A	A	G	L	L	L	L	L	L	L	L	L	L	L	L	L	L	L	L	L	L	L	L	L	L	L	L	L	L	L	L	L	L	L	L	L	L	L	L	L	L	L	L	L	L	L	L	L	L	L	L	L	L	L	L	L	L	L	L	L	L	L	L	L	L	L	L	L	L	L	L	L	L	L	L	L	L	L	L	L	L	L	L	L	L	L	L	L	L	L	L	L	L	L	L	L	L	L	L	L	L	L	L	L	L	L	L	L	L	L	L	L	L	L	L	L	L	L	L	L	L	L	L	L	L	L	L	L	L	L	L	L	L	L	L	L	L	L	L	L	L	L	L	L	L	L	L	L	L	L	L	L	L	L	L	L	L	L	L	L	L	L	L	L	L	L	L	L	L	L	L	L	L	L	L	L	L	L	L	L	L	L	L	L	L	L	L	L	L	L	L	L	L	L	L	L	L	L	L	L	L	L	L	L	L	L	L	L	L	L	L	L	L	L	L	L	L	L	L	L	L	L	L	L	L	L	L	L	L	L	L	L	L	L	L	L	L	L	L	L	L	L	L	L	L	L	L	L	L	L	L	L	L	L	L	L	L	L	L	L	L	L	L	L	L	L	L	L	L	L	L	L	L	L	L	L	L	L	L	L	L	L	L	L	L	L	L	L	L	L	L	L	L	L	L	L	L	L	L	L	L	L	L	L	L	L	L	L	L	L	L	L	L	L	L	L	L	L	L	
58	G	B	A	L	C	L	C	C	A	L	A	A	A	A	A	L	L	B	B	B	C	C	A	A	A	A	B	B	C	L	A	A	B	B	C	C	A	A	B	B	C	C	A	A	B	B	C	C	A	A	B	B	C	C	A	A	B	B	C	L	L	L	L	L	L	L	L	L	L	L	L	L	L	L	L	L	L	L	L	L	L	L	L	L	L	L	L	L	L	L	L	L	L	L	L	L	L	L	L	L	L	L	L	L	L	L	L	L	L	L	L	L	L	L	L	L	L	L	L	L	L	L	L	L	L	L	L	L	L	L	L	L	L	L	L	L	L	L	L	L	L	L	L	L	L	L	L	L	L	L	L	L	L	L	L	L	L	L	L	L	L	L	L	L	L	L	L	L	L	L	L	L	L	L	L	L	L	L	L	L	L	L	L	L	L	L	L	L	L	L	L	L	L	L	L	L	L	L	L	L	L	L	L	L	L	L	L	L	L	L	L	L	L	L	L	L	L	L	L	L	L	L	L	L	L	L	L	L	L	L	L	L	L	L	L	L	L	L	L	L	L	L	L	L	L	L	L	L	L	L	L	L	L	L	L	L	L	L	L	L	L	L	L	L	L	L	L	L	L	L	L	L	L	L	L	L	L	L	L	L	L	L	L	L	L	L	L	L	L	L	L	L	L	L	L	L	L	L	L	L	L	L	L	L	L	L	L	L	L	L	L	L	L	L	L	L	L	L	L	L	L	L	L	L	L	L	L	L	L	L	L	L	L	L	L	L	L	L	L	L	L	L	L	L	L	L	L	L	L	L	L	L	L	L	L	L	L	L	L	L	L	L	L	L	L	L	L	L	L	L	L	L	L	L	
59	G	C	G	L	C	L	C	A	A	L	A	A	A	A	A	G	L	B	B	C	C	A	A	A	A	B	B	C	C	L	A	B	B	C	C	A	A	B	B	C	C	A	A	B	B	C	C	A	A	B	B	C	C	A	A	B	B	C	C	A	L	L	L	L	L	L	L	L	L	L	L	L	L	L	L	L	L	L	L	L	L	L	L	L	L	L	L	L	L	L	L	L	L	L	L	L	L	L	L	L	L	L	L	L	L	L	L	L	L	L	L	L	L	L	L	L	L	L	L	L	L	L	L	L	L	L	L	L	L	L	L	L	L	L	L	L	L	L	L	L	L	L	L	L	L	L	L	L	L	L	L	L	L	L	L	L	L	L	L	L	L	L	L	L	L	L	L	L	L	L	L	L	L	L	L	L	L	L	L	L	L	L	L	L	L	L	L	L	L	L	L	L	L	L	L	L	L	L	L	L	L	L	L	L	L	L	L	L	L	L	L	L	L	L	L	L	L	L	L	L	L	L	L	L	L	L	L	L	L	L	L	L	L	L	L	L	L	L	L	L	L	L	L	L	L	L	L	L	L	L	L	L	L	L	L	L	L	L	L	L	L	L	L	L	L	L	L	L	L	L	L	L	L	L	L	L	L	L	L	L	L	L	L	L	L	L	L	L	L	L	L	L	L	L	L	L	L	L	L	L	L	L	L	L	L	L	L	L	L	L	L	L	L	L	L	L	L	L	L	L	L	L	L	L	L	L	L	L	L	L	L	L	L	L	L	L	L	L	L	L	L	L	L	L	L	L	L	L	L	L	L	L	L	L	L	L	L	L	L	L	L	L	L	L	L	L	L	L	L	L	L	L	L	L	
60	G	B	A	L	C	L	A	A	A	L	A	A	A	A	B	B	L	B	C	C	A	A	A	A	B	B	C	C	C	L	L	B	C	C	A	A	B	B	C	C	A	A	B	B	C	C	A	A	B	B	C	C	A	A	B	B	C	C	A	A	G	L	L	L	L	L	L	L	L	L	L	L	L	L	L	L	L	L	L	L	L	L	L	L	L	L	L	L	L	L	L	L	L	L	L	L	L	L	L	L	L	L	L	L	L	L	L	L	L	L	L	L	L	L	L	L	L	L	L	L	L	L	L	L	L	L	L	L	L	L	L	L	L	L	L	L	L	L	L	L	L	L	L	L	L	L	L	L	L	L	L	L	L	L	L	L	L	L	L	L	L	L	L	L	L	L	L	L	L	L	L	L	L	L	L	L	L	L	L	L	L	L	L	L	L	L	L	L	L	L	L	L	L	L	L	L	L	L	L	L	L	L	L	L	L	L	L	L	L	L	L	L	L	L	L	L	L	L	L	L	L	L	L	L	L	L	L	L	L	L	L	L	L	L	L	L	L	L	L	L	L	L	L	L	L	L	L	L	L	L	L	L	L	L	L	L	L	L	L	L	L	L	L	L	L	L	L	L	L	L	L	L	L	L	L	L	L	L	L	L	L	L	L	L	L	L	L	L	L	L	L	L	L	L	L	L	L	L	L	L	L	L	L	L	L	L	L	L	L	L	L	L	L	L	L	L	L	L	L	L	L	L	L	L	L	L	L	L	L	L	L	L	L	L	L	L	L	L	L	L	L	L	L	L	L	L	L	L	L	L	L	L	L	L	L	L	L	L	L	L	L	L	L	L	L	L	L	L	L	L	L	L	L	L	
61	G	C	G	L	C	L	A	A	A	L	A	A	A	B	B	G	L	L	C	A	A	A	A	B	B	C	C	C	C	A	L	L	C	A	A	B	B	C	C	A	A	B	B	C	C	A	A	B	B	C	C	A	A	B	B	C	C	A	A	B	B	C	L	L	L	L	L	L	L	L	L	L	L	L	L	L	L	L	L	L	L	L	L	L	L	L	L	L	L	L	L	L	L	L	L	L	L	L	L	L	L	L	L	L	L	L	L	L	L	L	L	L	L	L	L	L	L	L	L	L	L	L	L	L	L	L	L	L	L	L	L	L	L	L	L	L	L	L	L	L	L	L	L	L	L	L	L	L	L	L	L	L	L	L	L	L	L	L	L	L	L	L	L	L	L	L	L	L	L	L	L	L	L	L	L	L	L	L	L	L	L	L	L	L	L	L	L	L	L	L	L	L	L	L	L	L	L	L	L	L	L	L	L	L	L	L	L	L	L	L	L	L	L	L	L	L	L	L	L	L	L	L	L	L	L	L	L	L	L	L	L	L	L	L	L	L	L	L	L	L	L	L	L	L	L	L	L	L	L	L	L	L	L	L	L	L	L	L	L	L	L	L	L	L	L	L	L	L	L	L	L	L	L	L	L	L	L	L	L	L	L	L	L	L	L	L	L	L	L	L	L	L	L	L	L	L	L	L	L	L	L	L	L	L	L	L	L	L	L	L	L	L	L	L	L	L	L	L	L	L	L	L	L	L	L	L	L	L	L	L	L	L	L	L	L	L	L	L	L	L	L	L	L	L	L	L	L	L	L	L	L	L	L	L	L	L	L	L	L	L	L	L	L	L	L	L	L	L	L	L	L	L	L	L	
62	G	B	A	L	C	L	A	A	A	L	A	A	B	B	B	B	C	L	A	A	A	A	B	B	C	C	C	C	A	A	G	L	A	A	B	B	C	C	A	A	B	B	C	C	A	A	B	B	C	C	A	A	B	B	C	C	A	A	B	B	C	C	A	L	L	L	L	L	L	L	L	L	L	L	L	L	L	L	L	L	L	L	L	L	L	L	L	L	L	L	L	L	L	L	L	L	L	L	L	L	L	L	L	L	L	L	L	L	L	L	L	L	L	L	L	L	L	L	L	L	L	L	L	L	L	L	L	L	L	L	L	L	L	L	L	L	L	L	L	L	L	L	L	L	L	L	L	L	L	L	L	L	L	L	L	L	L	L	L	L	L	L	L	L	L	L	L	L	L	L	L	L	L	L	L	L	L	L	L	L	L	L	L	L	L	L	L	L	L	L	L	L	L	L	L	L	L	L	L	L	L	L	L	L	L	L	L	L	L	L	L	L	L	L	L	L	L	L	L	L	L	L	L	L	L	L	L	L	L	L	L	L	L	L	L	L	L	L	L	L	L	L	L	L	L	L	L	L	L	L	L	L	L	L	L	L	L	L	L	L	L	L	L	L	L	L	L	L	L	L	L	L	L	L	L	L	L	L	L	L	L	L	L	L	L	L	L	L	L	L	L	L	L	L	L	L	L	L	L	L	L	L	L	L	L	L	L	L	L	L	L	L	L	L	L	L	L	L	L	L	L	L	L	L	L	L	L	L	L	L	L	L	L	L	L	L	L	L	L	L	L	L	L	L	L	L	L	L	L	L	L	L	L	L	L	L	L	L	L	L	L	L	L	L	L	L	L	L	L	L	L	L	L	L	
63	G	C	G	L	C	L	A	A	A	L	A	B	B	B	B	C	C	L	A	A	A	B	B	C	C	C	C	A	A	B	B	L	A	B	B	C	C	A	A	B	B	C	C	A	A	B	B	C	C	A	A	B	B	C	C	A	A	B	B	C	C	A	A	G	L	L	L	L	L	L	L	L	L	L	L	L	L	L	L	L	L	L	L	L	L	L	L	L	L	L	L	L	L	L	L	L	L	L	L	L	L	L	L	L	L	L	L	L	L	L	L	L	L	L	L	L	L	L	L	L	L	L	L	L	L	L	L	L	L	L	L	L	L	L	L	L	L	L	L	L	L	L	L	L	L	L	L	L	L	L	L	L	L	L	L	L	L	L	L	L	L	L	L	L	L	L	L	L	L	L	L	L	L	L	L	L	L	L	L	L	L	L	L	L	L	L	L	L	L	L	L	L	L	L	L	L	L	L	L	L	L	L	L	L	L	L	L	L	L	L	L	L	L	L	L	L	L	L	L	L	L	L	L	L	L	L	L	L	L	L	L	L	L	L	L	L	L	L	L	L	L	L	L	L	L	L	L	L	L	L	L	L	L	L	L	L	L	L	L	L	L	L	L	L	L	L	L	L	L	L	L	L	L	L	L	L	L	L	L	L	L	L	L	L	L	L	L	L	L	L	L	L	L	L	L	L	L	L	L	L	L	L	L	L	L	L	L	L	L	L	L	L	L	L	L	L	L	L	L	L	L	L	L	L	L	L	L	L	L	L	L	L	L	L	L	L	L	L	L	L	L	L	L	L	L	L	L	L	L	L	L	L	L	L	L	L	L	L	L	L	L	L	L	L	L	L	L	L	L	L	L	L	L	L	
64	G	B	A	L	C	L	A	A	A	L	L	B	B	B	C	C	C	L	A	A	B	B	C	C	C	C	A	A	B	B	G	L	L	B	C	C	A	A	B	B	C	C	A	A	B	B	C	C	A	A	B	B	C	C	A	A	B	B	C	C	A	A	B	B	C	L	L	L	L	L	L	L	L	L	L	L	L	L	L	L	L	L	L	L	L	L	L	L	L	L	L	L	L	L	L	L	L	L	L	L	L	L	L	L	L	L	L	L	L	L	L	L	L	L	L	L	L	L	L	L	L	L	L	L	L	L	L	L	L	L	L	L	L	L	L	L	L	L	L	L	L	L	L	L	L	L	L	L	L	L	L	L	L	L	L	L	L	L	L	L	L	L	L	L	L	L	L	L	L	L	L	L	L	L	L	L	L	L	L	L	L	L	L	L	L	L	L	L	L	L	L	L	L	L	L	L	L	L	L	L	L	L	L	L	L	L	L	L	L	L	L	L	L	L	L	L	L	L	L	L	L	L	L	L	L	L	L	L	L	L	L	L	L	L	L	L	L	L	L	L	L	L	L	L	L	L	L	L	L	L	L	L	L	L	L	L	L	L	L	L	L	L	L	L	L	L	L	L	L	L	L	L	L	L	L	L	L	L	L	L	L	L	L	L	L	L	L	L	L	L	L	L	L	L	L	L	L	L	L	L	L	L	L	L	L	L	L	L	L	L	L	L	L	L	L	L	L	L	L	L	L	L	L	L	L	L	L	L	L	L	L	L	L	L	L	L	L	L	L	L	L	L	L	L	L	L	L	L	L	L	L	L	L	L	L	L	L	L	L	L	L	L	L	L	L	L	L	L	L	L	L	L	L	L	
65	G	C	G	L	C	L	A	A	A	G	L	B	B	C	C	C	C	L	A	B	B	C	C	C	C	A	A	B	B	B	B	C	L	L	C	A	A	B	B	C	C	A	A	B	B	C	C	A	A	B	B	C	C	A	A	B	B	C	C	A	A	B	B	C	C	A	L	L	L	L	L	L	L	L	L	L	L	L	L	L	L	L	L	L	L	L	L	L	L	L	L	L	L	L	L	L	L	L	L	L	L	L	L	L	L	L	L	L	L	L	L	L	L	L	L	L	L	L	L	L	L	L	L	L	L	L	L	L	L	L	L	L	L	L	L	L	L	L	L	L	L	L	L	L	L	L	L	L	L	L	L	L	L	L	L	L	L	L	L	L	L	L	L	L	L	L	L	L	L	L	L	L	L	L	L	L	L	L	L	L	L	L	L	L	L	L	L	L	L	L	L	L	L	L	L	L	L	L	L	L	L	L	L	L	L	L	L	L	L	L	L	L	L	L	L	L	L	L	L	L	L	L	L	L	L	L	L	L	L	L	L	L	L	L	L	L	L	L	L	L	L	L	L	L	L	L	L	L	L	L	L	L	L	L	L	L	L	L	L	L	L	L	L	L	L	L	L	L	L	L	L	L	L	L	L	L	L	L	L	L	L	L	L	L	L	L	L	L	L	L	L	L	L	L	L	L	L	L	L	L	L	L	L	L	L	L	L	L	L	L	L	L	L	L	L	L	L	L	L	L	L	L	L	L	L	L	L	L	L	L	L	L	L	L	L	L	L	L	L	L	L	L	L	L	L	L	L	L	L	L	L	L	L	L	L	L	L	L	L	L	L	L	L	L	L	L	L	L	L	L	L	L	L	L	
66	G	B	A	L	C	L	A	A	B	B	L	B	C	C	C	C	C	L	L	B	C	C	C	C	A	A	B	B	B	B	C	C	A	L	A	A	B	B	C	C	A	A	B	B	C	C	A	A	B	B	C	C	A	A	B	B	C	C	A	A	B	B	C	C	A	A	G	L	L	L	L	L	L	L	L	L	L	L	L	L	L	L	L	L	L	L	L	L	L	L	L	L	L	L	L	L	L	L	L	L	L	L	L	L	L	L	L	L	L	L	L	L	L	L	L	L	L	L	L	L	L	L	L	L	L	L	L	L	L	L	L	L	L	L	L	L	L	L	L	L	L	L	L	L	L	L	L	L	L	L	L	L	L	L	L	L	L	L	L	L	L	L	L	L	L	L	L	L	L	L	L	L	L	L	L	L	L	L	L	L	L	L	L	L	L	L	L	L	L	L	L	L	L	L	L	L	L	L	L	L	L	L	L	L	L	L	L	L	L	L	L	L	L	L	L	L	L	L	L	L	L	L	L	L	L	L	L	L	L	L	L	L	L	L	L	L	L	L	L	L	L	L	L	L	L	L	L	L	L	L	L	L	L	L	L	L	L	L	L	L	L	L	L	L	L	L	L	L	L	L	L	L	L	L	L	L	L	L	L	L	L	L	L	L	L	L	L	L	L	L	L	L	L	L	L	L	L	L	L	L	L	L	L	L	L	L	L	L	L	L	L	L	L	L	L	L	L	L	L	L	L	L	L	L	L	L	L	L	L	L	L	L	L	L	L	L	L	L	L	L	L	L	L	L	L	L	L	L	L	L	L	L	L	L	L	L	L	L	L	L	L	L	L	L	L	L	L	L	L	L	L	L	L	L	
67	G	C	G	L	C	L	A	B	B	G	L	L	C	C	C	C	C	A	L	L	C	C	C	A	A	B	B	B	B	C	C	A	A	L	A	B	B	C	C	A	A	B	B	C	C	A	A	B	B	C	C	A	A	B	B	C	C	A	A	B	B	C	C	A	A	B	B	C	L	L	L	L	L	L	L	L	L	L	L	L	L	L	L	L	L	L	L	L	L	L	L	L	L	L	L	L	L	L	L	L	L	L	L	L	L	L	L	L	L	L	L	L	L	L	L	L	L	L	L	L	L	L	L	L	L	L	L	L	L	L	L	L	L	L	L	L	L	L	L	L	L	L	L	L	L	L	L	L	L	L	L	L	L	L	L	L	L	L	L	L	L	L	L	L	L	L	L	L	L	L	L	L	L	L	L	L	L	L	L	L	L	L	L	L	L	L	L	L	L	L	L	L	L	L	L	L	L	L	L	L	L	L	L	L	L	L	L	L	L	L	L	L	L	L	L	L	L	L	L	L	L	L	L	L	L	L	L	L	L	L	L	L	L	L	L	L	L	L	L	L	L	L	L	L	L	L	L	L	L	L	L	L	L	L	L	L	L	L	L	L	L	L	L	L	L	L	L	L	L	L	L	L	L	L	L	L	L	L	L	L	L	L	L	L	L	L	L	L	L	L	L	L	L	L	L	L	L	L	L	L	L	L	L	L	L	L	L	L	L	L	L	L	L	L	L	L	L	L	L	L	L	L	L	L	L	L	L	L	L	L	L	L	L	L	L	L	L	L	L	L	L	L	L	L	L	L	L	L	L	L	L	L	L	L	L	L	L	L	L	L	L	L	L	L	L	L	L	L	L	L	L	L	L	L	
68	G	B	A	L	C	L	L	B	B	B	C	L	C	C	C	C	A	A	G	L	C	C	A	A	B	B	B	B	C	C	A	A	A	L	L	B	C	C	A	A	B	B	C	C	A	A	B	B	C	C	A	A	B	B	C	C	A	A	B	B	C	C	A	A	B	B	C	C	A	L	L	L	L	L	L	L	L	L	L	L	L	L	L	L	L	L	L	L	L	L	L	L	L	L	L	L	L	L	L	L	L	L	L	L	L	L	L	L	L	L	L	L	L	L	L	L	L	L	L	L	L	L	L	L	L	L	L	L	L	L	L	L	L	L	L	L	L	L	L	L	L	L	L	L	L	L	L	L	L	L	L	L	L	L	L	L	L	L	L	L	L	L	L	L	L	L	L	L	L	L	L	L	L	L	L	L	L	L	L	L	L	L	L	L	L	L	L	L	L	L	L	L	L	L	L	L	L	L	L	L	L	L	L	L	L	L	L	L	L	L	L	L	L	L	L	L	L	L	L	L	L	L	L	L	L	L	L	L	L	L	L	L	L	L	L	L	L	L	L	L	L	L	L	L	L	L	L	L	L	L	L	L	L	L	L	L	L	L	L	L	L	L	L	L	L	L	L	L	L	L	L	L	L	L	L	L	L	L	L	L	L	L	L	L	L	L	L	L	L	L	L	L	L	L	L	L	L	L	L	L	L	L	L	L	L	L	L	L	L	L	L	L	L	L	L	L	L	L	L	L	L	L	L	L	L	L	L	L	L	L	L	L	L	L	L	L	L	L	L	L	L	L	L	L	L	L	L	L	L	L	L	L	L	L	L	L	L	L	L	L	L	L	L	L	L	L	L	L	L	L	L	L	L	L	
69	G	C	G	L	C	A	L	B	B	C	C	L	C	C	C	A	A	B	B	L	C	A	A	B	B	B	B	C	C	A	A	A	A	G	L	L	C	A	A	B	B	C	C	A	A	B	B	C	C	A	A	B	B	C	C	A	A	B	B	C	C	A	A	B	B	C	C	A	A	G	L	L	L	L	L	L	L	L	L	L	L	L	L	L	L	L	L	L	L	L	L	L	L	L	L	L	L	L	L	L	L	L	L	L	L	L	L	L	L	L	L	L	L	L	L	L	L	L	L	L	L	L	L	L	L	L	L	L	L	L	L	L	L	L	L	L	L	L	L	L	L	L	L	L	L	L	L	L	L	L	L	L	L	L	L	L	L	L	L	L	L	L	L	L	L	L	L	L	L	L	L	L	L	L	L	L	L	L	L	L	L	L	L	L	L	L	L	L	L	L	L	L	L	L	L	L	L	L	L	L	L	L	L	L	L	L	L	L	L	L	L	L	L	L	L	L	L	L	L	L	L	L	L	L	L	L	L	L	L	L	L	L	L	L	L	L	L	L	L	L	L	L	L	L	L	L	L	L	L	L	L	L	L	L	L	L	L	L	L	L	L	L	L	L	L	L	L	L	L	L	L	L	L	L	L	L	L	L	L	L	L	L	L	L	L	L	L	L	L	L	L	L	L	L	L	L	L	L	L	L	L	L	L	L	L	L	L	L	L	L	L	L	L	L	L	L	L	L	L	L	L	L	L	L	L	L	L	L	L	L	L	L	L	L	L	L	L	L	L	L	L	L	L	L	L	L	L	L	L	L	L	L	L	L	L	L	L	L	L	L	L	L	L	L	L	L	L	L	L	L	L	L	L	L	
70	G	B	A	L	A	A	L	B	C	C	C	L	C	C	A	A	B	B	G	L	A	A	B	B	B	B	C	C	A	A	A	A	B	B	C	L	A	A	B	B	C	C	A	A	B	B	C	C	A	A	B	B	C	C	A	A	B	B	C	C	A	A	B	B	C	C	A	A	B	B	C	L	L	L	L	L	L	L	L	L	L	L	L	L	L	L	L	L	L	L	L	L	L	L	L	L	L	L	L	L	L	L	L	L	L	L	L	L	L	L	L	L	L	L	L	L	L	L	L	L	L	L	L	L	L	L	L	L	L	L	L	L	L	L	L	L	L	L	L	L	L	L	L	L	L	L	L	L	L	L	L	L	L	L	L	L	L	L	L	L	L	L	L	L	L	L	L	L	L	L	L	L	L	L	L	L	L	L	L	L	L	L	L	L	L	L	L	L	L	L	L	L	L	L	L	L	L	L	L	L	L	L	L	L	L	L	L	L	L	L	L	L	L	L	L	L	L	L	L	L	L	L	L	L	L	L	L	L	L	L	L	L	L	L	L	L	L	L	L	L	L	L	L	L	L	L	L	L	L	L	L	L	L	L	L	L	L	L	L	L	L	L	L	L	L	L	L	L	L	L	L	L	L	L	L	L	L	L	L	L	L	L	L	L	L	L	L	L	L	L	L	L	L	L	L	L	L	L	L	L	L	L	L	L	L	L	L	L	L	L	L	L	L	L	L	L	L	L	L	L	L	L	L	L	L	L	L	L	L	L	L	L	L	L	L	L	L	L	L	L	L	L	L	L	L	L	L	L	L	L	L	L	L	L	L	L	L	L	L	L	L	L	L	L	L	L	L	L	L	L	L	L	L	L	
71	G	C	G	L	A	A	L	L	C	C	C	L	C	A	A	B	B	B	B	L	A	B	B	B	B	C	C	A	A	A	A	B	B	C	C	L	A	B	B	C	C	A	A	B	B	C	C	A	A	B	B	C	C	A	A	B	B	C	C	A	A	B	B	C	C	A	A	B	B	C	C	A	L	L	L	L	L	L	L	L	L	L	L	L	L	L	L	L	L	L	L	L	L	L	L	L	L	L	L	L	L	L	L	L	L	L	L	L	L	L	L	L	L	L	L	L	L	L	L	L	L	L	L	L	L	L	L	L	L	L	L	L	L	L	L	L	L	L	L	L	L	L	L	L	L	L	L	L	L	L	L	L	L	L	L	L	L	L	L	L	L	L	L	L	L	L	L	L	L	L	L	L	L	L	L	L	L	L	L	L	L	L	L	L	L	L	L	L	L	L	L	L	L	L	L	L	L	L	L	L	L	L	L	L	L	L	L	L	L	L	L	L	L	L	L	L	L	L	L	L	L	L	L	L	L	L	L	L	L	L	L	L	L	L	L	L	L	L	L	L	L	L	L	L	L	L	L	L	L	L	L	L	L	L	L	L	L	L	L	L	L	L	L	L	L	L	L	L	L	L	L	L	L	L	L	L	L	L	L	L	L	L	L	L	L	L	L	L	L	L	L	L	L	L	L	L	L	L	L	L	L	L	L	L	L	L	L	L	L	L	L	L	L	L	L	L	L	L	L	L	L	L	L	L	L	L	L	L	L	L	L	L	L	L	L	L	L	L	L	L	L	L	L	L	L	L	L	L	L	L	L	L	L	L	L	L	L	L	L	L	L	L	L	L	L	L	L	L	L	L	L	L	L	L	
72	G	B	A	L	A	A	G	L	C	C	C	L	A	A	B	B	B	B	G	L	L	B	B	B	C	C	A	A	A	A	B	B	C	C	C	L	L	B	C	C	A	A	B	B	C	C	A	A	B	B	C	C	A	A	B	B	C	C	A	A	B	B	C	C	A	A	B	B	C	C	A	A	G	L	L	L	L	L	L	L	L	L	L	L	L	L	L	L	L	L	L	L	L	L	L	L	L	L	L	L	L	L	L	L	L	L	L	L	L	L	L	L	L	L	L	L	L	L	L	L	L	L	L	L	L	L	L	L	L	L	L	L	L	L	L	L	L	L	L	L	L	L	L	L	L	L	L	L	L	L	L	L	L	L	L	L	L	L	L	L	L	L	L	L	L	L	L	L	L	L	L	L	L	L	L	L	L	L	L	L	L	L	L	L	L	L	L	L	L	L	L	L	L	L	L	L	L	L	L	L	L	L	L	L	L	L	L	L	L	L	L	L	L	L	L	L	L	L	L	L	L	L	L	L	L	L	L	L	L	L	L	L	L	L	L	L	L	L	L	L	L	L	L	L	L	L	L	L	L	L	L	L	L	L	L	L	L	L	L	L	L	L	L	L	L	L	L	L	L	L	L	L	L	L	L	L	L	L	L	L	L	L	L	L	L	L	L	L	L	L	L	L	L	L	L	L	L	L	L	L	L	L	L	L	L	L	L	L	L	L	L	L	L	L	L	L	L	L	L	L	L	L	L	L	L	L	L	L	L	L	L	L	L	L	L	L	L	L	L	L	L	L	L	L	L	L	L	L	L	L	L	L	L	L	L	L	L	L	L	L	L	L	L	L	L	L	L	L	L	L	L	L	L	L	
73	G	C	G	L	A	B	B	L	C	C	C	L	A	B	B	B	B	B	B	C	L	B	B	C	C	A	A	A	A	B	B	C	C	C	C	A	L	L	C	A	A	B	B	C	C	A	A	B	B	C	C	A	A	B	B	C	C	A	A	B	B	C	C	A	A	B	B	C	C	A	A	B	B	C	L	L	L	L	L	L	L	L	L	L	L	L	L	L	L	L	L	L	L	L	L	L	L	L	L	L	L	L	L	L	L	L	L	L	L	L	L	L	L	L	L	L	L	L	L	L	L	L	L	L	L	L	L	L	L	L	L	L	L	L	L	L	L	L	L	L	L	L	L	L	L	L	L	L	L	L	L	L	L	L	L	L	L	L	L	L	L	L	L	L	L	L	L	L	L	L	L	L	L	L	L	L	L	L	L	L	L	L	L	L	L	L	L	L	L	L	L	L	L	L	L	L	L	L	L	L	L	L	L	L	L	L	L	L	L	L	L	L	L	L	L	L	L	L	L	L	L	L	L	L	L	L	L	L	L	L	L	L	L	L	L	L	L	L	L	L	L	L	L	L	L	L	L	L	L	L	L	L	L	L	L	L	L	L	L	L	L	L	L	L	L	L	L	L	L	L	L	L	L	L	L	L	L	L	L	L	L	L	L	L	L	L	L	L	L	L	L	L	L	L	L	L	L	L	L	L	L	L	L	L	L	L	L	L	L	L	L	L	L	L	L	L	L	L	L	L	L	L	L	L	L	L	L	L	L	L	L	L	L	L	L	L	L	L	L	L	L	L	L	L	L	L	L	L	L	L	L	L	L	L	L	L	L	L	L	L	L	L	L	L	L	L	L	L	L	L	L	L	L	L	
74	G	B	A	L	L	B	G	L	C	C	C	L	L	B	B	B	B	B	C	C	L	B	C	C	A	A	A	A	B	B	C	C	C	C	A	A	G	L	A	A	B	B	C	C	A	A	B	B	C	C	A	A	B	B	C	C	A	A	B	B	C	C	A	A	B	B	C	C	A	A	B	B	C	C	A	L	L	L	L	L	L	L	L	L	L	L	L	L	L	L	L	L	L	L	L	L	L	L	L	L	L	L	L	L	L	L	L	L	L	L	L	L	L	L	L	L	L	L	L	L	L	L	L	L	L	L	L	L	L	L	L	L	L	L	L	L	L	L	L	L	L	L	L	L	L	L	L	L	L	L	L	L	L	L	L	L	L	L	L	L	L	L	L	L	L	L	L	L	L	L	L	L	L	L	L	L	L	L	L	L	L	L	L	L	L	L	L	L	L	L	L	L	L	L	L	L	L	L	L	L	L	L	L	L	L	L	L	L	L	L	L	L	L	L	L	L	L	L	L	L	L	L	L	L	L	L	L	L	L	L	L	L	L	L	L	L	L	L	L	L	L	L	L	L	L	L	L	L	L	L	L	L	L	L	L	L	L	L	L	L	L	L	L	L	L	L	L	L	L	L	L	L	L	L	L	L	L	L	L	L	L	L	L	L	L	L	L	L	L	L	L	L	L	L	L	L	L	L	L	L	L	L	L	L	L	L	L	L	L	L	L	L	L	L	L	L	L	L	L	L	L	L	L	L	L	L	L	L	L	L	L	L	L	L	L	L	L	L	L	L	L	L	L	L	L	L	L	L	L	L	L	L	L	L	L	L	L	L	L	L	L	L	L	L	L	L	L	L	L	L	L	L	L	L	
75	G	C	G	G	L	B	B	L	C	C	C	A	L	B	B	B	B	C	C	C	L	L	C	A	A	A	A	B	B	C	C	C	C	A	A	B	B	L	A	B	B	C	C	A	A	B	B	C	C	A	A	B	B	C	C	A	A	B	B	C	C	A	A	B	B	C	C	A	A	B	B	C	C	A	A	G	L	L	L	L	L	L	L	L	L	L	L	L	L	L	L	L	L	L	L	L	L	L	L	L	L	L	L	L	L	L	L	L	L	L	L	L	L	L	L	L	L	L	L	L	L	L	L	L	L	L	L	L	L	L	L	L	L	L	L	L	L	L	L	L	L	L	L	L	L	L	L	L	L	L	L	L	L	L	L	L	L	L	L	L	L	L	L	L	L	L	L	L	L	L	L	L	L	L	L	L	L	L	L	L	L	L	L	L	L	L	L	L	L	L	L	L	L	L	L	L	L	L	L	L	L	L	L	L	L	L	L	L	L	L	L	L	L	L	L	L	L	L	L	L	L	L	L	L	L	L	L	L	L	L	L	L	L	L	L	L	L	L	L	L	L	L	L	L	L	L	L	L	L	L	L	L	L	L	L	L	L	L	L	L	L	L	L	L	L	L	L	L	L	L	L	L	L	L	L	L	L	L	L	L	L	L	L	L	L	L	L	L	L	L	L	L	L	L	L	L	L	L	L	L	L	L	L	L	L	L	L	L	L	L	L	L	L	L	L	L	L	L	L	L	L	L	L	L	L	L	L	L	L	L	L	L	L	L	L	L	L	L	L	L	L	L	L	L	L	L	L	L	L	L	L	L	L	L	L	L	L	L	L	L	L	L	L	L	L	L	L	L	L	L	L	L	L	L	
76	G	B	A	B	L	B	G	L	C	C	A	A	L	B	B	B	C	C	C	C	A	L	A	A	A	A	B	B	C	C	C	C	A	A	B	B	G	L	L	B	C	C	A	A	B	B	C	C	A	A	B	B	C	C	A	A	B	B	C	C	A	A	B	B	C	C	A	A	B	B	C	C	A	A	B	B	C	L	L	L	L	L	L	L	L	L	L	L	L	L	L	L	L	L	L	L	L	L	L	L	L	L	L	L	L	L	L	L	L	L	L	L	L	L	L	L	L	L	L	L	L	L	L	L	L	L	L	L	L	L	L	L	L	L	L	L	L	L	L	L	L	L	L	L	L	L	L	L	L	L	L	L	L	L	L	L	L	L	L	L	L	L	L	L	L	L	L	L	L	L	L	L	L	L	L	L	L	L	L	L	L	L	L	L	L	L	L	L	L	L	L	L	L	L	L	L	L	L	L	L	L	L	L	L	L	L	L	L	L	L	L	L	L	L	L	L	L	L	L	L	L	L	L	L	L	L	L	L	L	L	L	L	L	L	L	L	L	L	L	L	L	L	L	L	L	L	L	L	L	L	L	L	L	L	L	L	L	L	L	L	L	L	L	L	L	L	L	L	L	L	L	L	L	L	L	L	L	L	L	L	L	L	L	L	L	L	L	L	L	L	L	L	L	L	L	L	L	L	L	L	L	L	L	L	L	L	L	L	L	L	L	L	L	L	L	L	L	L	L	L	L	L	L	L	L	L	L	L	L	L	L	L	L	L	L	L	L	L	L	L	L	L	L	L	L	L	L	L	L	L	L	L	L	L	L	L	L	L	L	L	L	L	L	L	L	L	L	L	L	L	L	L	L	L	
77	G	C	G	G	L	B	B	L	C	A	A	A	L	B	B	C	C	C	C	A	A	L	A	A	A	B	B	C	C	C	C	A	A	B	B	B	B	C	L	L	C	A	A	B	B	C	C	A	A	B	B	C	C	A	A	B	B	C	C	A	A	B	B	C	C	A	A	B	B	C	C	A	A	B	B	C	C	A	L	L	L	L	L	L	L	L	L	L	L	L	L	L	L	L	L	L	L	L	L	L	L	L	L	L	L	L	L	L	L	L	L	L	L	L	L	L	L	L	L	L	L	L	L	L	L	L	L	L	L	L	L	L	L	L	L	L	L	L	L	L	L	L	L	L	L	L	L	L	L	L	L	L	L	L	L	L	L	L	L	L	L	L	L	L	L	L	L	L	L	L	L	L	L	L	L	L	L	L	L	L	L	L	L	L	L	L	L	L	L	L	L	L	L	L	L	L	L	L	L	L	L	L	L	L	L	L	L	L	L	L	L	L	L	L	L	L	L	L	L	L	L	L	L	L	L	L	L	L	L	L	L	L	L	L	L	L	L	L	L	L	L	L	L	L	L	L	L	L	L	L	L	L	L	L	L	L	L	L	L	L	L	L	L	L	L	L	L	L	L	L	L	L	L	L	L	L	L	L	L	L	L	L	L	L	L	L	L	L	L	L	L	L	L	L	L	L	L	L	L	L	L	L	L	L	L	L	L	L	L	L	L	L	L	L	L	L	L	L	L	L	L	L	L	L	L	L	L	L	L	L	L	L	L	L	L	L	L	L	L	L	L	L	L	L	L	L	L	L	L	L	L	L	L	L	L	L	L	L	L	L	L	L	L	L	L	L	L	L	L	L	L	L	L	L	
78	G	B	A	B	L	B	G	L	A	A	A	A	L	B	C	C	C	C	A	A	A	L	A	A	B	B	C	C	C	C	A	A	B	B	B	B	C	C	A	L	A	A	B	B	C	C	A	A	B	B	C	C	A	A	B	B	C	C	A	A	B	B	C	C	A	A	B	B	C	C	A	A	B	B	C	C	A	A	G	L	L	L	L	L	L	L	L	L	L	L	L	L	L	L	L	L	L	L	L	L	L	L	L	L	L	L	L	L	L	L	L	L	L	L	L	L	L	L	L	L	L	L	L	L	L	L	L	L	L	L	L	L	L	L	L	L	L	L	L	L	L	L	L	L	L	L	L	L	L	L	L	L	L	L	L	L	L	L	L	L	L	L	L	L	L	L	L	L	L	L	L	L	L	L	L	L	L	L	L	L	L	L	L	L	L	L	L	L	L	L	L	L	L	L	L	L	L	L	L	L	L	L	L	L	L	L	L	L	L	L	L	L	L	L	L	L	L	L	L	L	L	L	L	L	L	L	L	L	L	L	L	L	L	L	L	L	L	L	L	L	L	L	L	L	L	L	L	L	L	L	L	L	L	L	L	L	L	L	L	L	L	L	L	L	L	L	L	L	L	L	L	L	L	L	L	L	L	L	L	L	L	L	L	L	L	L	L	L	L	L	L	L	L	L	L	L	L	L	L	L	L	L	L	L	L	L	L	L	L	L	L	L	L	L	L	L	L	L	L	L	L	L	L	L	L	L	L	L	L	L	L	L	L	L	L	L	L	L	L	L	L	L	L	L	L	L	L	L	L	L	L	L	L	L	L	L	L	L	L	L	L	L	L	L	L	L	L	L	L	L	L	L	L	L	
79	G	C	G	G	L	B	B	L	A	A	A	A	L	L	C	C	C	A	A	A	A	L	A	B	B	C	C	C	C	A	A	B	B	B	B	C	C	A	A	L	A	B	B	C	C	A	A	B	B	C	C	A	A	B	B	C	C	A	A	B	B	C	C	A	A	B	B	C	C	A	A	B	B	C	C	A	A	B	B	C	L	L	L	L	L	L	L	L	L	L	L	L	L	L	L	L	L	L	L	L	L	L	L	L	L	L	L	L	L	L	L	L	L	L	L	L	L	L	L	L	L	L	L	L	L	L	L	L	L	L	L	L	L	L	L	L	L	L	L	L	L	L	L	L	L	L	L	L	L	L	L	L	L	L	L	L	L	L	L	L	L	L	L	L	L	L	L	L	L	L	L	L	L	L	L	L	L	L	L	L	L	L	L	L	L	L	L	L	L	L	L	L	L	L	L	L	L	L	L	L	L	L	L	L	L	L	L	L	L	L	L	L	L	L	L	L	L	L	L	L	L	L	L	L	L	L	L	L	L	L	L	L	L	L	L	L	L	L	L	L	L	L	L	L	L	L	L	L	L	L	L	L	L	L	L	L	L	L	L	L	L	L	L	L	L	L	L	L	L	L	L	L	L	L	L	L	L	L	L	L	L	L	L	L	L	L	L	L	L	L	L	L	L	L	L	L	L	L	L	L	L	L	L	L	L	L	L	L	L	L	L	L	L	L	L	L	L	L	L	L	L	L	L	L	L	L	L	L	L	L	L	L	L	L	L	L	L	L	L	L	L	L	L	L	L	L	L	L	L	L	L	L	L	L	L	L	L	L	L	L	L	L	L	L	L	L	L	L	L	L	L	L	L	L	
80	G	B	A	B	L	B	G	L	A	A	A	A	G	L	C	C	A	A	A	A	A	L	L	B	C	C	C	C	A	A	B	B	B	B	C	C	A	A	A	L	L	B	C	C	A	A	B	B	C	C	A	A	B	B	C	C	A	A	B	B	C	C	A	A	B	B	C	C	A	A	B	B	C	C	A	A	B	B	C	C	A	L	L	L	L	L	L	L	L	L	L	L	L	L	L	L	L	L	L	L	L	L	L	L	L	L	L	L	L	L	L	L	L	L	L	L	L	L	L	L	L	L	L	L	L	L	L	L	L	L	L	L	L	L	L	L	L	L	L	L	L	L	L	L	L	L	L	L	L	L	L	L	L	L	L	L	L	L	L	L	L	L	L	L	L	L	L	L	L	L	L	L	L	L	L	L	L	L	L	L	L	L	L	L	L	L	L	L	L	L	L	L	L	L	L	L	L	L	L	L	L	L	L	L	L	L	L	L	L	L	L	L	L	L	L	L	L	L	L	L	L	L	L	L	L	L	L	L	L	L	L	L	L	L	L	L	L	L	L	L	L	L	L	L	L	L	L	L	L	L	L	L	L	L	L	L	L	L	L	L	L	L	L	L	L	L	L	L	L	L	L	L	L	L	L	L	L	L	L	L	L	L	L	L	L	L	L	L	L	L	L	L	L	L	L	L	L	L	L	L	L	L	L	L	L	L	L	L	L	L	L	L	L	L	L	L	L	L	L	L	L	L	L	L	L	L	L	L	L	L	L	L	L	L	L	L	L	L	L	L	L	L	L	L	L	L	L	L	L	L	L	L	L	L	L	L	L	L	L	L	L	L	L	L	L	L	L	L	L	L	L	L	L	L	
81	G	C	G	G	L	B	B	L	A	A	A	B	B	L	C	A	A	A	A	A	A	G	L	L	C	C	C	A	A	B	B	B	B	C	C	A	A	A	A	G	L	L	C	A	A	B	B	C	C	A	A	B	B	C	C	A	A	B	B	C	C	A	A	B	B	C	C	A	A	B	B	C	C	A	A	B	B	C	C	A	A	G	L	L	L	L	L	L	L	L	L	L	L	L	L	L	L	L	L	L	L	L	L	L	L	L	L	L	L	L	L	L	L	L	L	L	L	L	L	L	L	L	L	L	L	L	L	L	L	L	L	L	L	L	L	L	L	L	L	L	L	L	L	L	L	L	L	L	L	L	L	L	L	L	L	L	L	L	L	L	L	L	L	L	L	L	L	L	L	L	L	L	L	L	L	L	L	L	L	L	L	L	L	L	L	L	L	L	L	L	L	L	L	L	L	L	L	L	L	L	L	L	L	L	L	L	L	L	L	L	L	L	L	L	L	L	L	L	L	L	L	L	L	L	L	L	L	L	L	L	L	L	L	L	L	L	L	L	L	L	L	L	L	L	L	L	L	L	L	L	L	L	L	L	L	L	L	L	L	L	L	L	L	L	L	L	L	L	L	L	L	L	L	L	L	L	L	L	L	L	L	L	L	L	L	L	L	L	L	L	L	L	L	L	L	L	L	L	L	L	L	L	L	L	L	L	L	L	L	L	L	L	L	L	L	L	L	L	L	L	L	L	L	L	L	L	L	L	L	L	L	L	L	L	L	L	L	L	L	L	L	L	L	L	L	L	L	L	L	L	L	L	L	L	L	L	L	L	L	L	L	L	L	L	L	L	L	L	L	L	L	L	L	L	
82	G	B	A	B	L	B	G	L	A	A	B	B	G	L	A	A	A	A	A	A	B	B	C	L	C	C	A	A	B	B	B	B	C	C	A	A	A	A	B	B	C	L	A	A	B	B	C	C	A	A	B	B	C	C	A	A	B	B	C	C	A	A	B	B	C	C	A	A	B	B	C	C	A	A	B	B	C	C	A	A	B	B	C	L	L	L	L	L	L	L	L	L	L	L	L	L	L	L	L	L	L	L	L	L	L	L	L	L	L	L	L	L	L	L	L	L	L	L	L	L	L	L	L	L	L	L	L	L	L	L	L	L	L	L	L	L	L	L	L	L	L	L	L	L	L	L	L	L	L	L	L	L	L	L	L	L	L	L	L	L	L	L	L	L	L	L	L	L	L	L	L	L	L	L	L	L	L	L	L	L	L	L	L	L	L	L	L	L	L	L	L	L	L	L	L	L	L	L	L	L	L	L	L	L	L	L	L	L	L	L	L	L	L	L	L	L	L	L	L	L	L	L	L	L	L	L	L	L	L	L	L	L	L	L	L	L	L	L	L	L	L	L	L	L	L	L	L	L	L	L	L	L	L	L	L	L	L	L	L	L	L	L	L	L	L	L	L	L	L	L	L	L	L	L	L	L	L	L	L	L	L	L	L	L	L	L	L	L	L	L	L	L	L	L	L	L	L	L	L	L	L	L	L	L	L	L	L	L	L	L	L	L	L	L	L	L	L	L	L	L	L	L	L	L	L	L	L	L	L	L	L	L	L	L	L	L	L	L	L	L	L	L	L	L	L	L	L	L	L	L	L	L	L	L	L	L	L	L	L	L	L	L	L	L	L	L	L	L	L	L	L	L	L	L	
83	G	C	G	G	L	B	B	L	A	B	B	B	B	L	A	A	A	A	A	B	B	C	C	L	C	A	A	B	B	B	B	C	C	A	A	A	A	B	B	C	C	L	A	B	B	C	C	A	A	B	B	C	C	A	A	B	B	C	C	A	A	B	B	C	C	A	A	B	B	C	C	A	A	B	B	C	C	A	A	B	B	C	C	A	L	L	L	L	L	L	L	L	L	L	L	L	L	L	L	L	L	L	L	L	L	L	L	L	L	L	L	L	L	L	L	L	L	L	L	L	L	L	L	L	L	L	L	L	L	L	L	L	L	L	L	L	L	L	L	L	L	L	L	L	L	L	L	L	L	L	L	L	L	L	L	L	L	L	L	L	L	L	L	L	L	L	L	L	L	L	L	L	L	L	L	L	L	L	L	L	L	L	L	L	L	L	L	L	L	L	L	L	L	L	L	L	L	L	L	L	L	L	L	L	L	L	L	L	L	L	L	L	L	L	L	L	L	L	L	L	L	L	L	L	L	L	L	L	L	L	L	L	L	L	L	L	L	L	L	L	L	L	L	L	L	L	L	L	L	L	L	L	L	L	L	L	L	L	L	L	L	L	L	L	L	L	L	L	L	L	L	L	L	L	L	L	L	L	L	L	L	L	L	L	L	L	L	L	L	L	L	L	L	L	L	L	L	L	L	L	L	L	L	L	L	L	L	L	L	L	L	L	L	L	L	L	L	L	L	L	L	L	L	L	L	L	L	L	L	L	L	L	L	L	L	L	L	L	L	L	L	L	L	L	L	L	L	L	L	L	L	L	L	L	L	L	L	L	L	L	L	L	L	L	L	L	L	L	L	L	L	L	L	L	
84	G	B	A	B	L	B	G	L	L	B	B	B	G	L	A	A	A	A	B	B	C	C	C	L	A	A	B	B	B	B	C	C	A	A	A	A	B	B	C	C	C	L	L	B	C	C	A	A	B	B	C	C	A	A	B	B	C	C	A	A	B	B	C	C	A	A	B	B	C	C	A	A	B	B	C	C	A	A	B	B	C	C	A	A	G	L	L	L	L	L	L	L	L	L	L	L	L	L	L	L	L	L	L	L	L	L	L	L	L	L	L	L	L	L	L	L	L	L	L	L	L	L	L	L	L	L	L	L	L	L	L	L	L	L	L	L	L	L	L	L	L	L	L	L	L	L	L	L	L	L	L	L	L	L	L	L	L	L	L	L	L	L	L	L	L	L	L	L	L	L	L	L	L	L	L	L	L	L	L	L	L	L	L	L	L	L	L	L	L	L	L	L	L	L	L	L	L	L	L	L	L	L	L	L	L	L	L	L	L	L	L	L	L	L	L	L	L	L	L	L	L	L	L	L	L	L	L	L	L	L	L	L	L	L	L	L	L	L	L	L	L	L	L	L	L	L	L	L	L	L	L	L	L	L	L	L	L	L	L	L	L	L	L	L	L	L	L	L	L	L	L	L	L	L	L	L	L	L	L	L	L	L	L	L	L	L	L	L	L	L	L	L	L	L	L	L	L	L	L	L	L	L	L	L	L	L	L	L	L	L	L	L	L	L	L	L	L	L	L	L	L	L	L	L	L	L	L	L	L	L	L	L	L	L	L	L	L	L	L	L	L	L	L	L	L	L	L	L	L	L	L	L	L	L	L	L	L	L	L	L	L	L	L	L	L	L	L	L	L	L	L	L	L	L	
85	G	C	G	G	L	B	B	C	L	B	B	B	B	L	A	A	A	B	B	C	C	C	C	L	A	B	B	B	B	C	C	A	A	A	A	B	B	C	C	C	C	A	L	L	C	A	A	B	B	C	C	A	A	B	B	C	C	A	A	B	B	C	C	A	A	B	B	C	C	A	A	B	B	C	C	A	A	B	B	C	C	A	A	B	B	C	L	L	L	L	L	L	L	L	L	L	L	L	L	L	L	L	L	L	L	L	L	L	L	L	L	L	L	L	L	L	L	L	L	L	L	L	L	L	L	L	L	L	L	L	L	L	L	L	L	L	L	L	L	L	L	L	L	L	L	L	L	L	L	L	L	L	L	L	L	L	L	L	L	L	L	L	L	L	L	L	L	L	L	L	L	L	L	L	L	L	L	L	L	L	L	L	L	L	L	L	L	L	L	L	L	L	L	L	L	L	L	L	L	L	L	L	L	L	L	L	L	L	L	L	L	L	L	L	L	L	L	L	L	L	L	L	L	L	L	L	L	L	L	L	L	L	L	L	L	L	L	L	L	L	L	L	L	L	L	L	L	L	L	L	L	L	L	L	L	L	L	L	L	L	L	L	L	L	L	L	L	L	L	L	L	L	L	L	L	L	L	L	L	L	L	L	L	L	L	L	L	L	L	L	L	L	L	L	L	L	L	L	L	L	L	L	L	L	L	L	L	L	L	L	L	L	L	L	L	L	L	L	L	L	L	L	L	L	L	L	L	L	L	L	L	L	L	L	L	L	L	L	L	L	L	L	L	L	L	L	L	L	L	L	L	L	L	L	L	L	L	L	L	L	L	L	L	L	L	L	L	L	L	L	L	L	L	L	
86	G	B	A	B	L	B	C	C	L	B	B	B	G	L	A	A	B	B	C	C	C	C	C	L	L	B	B	B	C	C	A	A	A	A	B	B	C	C	C	C	A	A	G	L	A	A	B	B	C	C	A	A	B	B	C	C	A	A	B	B	C	C	A	A	B	B	C	C	A	A	B	B	C	C	A	A	B	B	C	C	A	A	B	B	C	C	A	L	L	L	L	L	L	L	L	L	L	L	L	L	L	L	L	L	L	L	L	L	L	L	L	L	L	L	L	L	L	L	L	L	L	L	L	L	L	L	L	L	L	L	L	L	L	L	L	L	L	L	L	L	L	L	L	L	L	L	L	L	L	L	L	L	L	L	L	L	L	L	L	L	L	L	L	L	L	L	L	L	L	L	L	L	L	L	L	L	L	L	L	L	L	L	L	L	L	L	L	L	L	L	L	L	L	L	L	L	L	L	L	L	L	L	L	L	L	L	L	L	L	L	L	L	L	L	L	L	L	L	L	L	L	L	L	L	L	L	L	L	L	L	L	L	L	L	L	L	L	L	L	L	L	L	L	L	L	L	L	L	L	L	L	L	L	L	L	L	L	L	L	L	L	L	L	L	L	L	L	L	L	L	L	L	L	L	L	L	L	L	L	L	L	L	L	L	L	L	L	L	L	L	L	L	L	L	L	L	L	L	L	L	L	L	L	L	L	L	L	L	L	L	L	L	L	L	L	L	L	L	L	L	L	L	L	L	L	L	L	L	L	L	L	L	L	L	L	L	L	L	L	L	L	L	L	L	L	L	L	L	L	L	L	L	L	L	L	L	L	L	L	L	L	L	L	L	L	L	L	L	L	L	L	L	L	L	
87	G	C	G	G	L	L	C	C	L	B	B	B	B	L	A	B	B	C	C	C	C	C	C	A	L	B	B	C	C	A	A	A	A	B	B	C	C	C	C	A	A	B	B	L	A	B	B	C	C	A	A	B	B	C	C	A	A	B	B	C	C	A	A	B	B	C	C	A	A	B	B	C	C	A	A	B	B	C	C	A	A	B	B	C	C	A	A	G	L	L	L	L	L	L	L	L	L	L	L	L	L	L	L	L	L	L	L	L	L	L	L	L	L	L	L	L	L	L	L	L	L	L	L	L	L	L	L	L	L	L	L	L	L	L	L	L	L	L	L	L	L	L	L	L	L	L	L	L	L	L	L	L	L	L	L	L	L	L	L	L	L	L	L	L	L	L	L	L	L	L	L	L	L	L	L	L	L	L	L	L	L	L	L	L	L	L	L	L	L	L	L	L	L	L	L	L	L	L	L	L	L	L	L	L	L	L	L	L	L	L	L	L	L	L	L	L	L	L	L	L	L	L	L	L	L	L	L	L	L	L	L	L	L	L	L	L	L	L	L	L	L	L	L	L	L	L	L	L	L	L	L	L	L	L	L	L	L	L	L	L	L	L	L	L	L	L	L	L	L	L	L	L	L	L	L	L	L	L	L	L	L	L	L	L	L	L	L	L	L	L	L	L	L	L	L	L	L	L	L	L	L	L	L	L	L	L	L	L	L	L	L	L	L	L	L	L	L	L	L	L	L	L	L	L	L	L	L	L	L	L	L	L	L	L	L	L	L	L	L	L	L	L	L	L	L	L	L	L	L	L	L	L	L	L	L	L	L	L	L	L	L	L	L	L	L	L	L	L	L	L	L	L	L	L	
88	G	B	A	B	C	L	C	C	L	B	B	B	G	L	L	B	C	C	C	C	C	C	A	A	L	B	C	C	A	A	A	A	B	B	C	C	C	C	A	A	B	B	G	L	L	B	C	C	A	A	B	B	C	C	A	A	B	B	C	C	A	A	B	B	C	C	A	A	B	B	C	C	A	A	B	B	C	C	A	A	B	B	C	C	A	A	B	B	C	L	L	L	L	L	L	L	L	L	L	L	L	L	L	L	L	L	L	L	L	L	L	L	L	L	L	L	L	L	L	L	L	L	L	L	L	L	L	L	L	L	L	L	L	L	L	L	L	L	L	L	L	L	L	L	L	L	L	L	L	L	L	L	L	L	L	L	L	L	L	L	L	L	L	L	L	L	L	L	L	L	L	L	L	L	L	L	L	L	L	L	L	L	L	L	L	L	L	L	L	L	L	L	L	L	L	L	L	L	L	L	L	L	L	L	L	L	L	L	L	L	L	L	L	L	L	L	L	L	L	L	L	L	L	L	L	L	L	L	L	L	L	L	L	L	L	L	L	L	L	L	L	L	L	L	L	L	L	L	L	L	L	L	L	L	L	L	L	L	L	L	L	L	L	L	L	L	L	L	L	L	L	L	L	L	L	L	L	L	L	L	L	L	L	L	L	L	L	L	L	L	L	L	L	L	L	L	L	L	L	L	L	L	L	L	L	L	L	L	L	L	L	L	L	L	L	L	L	L	L	L	L	L	L	L	L	L	L	L	L	L	L	L	L	L	L	L	L	L	L	L	L	L	L	L	L	L	L	L	L	L	L	L	L	L	L	L	L	L	L	L	L	L	L	L	L	L	L	L	L	L	L	L	L	L	
89	G	C	G	L	C	L	C	C	L	B	B	B	B	C	L	L	C	C	C	C	C	A	A	A	L	L	C	A	A	A	A	B	B	C	C	C	C	A	A	B	B	B	B	C	L	L	C	A	A	B	B	C	C	A	A	B	B	C	C	A	A	B	B	C	C	A	A	B	B	C	C	A	A	B	B	C	C	A	A	B	B	C	C	A	A	B	B	C	C	A	L	L	L	L	L	L	L	L	L	L	L	L	L	L	L	L	L	L	L	L	L	L	L	L	L	L	L	L	L	L	L	L	L	L	L	L	L	L	L	L	L	L	L	L	L	L	L	L	L	L	L	L	L	L	L	L	L	L	L	L	L	L	L	L	L	L	L	L	L	L	L	L	L	L	L	L	L	L	L	L	L	L	L	L	L	L	L	L	L	L	L	L	L	L	L	L	L	L	L	L	L	L	L	L	L	L	L	L	L	L	L	L	L	L	L	L	L	L	L	L	L	L	L	L	L	L	L	L	L	L	L	L	L	L	L	L	L	L	L	L	L	L	L	L	L	L	L	L	L	L	L	L	L	L	L	L	L	L	L	L	L	L	L	L	L	L	L	L	L	L	L	L	L	L	L	L	L	L	L	L	L	L	L	L	L	L	L	L	L	L	L	L	L	L	L	L	L	L	L	L	L	L	L	L	L	L	L	L	L	L	L	L	L	L	L	L	L	L	L	L	L	L	L	L	L	L	L	L	L	L	L	L	L	L	L	L	L	L	L	L	L	L	L	L	L	L	L	L	L	L	L	L	L	L	L	L	L	L	L	L	L	L	L	L	L	L	L	L	L	L	L	L	L	L	L	L	L	L	L	L	L	L	L	L	
90	G	B	A	L	C	L	C	C	L	B	B	B	C	C	A	L	C	C	C	C	A	A	A	A	G	L	A	A	A	A	B	B	C	C	C	C	A	A	B	B	B	B	C	C	A	L	A	A	B	B	C	C	A	A	B	B	C	C	A	A	B	B	C	C	A	A	B	B	C	C	A	A	B	B	C	C	A	A	B	B	C	C	A	A	B	B	C	C	A	A	G	L	L	L	L	L	L	L	L	L	L	L	L	L	L	L	L	L	L	L	L	L	L	L	L	L	L	L	L	L	L	L	L	L	L	L	L	L	L	L	L	L	L	L	L	L	L	L	L	L	L	L	L	L	L	L	L	L	L	L	L	L	L	L	L	L	L	L	L	L	L	L	L	L	L	L	L	L	L	L	L	L	L	L	L	L	L	L	L	L	L	L	L	L	L	L	L	L	L	L	L	L	L	L	L	L	L	L	L	L	L	L	L	L	L	L	L	L	L	L	L	L	L	L	L	L	L	L	L	L	L	L	L	L	L	L	L	L	L	L	L	L	L	L	L	L	L	L	L	L	L	L	L	L	L	L	L	L	L	L	L	L	L	L	L	L	L	L	L	L	L	L	L	L	L	L	L	L	L	L	L	L	L	L	L	L	L	L	L	L	L	L	L	L	L	L	L	L	L	L	L	L	L	L	L	L	L	L	L	L	L	L	L	L	L	L	L	L	L	L	L	L	L	L	L	L	L	L	L	L	L	L	L	L	L	L	L	L	L	L	L	L	L	L	L	L	L	L	L	L	L	L	L	L	L	L	L	L	L	L	L	L	L	L	L	L	L	L	L	L	L	L	L	L	L	L	L	L	L	L	L	L	L	L	
91	G	C	G	L	C	L	C	C	L	B	B	C	C	A	A	L	C	C	C	A	A	A	A	B	B	L	A	A	A	B	B	C	C	C	C	A	A	B	B	B	B	C	C	A	A	L	A	B	B	C	C	A	A	B	B	C	C	A	A	B	B	C	C	A	A	B	B	C	C	A	A	B	B	C	C	A	A	B	B	C	C	A	A	B	B	C	C	A	A	B	B	C	L	L	L	L	L	L	L	L	L	L	L	L	L	L	L	L	L	L	L	L	L	L	L	L	L	L	L	L	L	L	L	L	L	L	L	L	L	L	L	L	L	L	L	L	L	L	L	L	L	L	L	L	L	L	L	L	L	L	L	L	L	L	L	L	L	L	L	L	L	L	L	L	L	L	L	L	L	L	L	L	L	L	L	L	L	L	L	L	L	L	L	L	L	L	L	L	L	L	L	L	L	L	L	L	L	L	L	L	L	L	L	L	L	L	L	L	L	L	L	L	L	L	L	L	L	L	L	L	L	L	L	L	L	L	L	L	L	L	L	L	L	L	L	L	L	L	L	L	L	L	L	L	L	L	L	L	L	L	L	L	L	L	L	L	L	L	L	L	L	L	L	L	L	L	L	L	L	L	L	L	L	L	L	L	L	L	L	L	L	L	L	L	L	L	L	L	L	L	L	L	L	L	L	L	L	L	L	L	L	L	L	L	L	L	L	L	L	L	L	L	L	L	L	L	L	L	L	L	L	L	L	L	L	L	L	L	L	L	L	L	L	L	L	L	L	L	L	L	L	L	L	L	L	L	L	L	L	L	L	L	L	L	L	L	L	L	L	L	L	L	L	L	L	L	L	L	L	L	L	L	L	L	
92	G	B	A	L	C	L	C	C	L	B	C	C	A	A	A	L	C	C	A	A	A	A	B	B	G	L	A	A	B	B	C	C	C	C	A	A	B	B	B	B	C	C	A	A	A	L	L	B	C	C	A	A	B	B	C	C	A	A	B	B	C	C	A	A	B	B	C	C	A	A	B	B	C	C	A	A	B	B	C	C	A	A	B	B	C	C	A	A	B	B	C	C	A	L	L	L	L	L	L	L	L	L	L	L	L	L	L	L	L	L	L	L	L	L	L	L	L	L	L	L	L	L	L	L	L	L	L	L	L	L	L	L	L	L	L	L	L	L	L	L	L	L	L	L	L	L	L	L	L	L	L	L	L	L	L	L	L	L	L	L	L	L	L	L	L	L	L	L	L	L	L	L	L	L	L	L	L	L	L	L	L	L	L	L	L	L	L	L	L	L	L	L	L	L	L	L	L	L	L	L	L	L	L	L	L	L	L	L	L	L	L	L	L	L	L	L	L	L	L	L	L	L	L	L	L	L	L	L	L	L	L	L	L	L	L	L	L	L	L	L	L	L	L	L	L	L	L	L	L	L	L	L	L	L	L	L	L	L	L	L	L	L	L	L	L	L	L	L	L	L	L	L	L	L	L	L	L	L	L	L	L	L	L	L	L	L	L	L	L	L	L	L	L	L	L	L	L	L	L	L	L	L	L	L	L	L	L	L	L	L	L	L	L	L	L	L	L	L	L	L	L	L	L	L	L	L	L	L	L	L	L	L	L	L	L	L	L	L	L	L	L	L	L	L	L	L	L	L	L	L	L	L	L	L	L	L	L	L	L	L	L	L	L	L	L	L	L	L	L	L	L	L	L	L	
93	G	C	G	L	C	L	C	C	L	L	C	A	A	A	A	L	C	A	A	A	A	B	B	B	B	L	A	B	B	C	C	C	C	A	A	B	B	B	B	C	C	A	A	A	A	G	L	L	C	A	A	B	B	C	C	A	A	B	B	C	C	A	A	B	B	C	C	A	A	B	B	C	C	A	A	B	B	C	C	A	A	B	B	C	C	A	A	B	B	C	C	A	A	G	L	L	L	L	L	L	L	L	L	L	L	L	L	L	L	L	L	L	L	L	L	L	L	L	L	L	L	L	L	L	L	L	L	L	L	L	L	L	L	L	L	L	L	L	L	L	L	L	L	L	L	L	L	L	L	L	L	L	L	L	L	L	L	L	L	L	L	L	L	L	L	L	L	L	L	L	L	L	L	L	L	L	L	L	L	L	L	L	L	L	L	L	L	L	L	L	L	L	L	L	L	L	L	L	L	L	L	L	L	L	L	L	L	L	L	L	L	L	L	L	L	L	L	L	L	L	L	L	L	L	L	L	L	L	L	L	L	L	L	L	L	L	L	L	L	L	L	L	L	L	L	L	L	L	L	L	L	L	L	L	L	L	L	L	L	L	L	L	L	L	L	L	L	L	L	L	L	L	L	L	L	L	L	L	L	L	L	L	L	L	L	L	L	L	L	L	L	L	L	L	L	L	L	L	L	L	L	L	L	L	L	L	L	L	L	L	L	L	L	L	L	L	L	L	L	L	L	L	L	L	L	L	L	L	L	L	L	L	L	L	L	L	L	L	L	L	L	L	L	L	L	L	L	L	L	L	L	L	L	L	L	L	L	L	L	L	L	L	L	L	L	L	L	L	L	L	L	L	L	L	
94	G	B	A	L	C	L	C	C	A	L	A	A	A	A	A	L	A	A	A	A	B	B	B	B	G	L	L	B	C	C	C	C	A	A	B	B	B	B	C	C	A	A	A	A	B	B	C	L	A	A	B	B	C	C	A	A	B	B	C	C	A	A	B	B	C	C	A	A	B	B	C	C	A	A	B	B	C	C	A	A	B	B	C	C	A	A	B	B	C	C	A	A	B	B	C	L	L	L	L	L	L	L	L	L	L	L	L	L	L	L	L	L	L	L	L	L	L	L	L	L	L	L	L	L	L	L	L	L	L	L	L	L	L	L	L	L	L	L	L	L	L	L	L	L	L	L	L	L	L	L	L	L	L	L	L	L	L	L	L	L	L	L	L	L	L	L	L	L	L	L	L	L	L	L	L	L	L	L	L	L	L	L	L	L	L	L	L	L	L	L	L	L	L	L	L	L	L	L	L	L	L	L	L	L	L	L	L	L	L	L	L	L	L	L	L	L	L	L	L	L	L	L	L	L	L	L	L	L	L	L	L	L	L	L	L	L	L	L	L	L	L	L	L	L	L	L	L	L	L	L	L	L	L	L	L	L	L	L	L	L	L	L	L	L	L	L	L	L	L	L	L	L	L	L	L	L	L	L	L	L	L	L	L	L	L	L	L	L	L	L	L	L	L	L	L	L	L	L	L	L	L	L	L	L	L	L	L	L	L	L	L	L	L	L	L	L	L	L	L	L	L	L	L	L	L	L	L	L	L	L	L	L	L	L	L	L	L	L	L	L	L	L	L	L	L	L	L	L	L	L	L	L	L	L	L	L	L	L	L	L	L	L	L	L	L	L	L	L	L	L	L	L	L	L	
95	G	C	G	L	C	L	C	A	A	L	A	A	A	A	A	L	A	A	A	B	B	B	B	B	B	C	L	L	C	C	C	A	A	B	B	B	B	C	C	A	A	A	A	B	B	C	C	L	A	B	B	C	C	A	A	B	B	C	C	A	A	B	B	C	C	A	A	B	B	C	C	A	A	B	B	C	C	A	A	B	B	C	C	A	A	B	B	C	C	A	A	B	B	C	C	A	L	L	L	L	L	L	L	L	L	L	L	L	L	L	L	L	L	L	L	L	L	L	L	L	L	L	L	L	L	L	L	L	L	L	L	L	L	L	L	L	L	L	L	L	L	L	L	L	L	L	L	L	L	L	L	L	L	L	L	L	L	L	L	L	L	L	L	L	L	L	L	L	L	L	L	L	L	L	L	L	L	L	L	L	L	L	L	L	L	L	L	L	L	L	L	L	L	L	L	L	L	L	L	L	L	L	L	L	L	L	L	L	L	L	L	L	L	L	L	L	L	L	L	L	L	L	L	L	L	L	L	L	L	L	L	L	L	L	L	L	L	L	L	L	L	L	L	L	L	L	L	L	L	L	L	L	L	L	L	L	L	L	L	L	L	L	L	L	L	L	L	L	L	L	L	L	L	L	L	L	L	L	L	L	L	L	L	L	L	L	L	L	L	L	L	L	L	L	L	L	L	L	L	L	L	L	L	L	L	L	L	L	L	L	L	L	L	L	L	L	L	L	L	L	L	L	L	L	L	L	L	L	L	L	L	L	L	L	L	L	L	L	L	L	L	L	L	L	L	L	L	L	L	L	L	L	L	L	L	L	L	L	L	L	L	L	L	L	L	L	L	L	L	L	L	L	L	L	
96	G	B	A	L	C	L	A	A	A	L	A	A	A	A	A	L	A	A	B	B	B	B	B	B	C	C	A	L	C	C	A	A	B	B	B	B	C	C	A	A	A	A	B	B	C	C	C	L	L	B	C	C	A	A	B	B	C	C	A	A	B	B	C	C	A	A	B	B	C	C	A	A	B	B	C	C	A	A	B	B	C	C	A	A	B	B	C	C	A	A	B	B	C	C	A	A	G	L	L	L	L	L	L	L	L	L	L	L	L	L	L	L	L	L	L	L	L	L	L	L	L	L	L	L	L	L	L	L	L	L	L	L	L	L	L	L	L	L	L	L	L	L	L	L	L	L	L	L	L	L	L	L	L	L	L	L	L	L	L	L	L	L	L	L	L	L	L	L	L	L	L	L	L	L	L	L	L	L	L	L	L	L	L	L	L	L	L	L	L	L	L	L	L	L	L	L	L	L	L	L	L	L	L	L	L	L	L	L	L	L	L	L	L	L	L	L	L	L	L	L	L	L	L	L	L	L	L	L	L	L	L	L	L	L	L	L	L	L	L	L	L	L	L	L	L	L	L	L	L	L	L	L	L	L	L	L	L	L	L	L	L	L	L	L	L	L	L	L	L	L	L	L	L	L	L	L	L	L	L	L	L	L	L	L	L	L	L	L	L	L	L	L	L	L	L	L	L	L	L	L	L	L	L	L	L	L	L	L	L	L	L	L	L	L	L	L	L	L	L	L	L	L	L	L	L	L	L	L	L	L	L	L	L	L	L	L	L	L	L	L	L	L	L	L	L	L	L	L	L	L	L	L	L	L	L	L	L	L	L	L	L	L	L	L	L	L	L	L	L	L	L	L	L	L	
97	G	C	G	L	C	L	A	A	A	L	A	A	A	A	A	L	A	B	B	B	B	B	B	C	C	A	A	L	C	A	A	B	B	B	B	C	C	A	A	A	A	B	B	C	C	C	C	A	L	L	C	A	A	B	B	C	C	A	A	B	B	C	C	A	A	B	B	C	C	A	A	B	B	C	C	A	A	B	B	C	C	A	A	B	B	C	C	A	A	B	B	C	C	A	A	B	B	C	L	L	L	L	L	L	L	L	L	L	L	L	L	L	L	L	L	L	L	L	L	L	L	L	L	L	L	L	L	L	L	L	L	L	L	L	L	L	L	L	L	L	L	L	L	L	L	L	L	L	L	L	L	L	L	L	L	L	L	L	L	L	L	L	L	L	L	L	L	L	L	L	L	L	L	L	L	L	L	L	L	L	L	L	L	L	L	L	L	L	L	L	L	L	L	L	L	L	L	L	L	L	L	L	L	L	L	L	L	L	L	L	L	L	L	L	L	L	L	L	L	L	L	L	L	L	L	L	L	L	L	L	L	L	L	L	L	L	L	L	L	L	L	L	L	L	L	L	L	L	L	L	L	L	L	L	L	L	L	L	L	L	L	L	L	L	L	L	L	L	L	L	L	L	L	L	L	L	L	L	L	L	L	L	L	L	L	L	L	L	L	L	L	L	L	L	L	L	L	L	L	L	L	L	L	L	L	L	L	L	L	L	L	L	L	L	L	L	L	L	L	L	L	L	L	L	L	L	L	L	L	L	L	L	L	L	L	L	L	L	L	L	L	L	L	L	L	L	L	L	L	L	L	L	L	L	L	L	L	L	L	L	L	L	L	L	L	L	L	L	L	L	L	L	L	L	
98	G	B	A	L	C	L	A	A	A	L	A	A	A	A	A	L	L	B	B	B	B	B	C	C	A	A	A	L	A	A	B	B	B	B	C	C	A	A	A	A	B	B	C	C	C	C	A	A	G	L	A	A	B	B	C	C	A	A	B	B	C	C	A	A	B	B	C	C	A	A	B	B	C	C	A	A	B	B	C	C	A	A	B	B	C	C	A	A	B	B	C	C	A	A	B	B	C	C	A	L	L	L	L	L	L	L	L	L	L	L	L	L	L	L	L	L	L	L	L	L	L	L	L	L	L	L	L	L	L	L	L	L	L	L	L	L	L	L	L	L	L	L	L	L	L	L	L	L	L	L	L	L	L	L	L	L	L	L	L	L	L	L	L	L	L	L	L	L	L	L	L	L	L	L	L	L	L	L	L	L	L	L	L	L	L	L	L	L	L	L	L	L	L	L	L	L	L	L	L	L	L	L	L	L	L	L	L	L	L	L	L	L	L	L	L	L	L	L	L	L	L	L	L	L	L	L	L	L	L	L	L	L	L	L	L	L	L	L	L	L	L	L	L	L	L	L	L	L	L	L	L	L	L	L	L	L	L	L	L	L	L	L	L	L	L	L	L	L	L	L	L	L	L	L	L	L	L	L	L	L	L	L	L	L	L	L	L	L	L	L	L	L	L	L	L	L	L	L	L	L	L	L	L	L	L	L	L	L	L	L	L	L	L	L	L	L	L	L	L	L	L	L	L	L	L	L	L	L	L	L	L	L	L	L	L	L	L	L	L	L	L	L	L	L	L	L	L	L	L	L	L	L	L	L	L	L	L	L	L	L	L	L	L	L	L	L	L	L	L	L	L	L	L	L	
99	G	C	G	L	C	L	A	A	A	L	A	A	A	A	A	G	L	B	B	B	B	C	C	A	A	A	A	L	A	B	B	B	B	C	C	A	A	A	A	B	B	C	C	C	C	A	A	B	B	L	A	B	B	C	C	A	A	B	B	C	C	A	A	B	B	C	C	A	A	B	B	C	C	A	A	B	B	C	C	A	A	B	B	C	C	A	A	B	B	C	C	A	A	B	B	C	C	A	A	G	L	L	L	L	L	L	L	L	L	L	L	L	L	L	L	L	L	L	L	L	L	L	L	L	L	L	L	L	L	L	L	L	L	L	L	L	L	L	L	L	L	L	L	L	L	L	L	L	L	L	L	L	L	L	L	L	L	L	L	L	L	L	L	L	L	L	L	L	L	L	L	L	L	L	L	L	L	L	L	L	L	L	L	L	L	L	L	L	L	L	L	L	L	L	L	L	L	L	L	L	L	L	L	L	L	L	L	L	L	L	L	L	L	L	L	L	L	L	L	L	L	L	L	L	L	L	L	L	L	L	L	L	L	L	L	L	L	L	L	L	L	L	L	L	L	L	L	L	L	L	L	L	L	L	L	L	L	L	L	L	L	L	L	L	L	L	L	L	L	L	L	L	L	L	L	L	L	L	L	L	L	L	L	L	L	L	L	L	L	L	L	L	L	L	L	L	L	L	L	L	L	L	L	L	L	L	L	L	L	L	L	L	L	L	L	L	L	L	L	L	L	L	L	L	L	L	L	L	L	L	L	L	L	L	L	L	L	L	L	L	L	L	L	L	L	L	L	L	L	L	L	L	L	L	L	L	L	L	L	L	L	L	L	L	L	L	L	L	L	L	L	L	L	L	
100	G	B	A	L	C	L	A	A	A	L	A	A	A	A	B	B	L	B	B	B	C	C	A	A	A	A	A	L	L	B	B	B	C	C	A	A	A	A	B	B	C	C	C	C	A	A	B	B	G	L	L	B	C	C	A	A	B	B	C	C	A	A	B	B	C	C	A	A	B	B	C	C	A	A	B	B	C	C	A	A	B	B	C	C	A	A	B	B	C	C	A	A	B	B	C	C	A	A	B	B	C	L	L	L	L	L	L	L	L	L	L	L	L	L	L	L	L	L	L	L	L	L	L	L	L	L	L	L	L	L	L	L	L	L	L	L	L	L	L	L	L	L	L	L	L	L	L	L	L	L	L	L	L	L	L	L	L	L	L	L	L	L	L	L	L	L	L	L	L	L	L	L	L	L	L	L	L	L	L	L	L	L	L	L	L	L	L	L	L	L	L	L	L	L	L	L	L	L	L	L	L	L	L	L	L	L	L	L	L	L	L	L	L	L	L	L	L	L	L	L	L	L	L	L	L	L	L	L	L	L	L	L	L	L	L	L	L	L	L	L	L	L	L	L	L	L	L	L	L	L	L	L	L	L	L	L	L	L	L	L	L	L	L	L	L	L	L	L	L	L	L	L	L	L	L	L	L	L	L	L	L	L	L	L	L	L	L	L	L	L	L	L	L	L	L	L	L	L	L	L	L	L	L	L	L	L	L	L	L	L	L	L	L	L	L	L	L	L	L	L	L	L	L	L	L	L	L	L	L	L	L	L	L	L	L	L	L	L	L	L	L	L	L	L	L	L	L	L	L	L	L	L	L	L	L	L	L	L	L	L	L	L	L	L	L	L	L	L	L	L	L	L	L	L	
101	G	C	G	L	C	L	A	A	A	L	A	A	A	B	B	G	L	B	B	C	C	A	A	A	A	A	A	G	L	B	B	C	C	A	A	A	A	B	B	C	C	C	C	A	A	B	B	B	B	C	L	L	C	A	A	B	B	C	C	A	A	B	B	C	C	A	A	B	B	C	C	A	A	B	B	C	C	A	A	B	B	C	C	A	A	B	B	C	C	A	A	B	B	C	C	A	A	B	B	C	C	A	L	L	L	L	L	L	L	L	L	L	L	L	L	L	L	L	L	L	L	L	L	L	L	L	L	L	L	L	L	L	L	L	L	L	L	L	L	L	L	L	L	L	L	L	L	L	L	L	L	L	L	L	L	L	L	L	L	L	L	L	L	L	L	L	L	L	L	L	L	L	L	L	L	L	L	L	L	L	L	L	L	L	L	L	L	L	L	L	L	L	L	L	L	L	L	L	L	L	L	L	L	L	L	L	L	L	L	L	L	L	L	L	L	L	L	L	L	L	L	L	L	L	L	L	L	L	L	L	L	L	L	L	L	L	L	L	L	L	L	L	L	L	L	L	L	L	L	L	L	L	L	L	L	L	L	L	L	L	L	L	L	L	L	L	L	L	L	L	L	L	L	L	L	L	L	L	L	L	L	L	L	L	L	L	L	L	L	L	L	L	L	L	L	L	L	L	L	L	L	L	L	L	L	L	L	L	L	L	L	L	L	L	L	L	L	L	L	L	L	L	L	L	L	L	L	L	L	L	L	L	L	L	L	L	L	L	L	L	L	L	L	L	L	L	L	L	L	L	L	L	L	L	L	L	L	L	L	L	L	L	L	L	L	L	L	L	L	L	L	L	L	L	
102	G	B	A	L	C	L	A	A	A	L	A	A	B	B	B	B	L	B	C	C	A	A	A	A	A	A	B	B	L	B	C	C	A	A	A	A	B	B	C	C	C	C	A	A	B	B	B	B	C	C	A	L	A	A	B	B	C	C	A	A	B	B	C	C	A	A	B	B	C	C	A	A	B	B	C	C	A	A	B	B	C	C	A	A	B	B	C	C	A	A	B	B	C	C	A	A	B	B	C	C	A	A	G	L	L	L	L	L	L	L	L	L	L	L	L	L	L	L	L	L	L	L	L	L	L	L	L	L	L	L	L	L	L	L	L	L	L	L	L	L	L	L	L	L	L	L	L	L	L	L	L	L	L	L	L	L	L	L	L	L	L	L	L	L	L	L	L	L	L	L	L	L	L	L	L	L	L	L	L	L	L	L	L	L	L	L	L	L	L	L	L	L	L	L	L	L	L	L	L	L	L	L	L	L	L	L	L	L	L	L	L	L	L	L	L	L	L	L	L	L	L	L	L	L	L	L	L	L	L	L	L	L	L	L	L	L	L	L	L	L	L	L	L	L	L	L	L	L	L	L	L	L	L	L	L	L	L	L	L	L	L	L	L	L	L	L	L	L	L	L	L	L	L	L	L	L	L	L	L	L	L	L	L	L	L	L	L	L	L	L	L	L	L	L	L	L	L	L	L	L	L	L	L	L	L	L	L	L	L	L	L	L	L	L	L	L	L	L	L	L	L	L	L	L	L	L	L	L	L	L	L	L	L	L	L	L	L	L	L	L	L	L	L	L	L	L	L	L	L	L	L	L	L	L	L	L	L	L	L	L	L	L	L	L	L	L	L	L	L	L	L	L	L	L	
103	G	C	G	L	C	L	A	A	A	L	A	B	B	B	B	G	L	L	C	A	A	A	A	A	A	B	B	G	L	L	C	A	A	A	A	B	B	C	C	C	C	A	A	B	B	B	B	C	C	A	A	L	A	B	B	C	C	A	A	B	B	C	C	A	A	B	B	C	C	A	A	B	B	C	C	A	A	B	B	C	C	A	A	B	B	C	C	A	A	B	B	C	C	A	A	B	B	C	C	A	A	B	B	C	L	L	L	L	L	L	L	L	L	L	L	L	L	L	L	L	L	L	L	L	L	L	L	L	L	L	L	L	L	L	L	L	L	L	L	L	L	L	L	L	L	L	L	L	L	L	L	L	L	L	L	L	L	L	L	L	L	L	L	L	L	L	L	L	L	L	L	L	L	L	L	L	L	L	L	L	L	L	L	L	L	L	L	L	L	L	L	L	L	L	L	L	L	L	L	L	L	L	L	L	L	L	L	L	L	L	L	L	L	L	L	L	L	L	L	L	L	L	L	L	L	L	L	L	L	L	L	L	L	L	L	L	L	L	L	L	L	L	L	L	L	L	L	L	L	L	L	L	L	L	L	L	L	L	L	L	L	L	L	L	L	L	L	L	L	L	L	L	L	L	L	L	L	L	L	L	L	L	L	L	L	L	L	L	L	L	L	L	L	L	L	L	L	L	L	L	L	L	L	L	L	L	L	L	L	L	L	L	L	L	L	L	L	L	L	L	L	L	L	L	L	L	L	L	L	L	L	L	L	L	L	L	L	L	L	L	L	L	L	L	L	L	L	L	L	L	L	L	L	L	L	L	L	L	L	L	L	L	L	L	L	L	L	L	L	L	L	L	L	L	
104	G	B	A	L	C	L	A	A	A	L	L	B	B	B	B	B	C	L	A	A	A	A	A	A	B	B	B	B	C	L	A	A	A	A	B	B	C	C	C	C	A	A	B	B	B	B	C	C	A	A	A	L	L	B	C	C	A	A	B	B	C	C	A	A	B	B	C	C	A	A	B	B	C	C	A	A	B	B	C	C	A	A	B	B	C	C	A	A	B	B	C	C	A	A	B	B	C	C	A	A	B	B	C	C	A	L	L	L	L	L	L	L	L	L	L	L	L	L	L	L	L	L	L	L	L	L	L	L	L	L	L	L	L	L	L	L	L	L	L	L	L	L	L	L	L	L	L	L	L	L	L	L	L	L	L	L	L	L	L	L	L	L	L	L	L	L	L	L	L	L	L	L	L	L	L	L	L	L	L	L	L	L	L	L	L	L	L	L	L	L	L	L	L	L	L	L	L	L	L	L	L	L	L	L	L	L	L	L	L	L	L	L	L	L	L	L	L	L	L	L	L	L	L	L	L	L	L	L	L	L	L	L	L	L	L	L	L	L	L	L	L	L	L	L	L	L	L	L	L	L	L	L	L	L	L	L	L	L	L	L	L	L	L	L	L	L	L	L	L	L	L	L	L	L	L	L	L	L	L	L	L	L	L	L	L	L	L	L	L	L	L	L	L	L	L	L	L	L	L	L	L	L	L	L	L	L	L	L	L	L	L	L	L	L	L	L	L	L	L	L	L	L	L	L	L	L	L	L	L	L	L	L	L	L	L	L	L	L	L	L	L	L	L	L	L	L	L	L	L	L	L	L	L	L	L	L	L	L	L	L	L	L	L	L	L	L	L	L	L	L	L	L	L	L	
105	G	C	G	L	C	L	A	A	A	G	L	B	B	B	B	C	C	L	A	A	A	A	A	B	B	B	B	C	C	L	A	A	A	B	B	C	C	C	C	A	A	B	B	B	B	C	C	A	A	A	A	G	L	L	C	A	A	B	B	C	C	A	A	B	B	C	C	A	A	B	B	C	C	A	A	B	B	C	C	A	A	B	B	C	C	A	A	B	B	C	C	A	A	B	B	C	C	A	A	B	B	C	C	A	A	G	L	L	L	L	L	L	L	L	L	L	L	L	L	L	L	L	L	L	L	L	L	L	L	L	L	L	L	L	L	L	L	L	L	L	L	L	L	L	L	L	L	L	L	L	L	L	L	L	L	L	L	L	L	L	L	L	L	L	L	L	L	L	L	L	L	L	L	L	L	L	L	L	L	L	L	L	L	L	L	L	L	L	L	L	L	L	L	L	L	L	L	L	L	L	L	L	L	L	L	L	L	L	L	L	L	L	L	L	L	L	L	L	L	L	L	L	L	L	L	L	L	L	L	L	L	L	L	L	L	L	L	L	L	L	L	L	L	L	L	L	L	L	L	L	L	L	L	L	L	L	L	L	L	L	L	L	L	L	L	L	L	L	L	L	L	L	L	L	L	L	L	L	L	L	L	L	L	L	L	L	L	L	L	L	L	L	L	L	L	L	L	L	L	L	L	L	L	L	L	L	L	L	L	L	L	L	L	L	L	L	L	L	L	L	L	L	L	L	L	L	L	L	L	L	L	L	L	L	L	L	L	L	L	L	L	L	L	L	L	L	L	L	L	L	L	L	L	L	L	L	L	L	L	L	L	L	L	L	L	L	L	L	L	L	L	L	L	L	
106	G	B	A	L	C	L	A	A	B	B	L	B	B	B	C	C	C	L	A	A	A	A	B	B	B	B	C	C	C	L	A	A	B	B	C	C	C	C	A	A	B	B	B	B	C	C	A	A	A	A	B	B	C	L	A	A	B	B	C	C	A	A	B	B	C	C	A	A	B	B	C	C	A	A	B	B	C	C	A	A	B	B	C	C	A	A	B	B	C	C	A	A	B	B	C	C	A	A	B	B	C	C	A	A	B	B	C	L	L	L	L	L	L	L	L	L	L	L	L	L	L	L	L	L	L	L	L	L	L	L	L	L	L	L	L	L	L	L	L	L	L	L	L	L	L	L	L	L	L	L	L	L	L	L	L	L	L	L	L	L	L	L	L	L	L	L	L	L	L	L	L	L	L	L	L	L	L	L	L	L	L	L	L	L	L	L	L	L	L	L	L	L	L	L	L	L	L	L	L	L	L	L	L	L	L	L	L	L	L	L	L	L	L	L	L	L	L	L	L	L	L	L	L	L	L	L	L	L	L	L	L	L	L	L	L	L	L	L	L	L	L	L	L	L	L	L	L	L	L	L	L	L	L	L	L	L	L	L	L	L	L	L	L	L	L	L	L	L	L	L	L	L	L	L	L	L	L	L	L	L	L	L	L	L	L	L	L	L	L	L	L	L	L	L	L	L	L	L	L	L	L	L	L	L	L	L	L	L	L	L	L	L	L	L	L	L	L	L	L	L	L	L	L	L	L	L	L	L	L	L	L	L	L	L	L	L	L	L	L	L	L	L	L	L	L	L	L	L	L	L	L	L	L	L	L	L	L	L	L	L	L	L	L	L	L	L	L	L	L	L	L	L	L	L	
107	G	C	G	L	C	L	A	B	B	G	L	B	B	C	C	C	C	L	A	A	A	B	B	B	B	C	C	C	C	L	A	B	B	C	C	C	C	A	A	B	B	B	B	C	C	A	A	A	A	B	B	C	C	L	A	B	B	C	C	A	A	B	B	C	C	A	A	B	B	C	C	A	A	B	B	C	C	A	A	B	B	C	C	A	A	B	B	C	C	A	A	B	B	C	C	A	A	B	B	C	C	A	A	B	B	C	C	A	L	L	L	L	L	L	L	L	L	L	L	L	L	L	L	L	L	L	L	L	L	L	L	L	L	L	L	L	L	L	L	L	L	L	L	L	L	L	L	L	L	L	L	L	L	L	L	L	L	L	L	L	L	L	L	L	L	L	L	L	L	L	L	L	L	L	L	L	L	L	L	L	L	L	L	L	L	L	L	L	L	L	L	L	L	L	L	L	L	L	L	L	L	L	L	L	L	L	L	L	L	L	L	L	L	L	L	L	L	L	L	L	L	L	L	L	L	L	L	L	L	L	L	L	L	L	L	L	L	L	L	L	L	L	L	L	L	L	L	L	L	L	L	L	L	L	L	L	L	L	L	L	L	L	L	L	L	L	L	L	L	L	L	L	L	L	L	L	L	L	L	L	L	L	L	L	L	L	L	L	L	L	L	L	L	L	L	L	L	L	L	L	L	L	L	L	L	L	L	L	L	L	L	L	L	L	L	L	L	L	L	L	L	L	L	L	L	L	L	L	L	L	L	L	L	L	L	L	L	L	L	L	L	L	L	L	L	L	L	L	L	L	L	L	L	L	L	L	L	L	L	L	L	L	L	L	L	L	L	L	L	L	L	L	L	L	
108	G	B	A	L	C	L	L	B	B	B	L	B	C	C	C	C	C	L	A	A	B	B	B	B	C	C	C	C	C	L	L	B	C	C	C	C	A	A	B	B	B	B	C	C	A	A	A	A	B	B	C	C	C	L	L	B	C	C	A	A	B	B	C	C	A	A	B	B	C	C	A	A	B	B	C	C	A	A	B	B	C	C	A	A	B	B	C	C	A	A	B	B	C	C	A	A	B	B	C	C	A	A	B	B	C	C	A	A	G	L	L	L	L	L	L	L	L	L	L	L	L	L	L	L	L	L	L	L	L	L	L	L	L	L	L	L	L	L	L	L	L	L	L	L	L	L	L	L	L	L	L	L	L	L	L	L	L	L	L	L	L	L	L	L	L	L	L	L	L	L	L	L	L	L	L	L	L	L	L	L	L	L	L	L	L	L	L	L	L	L	L	L	L	L	L	L	L	L	L	L	L	L	L	L	L	L	L	L	L	L	L	L	L	L	L	L	L	L	L	L	L	L	L	L	L	L	L	L	L	L	L	L	L	L	L	L	L	L	L	L	L	L	L	L	L	L	L	L	L	L	L	L	L	L	L	L	L	L	L	L	L	L	L	L	L	L	L	L	L	L	L	L	L	L	L	L	L	L	L	L	L	L	L	L	L	L	L	L	L	L	L	L	L	L	L	L	L	L	L	L	L	L	L	L	L	L	L	L	L	L	L	L	L	L	L	L	L	L	L	L	L	L	L	L	L	L	L	L	L	L	L	L	L	L	L	L	L	L	L	L	L	L	L	L	L	L	L	L	L	L	L	L	L	L	L	L	L	L	L	L	L	L	L	L	L	L	L	L	L	L	L	L	L	L	
109	G	C	G	L	C	A	L	B	B	G	L	L	C	C	C	C	C	L	A	B	B	B	B	C	C	C	C	C	C	A	L	L	C	C	C	A	A	B	B	B	B	C	C	A	A	A	A	B	B	C	C	C	C	A	L	L	C	A	A	B	B	C	C	A	A	B	B	C	C	A	A	B	B	C	C	A	A	B	B	C	C	A	A	B	B	C	C	A	A	B	B	C	C	A	A	B	B	C	C	A	A	B	B	C	C	A	A	B	B	C	L	L	L	L	L	L	L	L	L	L	L	L	L	L	L	L	L	L	L	L	L	L	L	L	L	L	L	L	L	L	L	L	L	L	L	L	L	L	L	L	L	L	L	L	L	L	L	L	L	L	L	L	L	L	L	L	L	L	L	L	L	L	L	L	L	L	L	L	L	L	L	L	L	L	L	L	L	L	L	L	L	L	L	L	L	L	L	L	L	L	L	L	L	L	L	L	L	L	L	L	L	L	L	L	L	L	L	L	L	L	L	L	L	L	L	L	L	L	L	L	L	L	L	L	L	L	L	L	L	L	L	L	L	L	L	L	L	L	L	L	L	L	L	L	L	L	L	L	L	L	L	L	L	L	L	L	L	L	L	L	L	L	L	L	L	L	L	L	L	L	L	L	L	L	L	L	L	L	L	L	L	L	L	L	L	L	L	L	L	L	L	L	L	L	L	L	L	L	L	L	L	L	L	L	L	L	L	L	L	L	L	L	L	L	L	L	L	L	L	L	L	L	L	L	L	L	L	L	L	L	L	L	L	L	L	L	L	L	L	L	L	L	L	L	L	L	L	L	L	L	L	L	L	L	L	L	L	L	L	L	L	L	L	L	
110	G	B	A	L	A	A	L	B	B	B	C	L	C	C	C	C	C	L	L	B	B	B	C	C	C	C	C	C	A	A	G	L	C	C	A	A	B	B	B	B	C	C	A	A	A	A	B	B	C	C	C	C	A	A	G	L	A	A	B	B	C	C	A	A	B	B	C	C	A	A	B	B	C	C	A	A	B	B	C	C	A	A	B	B	C	C	A	A	B	B	C	C	A	A	B	B	C	C	A	A	B	B	C	C	A	A	B	B	C	C	A	L	L	L	L	L	L	L	L	L	L	L	L	L	L	L	L	L	L	L	L	L	L	L	L	L	L	L	L	L	L	L	L	L	L	L	L	L	L	L	L	L	L	L	L	L	L	L	L	L	L	L	L	L	L	L	L	L	L	L	L	L	L	L	L	L	L	L	L	L	L	L	L	L	L	L	L	L	L	L	L	L	L	L	L	L	L	L	L	L	L	L	L	L	L	L	L	L	L	L	L	L	L	L	L	L	L	L	L	L	L	L	L	L	L	L	L	L	L	L	L	L	L	L	L	L	L	L	L	L	L	L	L	L	L	L	L	L	L	L	L	L	L	L	L	L	L	L	L	L	L	L	L	L	L	L	L	L	L	L	L	L	L	L	L	L	L	L	L	L	L	L	L	L	L	L	L	L	L	L	L	L	L	L	L	L	L	L	L	L	L	L	L	L	L	L	L	L	L	L	L	L	L	L	L	L	L	L	L	L	L	L	L	L	L	L	L	L	L	L	L	L	L	L	L	L	L	L	L	L	L	L	L	L	L	L	L	L	L	L	L	L	L	L	L	L	L	L	L	L	L	L	L	L	L	L	L	L	L	L	L	L	L	L	
111	G	C	G	L	A	A	L	B	B	C	C	L	C	C	C	C	C	A	L	B	B	C	C	C	C	C	C	A	A	B	B	L	C	A	A	B	B	B	B	C	C	A	A	A	A	B	B	C	C	C	C	A	A	B	B	L	A	B	B	C	C	A	A	B	B	C	C	A	A	B	B	C	C	A	A	B	B	C	C	A	A	B	B	C	C	A	A	B	B	C	C	A	A	B	B	C	C	A	A	B	B	C	C	A	A	B	B	C	C	A	A	G	L	L	L	L	L	L	L	L	L	L	L	L	L	L	L	L	L	L	L	L	L	L	L	L	L	L	L	L	L	L	L	L	L	L	L	L	L	L	L	L	L	L	L	L	L	L	L	L	L	L	L	L	L	L	L	L	L	L	L	L	L	L	L	L	L	L	L	L	L	L	L	L	L	L	L	L	L	L	L	L	L	L	L	L	L	L	L	L	L	L	L	L	L	L	L	L	L	L	L	L	L	L	L	L	L	L	L	L	L	L	L	L	L	L	L	L	L	L	L	L	L	L	L	L	L	L	L	L	L	L	L	L	L	L	L	L	L	L	L	L	L	L	L	L	L	L	L	L	L	L	L	L	L	L	L	L	L	L	L	L	L	L	L	L	L	L	L	L	L	L	L	L	L	L	L	L	L	L	L	L	L	L	L	L	L	L	L	L	L	L	L	L	L	L	L	L	L	L	L	L	L	L	L	L	L	L	L	L	L	L	L	L	L	L	L	L	L	L	L	L	L	L	L	L	L	L	L	L	L	L	L	L	L	L	L	L	L	L	L	L	L	L	L	L	L	L	L	L	L	L	L	L	L	L	L	L	L	L	L	L	L	L	
112	G	B	A	L	A	A	L	B	C	C	C	L	C	C	C	C	A	A	L	B	C	C	C	C	C	C	A	A	B	B	G	L	A	A	B	B	B	B	C	C	A	A	A	A	B	B	C	C	C	C	A	A	B	B	G	L	L	B	C	C	A	A	B	B	C	C	A	A	B	B	C	C	A	A	B	B	C	C	A	A	B	B	C	C	A	A	B	B	C	C	A	A	B	B	C	C	A	A	B	B	C	C	A	A	B	B	C	C	A	A	B	B	C	L	L	L	L	L	L	L	L	L	L	L	L	L	L	L	L	L	L	L	L	L	L	L	L	L	L	L	L	L	L	L	L	L	L	L	L	L	L	L	L	L	L	L	L	L	L	L	L	L	L	L	L	L	L	L	L	L	L	L	L	L	L	L	L	L	L	L	L	L	L	L	L	L	L	L	L	L	L	L	L	L	L	L	L	L	L	L	L	L	L	L	L	L	L	L	L	L	L	L	L	L	L	L	L	L	L	L	L	L	L	L	L	L	L	L	L	L	L	L	L	L	L	L	L	L	L	L	L	L	L	L	L	L	L	L	L	L	L	L	L	L	L	L	L	L	L	L	L	L	L	L	L	L	L	L	L	L	L	L	L	L	L	L	L	L	L	L	L	L	L	L	L	L	L	L	L	L	L	L	L	L	L	L	L	L	L	L	L	L	L	L	L	L	L	L	L	L	L	L	L	L	L	L	L	L	L	L	L	L	L	L	L	L	L	L	L	L	L	L	L	L	L	L	L	L	L	L	L	L	L	L	L	L	L	L	L	L	L	L	L	L	L	L	L	L	L	L	L	L	L	L	L	L	L	L	L	L	L	L	L	L	
113	G	C	G	L	A	A	L	L	C	C	C	L	C	C	C	A	A	A	L	L	C	C	C	C	C	A	A	B	B	B	B	L	A	B	B	B	B	C	C	A	A	A	A	B	B	C	C	C	C	A	A	B	B	B	B	C	L	L	C	A	A	B	B	C	C	A	A	B	B	C	C	A	A	B	B	C	C	A	A	B	B	C	C	A	A	B	B	C	C	A	A	B	B	C	C	A	A	B	B	C	C	A	A	B	B	C	C	A	A	B	B	C	C	A	L	L	L	L	L	L	L	L	L	L	L	L	L	L	L	L	L	L	L	L	L	L	L	L	L	L	L	L	L	L	L	L	L	L	L	L	L	L	L	L	L	L	L	L	L	L	L	L	L	L	L	L	L	L	L	L	L	L	L	L	L	L	L	L	L	L	L	L	L	L	L	L	L	L	L	L	L	L	L	L	L	L	L	L	L	L	L	L	L	L	L	L	L	L	L	L	L	L	L	L	L	L	L	L	L	L	L	L	L	L	L	L	L	L	L	L	L	L	L	L	L	L	L	L	L	L	L	L	L	L	L	L	L	L	L	L	L	L	L	L	L	L	L	L	L	L	L	L	L	L	L	L	L	L	L	L	L	L	L	L	L	L	L	L	L	L	L	L	L	L	L	L	L	L	L	L	L	L	L	L	L	L	L	L	L	L	L	L	L	L	L	L	L	L	L	L	L	L	L	L	L	L	L	L	L	L	L	L	L	L	L	L	L	L	L	L	L	L	L	L	L	L	L	L	L	L	L	L	L	L	L	L	L	L	L	L	L	L	L	L	L	L	L	L	L	L	L	L	L	L	L	L	L	L	L	L	L	L	L	L	
114	G	B	A	L	A	A	G	L	C	C	C	L	C	C	A	A	A	A	G	L	C	C	C	C	A	A	B	B	B	B	G	L	L	B	B	B	C	C	A	A	A	A	B	B	C	C	C	C	A	A	B	B	B	B	C	C	A	L	A	A	B	B	C	C	A	A	B	B	C	C	A	A	B	B	C	C	A	A	B	B	C	C	A	A	B	B	C	C	A	A	B	B	C	C	A	A	B	B	C	C	A	A	B	B	C	C	A	A	B	B	C	C	A	A	G	L	L	L	L	L	L	L	L	L	L	L	L	L	L	L	L	L	L	L	L	L	L	L	L	L	L	L	L	L	L	L	L	L	L	L	L	L	L	L	L	L	L	L	L	L	L	L	L	L	L	L	L	L	L	L	L	L	L	L	L	L	L	L	L	L	L	L	L	L	L	L	L	L	L	L	L	L	L	L	L	L	L	L	L	L	L	L	L	L	L	L	L	L	L	L	L	L	L	L	L	L	L	L	L	L	L	L	L	L	L	L	L	L	L	L	L	L	L	L	L	L	L	L	L	L	L	L	L	L	L	L	L	L	L	L	L	L	L	L	L	L	L	L	L	L	L	L	L	L	L	L	L	L	L	L	L	L	L	L	L	L	L	L	L	L	L	L	L	L	L	L	L	L	L	L	L	L	L	L	L	L	L	L	L	L	L	L	L	L	L	L	L	L	L	L	L	L	L	L	L	L	L	L	L	L	L	L	L	L	L	L	L	L	L	L	L	L	L	L	L	L	L	L	L	L	L	L	L	L	L	L	L	L	L	L	L	L	L	L	L	L	L	L	L	L	L	L	L	L	L	L	L	L	L	L	L	L	L	L	
115	G	C	G	L	A	B	B	L	C	C	C	L	C	A	A	A	A	B	B	L	C	C	C	A	A	B	B	B	B	B	B	C	L	B	B	C	C	A	A	A	A	B	B	C	C	C	C	A	A	B	B	B	B	C	C	A	A	L	A	B	B	C	C	A	A	B	B	C	C	A	A	B	B	C	C	A	A	B	B	C	C	A	A	B	B	C	C	A	A	B	B	C	C	A	A	B	B	C	C	A	A	B	B	C	C	A	A	B	B	C	C	A	A	B	B	C	L	L	L	L	L	L	L	L	L	L	L	L	L	L	L	L	L	L	L	L	L	L	L	L	L	L	L	L	L	L	L	L	L	L	L	L	L	L	L	L	L	L	L	L	L	L	L	L	L	L	L	L	L	L	L	L	L	L	L	L	L	L	L	L	L	L	L	L	L	L	L	L	L	L	L	L	L	L	L	L	L	L	L	L	L	L	L	L	L	L	L	L	L	L	L	L	L	L	L	L	L	L	L	L	L	L	L	L	L	L	L	L	L	L	L	L	L	L	L	L	L	L	L	L	L	L	L	L	L	L	L	L	L	L	L	L	L	L	L	L	L	L	L	L	L	L	L	L	L	L	L	L	L	L	L	L	L	L	L	L	L	L	L	L	L	L	L	L	L	L	L	L	L	L	L	L	L	L	L	L	L	L	L	L	L	L	L	L	L	L	L	L	L	L	L	L	L	L	L	L	L	L	L	L	L	L	L	L	L	L	L	L	L	L	L	L	L	L	L	L	L	L	L	L	L	L	L	L	L	L	L	L	L	L	L	L	L	L	L	L	L	L	L	L	L	L	L	L	L	L	L	L	L	L	L	L	L	L	
116	G	B	A	L	L	B	G	L	C	C	C	L	A	A	A	A	B	B	G	L	C	C	A	A	B	B	B	B	B	B	C	C	L	B	C	C	A	A	A	A	B	B	C	C	C	C	A	A	B	B	B	B	C	C	A	A	A	L	L	B	C	C	A	A	B	B	C	C	A	A	B	B	C	C	A	A	B	B	C	C	A	A	B	B	C	C	A	A	B	B	C	C	A	A	B	B	C	C	A	A	B	B	C	C	A	A	B	B	C	C	A	A	B	B	C	C	A	L	L	L	L	L	L	L	L	L	L	L	L	L	L	L	L	L	L	L	L	L	L	L	L	L	L	L	L	L	L	L	L	L	L	L	L	L	L	L	L	L	L	L	L	L	L	L	L	L	L	L	L	L	L	L	L	L	L	L	L	L	L	L	L	L	L	L	L	L	L	L	L	L	L	L	L	L	L	L	L	L	L	L	L	L	L	L	L	L	L	L	L	L	L	L	L	L	L	L	L	L	L	L	L	L	L	L	L	L	L	L	L	L	L	L	L	L	L	L	L	L	L	L	L	L	L	L	L	L	L	L	L	L	L	L	L	L	L	L	L	L	L	L	L	L	L	L	L	L	L	L	L	L	L	L	L	L	L	L	L	L	L	L	L	L	L	L	L	L	L	L	L	L	L	L	L	L	L	L	L	L	L	L	L	L	L	L	L	L	L	L	L	L	L	L	L	L	L	L	L	L	L	L	L	L	L	L	L	L	L	L	L	L	L	L	L	L	L	L	L	L	L	L	L	L	L	L	L	L	L	L	L	L	L	L	L	L	L	L	L	L	L	L	L	L	L	L	L	L	L	L	L	L	L	L	L	L	
117	G	C	G	G	L	B	B	L	C	C	C	L	A	A	A	B	B	B	B	L	C	A	A	B	B	B	B	B	B	C	C	C	L	L	C	A	A	A	A	B	B	C	C	C	C	A	A	B	B	B	B	C	C	A	A	A	A	G	L	L	C	A	A	B	B	C	C	A	A	B	B	C	C	A	A	B	B	C	C	A	A	B	B	C	C	A	A	B	B	C	C	A	A	B	B	C	C	A	A	B	B	C	C	A	A	B	B	C	C	A	A	B	B	C	C	A	A	G	L	L	L	L	L	L	L	L	L	L	L	L	L	L	L	L	L	L	L	L	L	L	L	L	L	L	L	L	L	L	L	L	L	L	L	L	L	L	L	L	L	L	L	L	L	L	L	L	L	L	L	L	L	L	L	L	L	L	L	L	L	L	L	L	L	L	L	L	L	L	L	L	L	L	L	L	L	L	L	L	L	L	L	L	L	L	L	L	L	L	L	L	L	L	L	L	L	L	L	L	L	L	L	L	L	L	L	L	L	L	L	L	L	L	L	L	L	L	L	L	L	L	L	L	L	L	L	L	L	L	L	L	L	L	L	L	L	L	L	L	L	L	L	L	L	L	L	L	L	L	L	L	L	L	L	L	L	L	L	L	L	L	L	L	L	L	L	L	L	L	L	L	L	L	L	L	L	L	L	L	L	L	L	L	L	L	L	L	L	L	L	L	L	L	L	L	L	L	L	L	L	L	L	L	L	L	L	L	L	L	L	L	L	L	L	L	L	L	L	L	L	L	L	L	L	L	L	L	L	L	L	L	L	L	L	L	L	L	L	L	L	L	L	L	L	L	L	L	L	L	L	L	L	L	L	L	
118	G	B	A	B	L	B	G	L	C	C	C	L	A	A	B	B	B	B	G	L	A	A	B	B	B	B	B	B	C	C	C	C	A	L	A	A	A	A	B	B	C	C	C	C	A	A	B	B	B	B	C	C	A	A	A	A	B	B	C	L	A	A	B	B	C	C	A	A	B	B	C	C	A	A	B	B	C	C	A	A	B	B	C	C	A	A	B	B	C	C	A	A	B	B	C	C	A	A	B	B	C	C	A	A	B	B	C	C	A	A	B	B	C	C	A	A	B	B	C	L	L	L	L	L	L	L	L	L	L	L	L	L	L	L	L	L	L	L	L	L	L	L	L	L	L	L	L	L	L	L	L	L	L	L	L	L	L	L	L	L	L	L	L	L	L	L	L	L	L	L	L	L	L	L	L	L	L	L	L	L	L	L	L	L	L	L	L	L	L	L	L	L	L	L	L	L	L	L	L	L	L	L	L	L	L	L	L	L	L	L	L	L	L	L	L	L	L	L	L	L	L	L	L	L	L	L	L	L	L	L	L	L	L	L	L	L	L	L	L	L	L	L	L	L	L	L	L	L	L	L	L	L	L	L	L	L	L	L	L	L	L	L	L	L	L	L	L	L	L	L	L	L	L	L	L	L	L	L	L	L	L	L	L	L	L	L	L	L	L	L	L	L	L	L	L	L	L	L	L	L	L	L	L	L	L	L	L	L	L	L	L	L	L	L	L	L	L	L	L	L	L	L	L	L	L	L	L	L	L	L	L	L	L	L	L	L	L	L	L	L	L	L	L	L	L	L	L	L	L	L	L	L	L	L	L	L	L	L	L	L	L	L	L	L	L	L	L	L	L	L	L	L	L	L	
119	G	C	G	G	L	B	B	L	C	C	C	L	A	B	B	B	B	B	B	L	A	B	B	B	B	B	B	C	C	C	C	A	A	L	A	A	A	B	B	C	C	C	C	A	A	B	B	B	B	C	C	A	A	A	A	B	B	C	C	L	A	B	B	C	C	A	A	B	B	C	C	A	A	B	B	C	C	A	A	B	B	C	C	A	A	B	B	C	C	A	A	B	B	C	C	A	A	B	B	C	C	A	A	B	B	C	C	A	A	B	B	C	C	A	A	B	B	C	C	A	L	L	L	L	L	L	L	L	L	L	L	L	L	L	L	L	L	L	L	L	L	L	L	L	L	L	L	L	L	L	L	L	L	L	L	L	L	L	L	L	L	L	L	L	L	L	L	L	L	L	L	L	L	L	L	L	L	L	L	L	L	L	L	L	L	L	L	L	L	L	L	L	L	L	L	L	L	L	L	L	L	L	L	L	L	L	L	L	L	L	L	L	L	L	L	L	L	L	L	L	L	L	L	L	L	L	L	L	L	L	L	L	L	L	L	L	L	L	L	L	L	L	L	L	L	L	L	L	L	L	L	L	L	L	L	L	L	L	L	L	L	L	L	L	L	L	L	L	L	L	L	L	L	L	L	L	L	L	L	L	L	L	L	L	L	L	L	L	L	L	L	L	L	L	L	L	L	L	L	L	L	L	L	L	L	L	L	L	L	L	L	L	L	L	L	L	L	L	L	L	L	L	L	L	L	L	L	L	L	L	L	L	L	L	L	L	L	L	L	L	L	L	L	L	L	L	L	L	L	L	L	L	L	L	L	L	L	L	L	L	L	L	L	L	L	L	L	L	L	L	L	L	L	L	
120	G	B	A	B	L	B	G	L	C	C	C	L	L	B	B	B	B	B	G	L	L	B	B	B	B	B	C	C	C	C	A	A	A	L	A	A	B	B	C	C	C	C	A	A	B	B	B	B	C	C	A	A	A	A	B	B	C	C	C	L	L	B	C	C	A	A	B	B	C	C	A	A	B	B	C	C	A	A	B	B	C	C	A	A	B	B	C	C	A	A	B	B	C	C	A	A	B	B	C	C	A	A	B	B	C	C	A	A	B	B	C	C	A	A	B	B	C	C	A	A	G	L	L	L	L	L	L	L	L	L	L	L	L	L	L	L	L	L	L	L	L	L	L	L	L	L	L	L	L	L	L	L	L	L	L	L	L	L	L	L	L	L	L	L	L	L	L	L	L	L	L	L	L	L	L	L	L	L	L	L	L	L	L	L	L	L	L	L	L	L	L	L	L	L	L	L	L	L	L	L	L	L	L	L	L	L	L	L	L	L	L	L	L	L	L	L	L	L	L	L	L	L	L	L	L	L	L	L	L	L	L	L	L	L	L	L	L	L	L	L	L	L	L	L	L	L	L	L	L	L	L	L	L	L	L	L	L	L	L	L	L	L	L	L	L	L	L	L	L	L	L	L	L	L	L	L	L	L	L	L	L	L	L	L	L	L	L	L	L	L	L	L	L	L	L	L	L	L	L	L	L	L	L	L	L	L	L	L	L	L	L	L	L	L	L	L	L	L	L	L	L	L	L	L	L	L	L	L	L	L	L	L	L	L	L	L	L	L	L	L	L	L	L	L	L	L	L	L	L	L	L	L	L	L	L	L	L	L	L	L	L	L	L	L	L	L	L	L	L	L	L	L	L	L	
121	G	C	G	G	L	B	B	L	C	C	C	A	L	B	B	B	B	B	B	C	L	B	B	B	B	C	C	C	C	A	A	A	A	L	A	B	B	C	C	C	C	A	A	B	B	B	B	C	C	A	A	A	A	B	B	C	C	C	C	A	L	L	C	A	A	B	B	C	C	A	A	B	B	C	C	A	A	B	B	C	C	A	A	B	B	C	C	A	A	B	B	C	C	A	A	B	B	C	C	A	A	B	B	C	C	A	A	B	B	C	C	A	A	B	B	C	C	A	A	B	B	C	L	L	L	L	L	L	L	L	L	L	L	L	L	L	L	L	L	L	L	L	L	L	L	L	L	L	L	L	L	L	L	L	L	L	L	L	L	L	L	L	L	L	L	L	L	L	L	L	L	L	L	L	L	L	L	L	L	L	L	L	L	L	L	L	L	L	L	L	L	L	L	L	L	L	L	L	L	L	L	L	L	L	L	L	L	L	L	L	L	L	L	L	L	L	L	L	L	L	L	L	L	L	L	L	L	L	L	L	L	L	L	L	L	L	L	L	L	L	L	L	L	L	L	L	L	L	L	L	L	L	L	L	L	L	L	L	L	L	L	L	L	L	L	L	L	L	L	L	L	L	L	L	L	L	L	L	L	L	L	L	L	L	L	L	L	L	L	L	L	L	L	L	L	L	L	L	L	L	L	L	L	L	L	L	L	L	L	L	L	L	L	L	L	L	L	L	L	L	L	L	L	L	L	L	L	L	L	L	L	L	L	L	L	L	L	L	L	L	L	L	L	L	L	L	L	L	L	L	L	L	L	L	L	L	L	L	L	L	L	L	L	L	L	L	L	L	L	L	L	L	L	L	
122	G	B	A	B	L	B	G	L	C	C	A	A	L	B	B	B	B	B	C	C	L	B	B	B	C	C	C	C	A	A	A	A	A	L	L	B	C	C	C	C	A	A	B	B	B	B	C	C	A	A	A	A	B	B	C	C	C	C	A	A	G	L	A	A	B	B	C	C	A	A	B	B	C	C	A	A	B	B	C	C	A	A	B	B	C	C	A	A	B	B	C	C	A	A	B	B	C	C	A	A	B	B	C	C	A	A	B	B	C	C	A	A	B	B	C	C	A	A	B	B	C	C	A	L	L	L	L	L	L	L	L	L	L	L	L	L	L	L	L	L	L	L	L	L	L	L	L	L	L	L	L	L	L	L	L	L	L	L	L	L	L	L	L	L	L	L	L	L	L	L	L	L	L	L	L	L	L	L	L	L	L	L	L	L	L	L	L	L	L	L	L	L	L	L	L	L	L	L	L	L	L	L	L	L	L	L	L	L	L	L	L	L	L	L	L	L	L	L	L	L	L	L	L	L	L	L	L	L	L	L	L	L	L	L	L	L	L	L	L	L	L	L	L	L	L	L	L	L	L	L	L	L	L	L	L	L	L	L	L	L	L	L	L	L	L	L	L	L	L	L	L	L	L	L	L	L	L	L	L	L	L	L	L	L	L	L	L	L	L	L	L	L	L	L	L	L	L	L	L	L	L	L	L	L	L	L	L	L	L	L	L	L	L	L	L	L	L	L	L	L	L	L	L	L	L	L	L	L	L	L	L	L	L	L	L	L	L	L	L	L	L	L	L	L	L	L	L	L	L	L	L	L	L	L	L	L	L	L	L	L	L	L	L	L	L	L	L	L	L	L	L	L	L	L	
123	G	C	G	G	L	B	B	L	C	A	A	A	L	B	B	B	B	C	C	C	L	B	B	C	C	C	C	A	A	A	A	A	A	G	L	L	C	C	C	A	A	B	B	B	B	C	C	A	A	A	A	B	B	C	C	C	C	A	A	B	B	L	A	B	B	C	C	A	A	B	B	C	C	A	A	B	B	C	C	A	A	B	B	C	C	A	A	B	B	C	C	A	A	B	B	C	C	A	A	B	B	C	C	A	A	B	B	C	C	A	A	B	B	C	C	A	A	B	B	C	C	A	A	G	L	L	L	L	L	L	L	L	L	L	L	L	L	L	L	L	L	L	L	L	L	L	L	L	L	L	L	L	L	L	L	L	L	L	L	L	L	L	L	L	L	L	L	L	L	L	L	L	L	L	L	L	L	L	L	L	L	L	L	L	L	L	L	L	L	L	L	L	L	L	L	L	L	L	L	L	L	L	L	L	L	L	L	L	L	L	L	L	L	L	L	L	L	L	L	L	L	L	L	L	L	L	L	L	L	L	L	L	L	L	L	L	L	L	L	L	L	L	L	L	L	L	L	L	L	L	L	L	L	L	L	L	L	L	L	L	L	L	L	L	L	L	L	L	L	L	L	L	L	L	L	L	L	L	L	L	L	L	L	L	L	L	L	L	L	L	L	L	L	L	L	L	L	L	L	L	L	L	L	L	L	L	L	L	L	L	L	L	L	L	L	L	L	L	L	L	L	L	L	L	L	L	L	L	L	L	L	L	L	L	L	L	L	L	L	L	L	L	L	L	L	L	L	L	L	L	L	L	L	L	L	L	L	L	L	L	L	L	L	L	L	L	L	L	L	L	L	L	L	L	
124	G	B	A	B	L	B	G	L	A	A	A	A	L	B	B	B	C	C	C	C	L	B	C	C	C	C	A	A	A	A	A	A	B	B	C	L	C	C	A	A	B	B	B	B	C	C	A	A	A	A	B	B	C	C	C	C	A	A	B	B	G	L	L	B	C	C	A	A	B	B	C	C	A	A	B	B	C	C	A	A	B	B	C	C	A	A	B	B	C	C	A	A	B	B	C	C	A	A	B	B	C	C	A	A	B	B	C	C	A	A	B	B	C	C	A	A	B	B	C	C	A	A	B	B	C	L	L	L	L	L	L	L	L	L	L	L	L	L	L	L	L	L	L	L	L	L	L	L	L	L	L	L	L	L	L	L	L	L	L	L	L	L	L	L	L	L	L	L	L	L	L	L	L	L	L	L	L	L	L	L	L	L	L	L	L	L	L	L	L	L	L	L	L	L	L	L	L	L	L	L	L	L	L	L	L	L	L	L	L	L	L	L	L	L	L	L	L	L	L	L	L	L	L	L	L	L	L	L	L	L	L	L	L	L	L	L	L	L	L	L	L	L	L	L	L	L	L	L	L	L	L	L	L	L	L	L	L	L	L	L	L	L	L	L	L	L	L	L	L	L	L	L	L	L	L	L	L	L	L	L	L	L	L	L	L	L	L	L	L	L	L	L	L	L	L	L	L	L	L	L	L	L	L	L	L	L	L	L	L	L	L	L	L	L	L	L	L	L	L	L	L	L	L	L	L	L	L	L	L	L	L	L	L	L	L	L	L	L	L	L	L	L	L	L	L	L	L	L	L	L	L	L	L	L	L	L	L	L	L	L	L	L	L	L	L	L	L	L	L	L	L	L	L	L	
125	G	C	G	G	L	B	B	L	A	A	A	A	L	B	B	C	C	C	C	C	L	L	C	C	C	A	A	A	A	A	A	B	B	C	C	L	C	A	A	B	B	B	B	C	C	A	A	A	A	B	B	C	C	C	C	A	A	B	B	B	B	C	L	L	C	A	A	B	B	C	C	A	A	B	B	C	C	A	A	B	B	C	C	A	A	B	B	C	C	A	A	B	B	C	C	A	A	B	B	C	C	A	A	B	B	C	C	A	A	B	B	C	C	A	A	B	B	C	C	A	A	B	B	C	C	A	L	L	L	L	L	L	L	L	L	L	L	L	L	L	L	L	L	L	L	L	L	L	L	L	L	L	L	L	L	L	L	L	L	L	L	L	L	L	L	L	L	L	L	L	L	L	L	L	L	L	L	L	L	L	L	L	L	L	L	L	L	L	L	L	L	L	L	L	L	L	L	L	L	L	L	L	L	L	L	L	L	L	L	L	L	L	L	L	L	L	L	L	L	L	L	L	L	L	L	L	L	L	L	L	L	L	L	L	L	L	L	L	L	L	L	L	L	L	L	L	L	L	L	L	L	L	L	L	L	L	L	L	L	L	L	L	L	L	L	L	L	L	L	L	L	L	L	L	L	L	L	L	L	L	L	L	L	L	L	L	L	L	L	L	L	L	L	L	L	L	L	L	L	L	L	L	L	L	L	L	L	L	L	L	L	L	L	L	L	L	L	L	L	L	L	L	L	L	L	L	L	L	L	L	L	L	L	L	L	L	L	L	L	L	L	L	L	L	L	L	L	L	L	L	L	L	L	L	L	L	L	L	L	L	L	L	L	L	L	L	L	L	L	L	L	L	L	L	
126	G	B	A	B	L	B	G	L	A	A	A	A	L	B	C	C	C	C	C	C	A	L	C	C	A	A	A	A	A	A	B	B	C	C	C	L	A	A	B	B	B	B	C	C	A	A	A	A	B	B	C	C	C	C	A	A	B	B	B	B	C	C	A	L	A	A	B	B	C	C	A	A	B	B	C	C	A	A	B	B	C	C	A	A	B	B	C	C	A	A	B	B	C	C	A	A	B	B	C	C	A	A	B	B	C	C	A	A	B	B	C	C	A	A	B	B	C	C	A	A	B	B	C	C	A	A	G	L	L	L	L	L	L	L	L	L	L	L	L	L	L	L	L	L	L	L	L	L	L	L	L	L	L	L	L	L	L	L	L	L	L	L	L	L	L	L	L	L	L	L	L	L	L	L	L	L	L	L	L	L	L	L	L	L	L	L	L	L	L	L	L	L	L	L	L	L	L	L	L	L	L	L	L	L	L	L	L	L	L	L	L	L	L	L	L	L	L	L	L	L	L	L	L	L	L	L	L	L	L	L	L	L	L	L	L	L	L	L	L	L	L	L	L	L	L	L	L	L	L	L	L	L	L	L	L	L	L	L	L	L	L	L	L	L	L	L	L	L	L	L	L	L	L	L	L	L	L	L	L	L	L	L	L	L	L	L	L	L	L	L	L	L	L	L	L	L	L	L	L	L	L	L	L	L	L	L	L	L	L	L	L	L	L	L	L	L	L	L	L	L	L	L	L	L	L	L	L	L	L	L	L	L	L	L	L	L	L	L	L	L	L	L	L	L	L	L	L	L	L	L	L	L	L	L	L	L	L	L	L	L	L	L	L	L	L	L	L	L	L	L	L	L	L	L	
127	G	C	G	G	L	B	B	L	A	A	A	A	L	L	C	C	C	C	C	A	A	L	C	A	A	A	A	A	A	B	B	C	C	C	C	L	A	B	B	B	B	C	C	A	A	A	A	B	B	C	C	C	C	A	A	B	B	B	B	C	C	A	A	L	A	B	B	C	C	A	A	B	B	C	C	A	A	B	B	C	C	A	A	B	B	C	C	A	A	B	B	C	C	A	A	B	B	C	C	A	A	B	B	C	C	A	A	B	B	C	C	A	A	B	B	C	C	A	A	B	B	C	C	A	A	B	B	C	L	L	L	L	L	L	L	L	L	L	L	L	L	L	L	L	L	L	L	L	L	L	L	L	L	L	L	L	L	L	L	L	L	L	L	L	L	L	L	L	L	L	L	L	L	L	L	L	L	L	L	L	L	L	L	L	L	L	L	L	L	L	L	L	L	L	L	L	L	L	L	L	L	L	L	L	L	L	L	L	L	L	L	L	L	L	L	L	L	L	L	L	L	L	L	L	L	L	L	L	L	L	L	L	L	L	L	L	L	L	L	L	L	L	L	L	L	L	L	L	L	L	L	L	L	L	L	L	L	L	L	L	L	L	L	L	L	L	L	L	L	L	L	L	L	L	L	L	L	L	L	L	L	L	L	L	L	L	L	L	L	L	L	L	L	L	L	L	L	L	L	L	L	L	L	L	L	L	L	L	L	L	L	L	L	L	L	L	L	L	L	L	L	L	L	L	L	L	L	L	L	L	L	L	L	L	L	L	L	L	L	L	L	L	L	L	L	L	L	L	L	L	L	L	L	L	L	L	L	L	L	L	L	L	L	L	L	L	L	L	L	L	L	L	L	L	
128	G	B	A	B	L	B	G	L	A	A	A	A	G	L	C	C	C	C	A	A	A	L	A	A	A	A	A	A	B	B	C	C	C	C	C	L	L	B	B	B	C	C	A	A	A	A	B	B	C	C	C	C	A	A	B	B	B	B	C	C	A	A	A	L	L	B	C	C	A	A	B	B	C	C	A	A	B	B	C	C	A	A	B	B	C	C	A	A	B	B	C	C	A	A	B	B	C	C	A	A	B	B	C	C	A	A	B	B	C	C	A	A	B	B	C	C	A	A	B	B	C	C	A	A	B	B	C	C	A	L	L	L	L	L	L	L	L	L	L	L	L	L	L	L	L	L	L	L	L	L	L	L	L	L	L	L	L	L	L	L	L	L	L	L	L	L	L	L	L	L	L	L	L	L	L	L	L	L	L	L	L	L	L	L	L	L	L	L	L	L	L	L	L	L	L	L	L	L	L	L	L	L	L	L	L	L	L	L	L	L	L	L	L	L	L	L	L	L	L	L	L	L	L	L	L	L	L	L	L	L	L	L	L	L	L	L	L	L	L	L	L	L	L	L	L	L	L	L	L	L	L	L	L	L	L	L	L	L	L	L	L	L	L	L	L	L	L	L	L	L	L	L	L	L	L	L	L	L	L	L	L	L	L	L	L	L	L	L	L	L	L	L	L	L	L	L	L	L	L	L	L	L	L	L	L	L	L	L	L	L	L	L	L	L	L	L	L	L	L	L	L	L	L	L	L	L	L	L	L	L	L	L	L	L	L	L	L	L	L	L	L	L	L	L	L	L	L	L	L	L	L	L	L	L	L	L	L	L	L	L	L	L	L	L	L	L	L	L	L	L	L	L	L	L	
129	G	C	G	G	L	B	B	L	A	A	A	B	B	L	C	C	C	A	A	A	A	L	A	A	A	A	A	B	B	C	C	C	C	C	C	A	L	B	B	C	C	A	A	A	A	B	B	C	C	C	C	A	A	B	B	B	B	C	C	A	A	A	A	G	L	L	C	A	A	B	B	C	C	A	A	B	B	C	C	A	A	B	B	C	C	A	A	B	B	C	C	A	A	B	B	C	C	A	A	B	B	C	C	A	A	B	B	C	C	A	A	B	B	C	C	A	A	B	B	C	C	A	A	B	B	C	C	A	A	G	L	L	L	L	L	L	L	L	L	L	L	L	L	L	L	L	L	L	L	L	L	L	L	L	L	L	L	L	L	L	L	L	L	L	L	L	L	L	L	L	L	L	L	L	L	L	L	L	L	L	L	L	L	L	L	L	L	L	L	L	L	L	L	L	L	L	L	L	L	L	L	L	L	L	L	L	L	L	L	L	L	L	L	L	L	L	L	L	L	L	L	L	L	L	L	L	L	L	L	L	L	L	L	L	L	L	L	L	L	L	L	L	L	L	L	L	L	L	L	L	L	L	L	L	L	L	L	L	L	L	L	L	L	L	L	L	L	L	L	L	L	L	L	L	L	L	L	L	L	L	L	L	L	L	L	L	L	L	L	L	L	L	L	L	L	L	L	L	L	L	L	L	L	L	L	L	L	L	L	L	L	L	L	L	L	L	L	L	L	L	L	L	L	L	L	L	L	L	L	L	L	L	L	L	L	L	L	L	L	L	L	L	L	L	L	L	L	L	L	L	L	L	L	L	L	L	L	L	L	L	L	L	L	L	L	L	L	L	L	L	L	L	L	L	
130	G	B	A	B	L	B	G	L	A	A	B	B	G	L	C	C	A	A	A	A	A	L	A	A	A	A	B	B	C	C	C	C	C	C	A	A	L	B	C	C	A	A	A	A	B	B	C	C	C	C	A	A	B	B	B	B	C	C	A	A	A	A	B	B	C	L	A	A	B	B	C	C	A	A	B	B	C	C	A	A	B	B	C	C	A	A	B	B	C	C	A	A	B	B	C	C	A	A	B	B	C	C	A	A	B	B	C	C	A	A	B	B	C	C	A	A	B	B	C	C	A	A	B	B	C	C	A	A	B	B	C	L	L	L	L	L	L	L	L	L	L	L	L	L	L	L	L	L	L	L	L	L	L	L	L	L	L	L	L	L	L	L	L	L	L	L	L	L	L	L	L	L	L	L	L	L	L	L	L	L	L	L	L	L	L	L	L	L	L	L	L	L	L	L	L	L	L	L	L	L	L	L	L	L	L	L	L	L	L	L	L	L	L	L	L	L	L	L	L	L	L	L	L	L	L	L	L	L	L	L	L	L	L	L	L	L	L	L	L	L	L	L	L	L	L	L	L	L	L	L	L	L	L	L	L	L	L	L	L	L	L	L	L	L	L	L	L	L	L	L	L	L	L	L	L	L	L	L	L	L	L	L	L	L	L	L	L	L	L	L	L	L	L	L	L	L	L	L	L	L	L	L	L	L	L	L	L	L	L	L	L	L	L	L	L	L	L	L	L	L	L	L	L	L	L	L	L	L	L	L	L	L	L	L	L	L	L	L	L	L	L	L	L	L	L	L	L	L	L	L	L	L	L	L	L	L	L	L	L	L	L	L	L	L	L	L	L	L	L	L	L	L	L	L	
131	G	C	G	G	L	B	B	L	A	B	B	B	B	L	C	A	A	A	A	A	A	L	A	A	A	B	B	C	C	C	C	C	C	A	A	A	L	L	C	A	A	A	A	B	B	C	C	C	C	A	A	B	B	B	B	C	C	A	A	A	A	B	B	C	C	L	A	B	B	C	C	A	A	B	B	C	C	A	A	B	B	C	C	A	A	B	B	C	C	A	A	B	B	C	C	A	A	B	B	C	C	A	A	B	B	C	C	A	A	B	B	C	C	A	A	B	B	C	C	A	A	B	B	C	C	A	A	B	B	C	C	A	L	L	L	L	L	L	L	L	L	L	L	L	L	L	L	L	L	L	L	L	L	L	L	L	L	L	L	L	L	L	L	L	L	L	L	L	L	L	L	L	L	L	L	L	L	L	L	L	L	L	L	L	L	L	L	L	L	L	L	L	L	L	L	L	L	L	L	L	L	L	L	L	L	L	L	L	L	L	L	L	L	L	L	L	L	L	L	L	L	L	L	L	L	L	L	L	L	L	L	L	L	L	L	L	L	L	L	L	L	L	L	L	L	L	L	L	L	L	L	L	L	L	L	L	L	L	L	L	L	L	L	L	L	L	L	L	L	L	L	L	L	L	L	L	L	L	L	L	L	L	L	L	L	L	L	L	L	L	L	L	L	L	L	L	L	L	L	L	L	L	L	L	L	L	L	L	L	L	L	L	L	L	L	L	L	L	L	L	L	L	L	L	L	L	L	L	L	L	L	L	L	L	L	L	L	L	L	L	L	L	L	L	L	L	L	L	L	L	L	L	L	L	L	L	L	L	L	L	L	L	L	L	L	L	L	L	L	L	L	L	L	L	
132	G	B	A	B	L	B	G	L	L	B	B	B	G	L	A	A	A	A	A	A	A	L	A	A	B	B	C	C	C	C	C	C	A	A	A	A	G	L	A	A	A	A	B	B	C	C	C	C	A	A	B	B	B	B	C	C	A	A	A	A	B	B	C	C	C	L	L	B	C	C	A	A	B	B	C	C	A	A	B	B	C	C	A	A	B	B	C	C	A	A	B	B	C	C	A	A	B	B	C	C	A	A	B	B	C	C	A	A	B	B	C	C	A	A	B	B	C	C	A	A	B	B	C	C	A	A	B	B	C	C	A	A	G	L	L	L	L	L	L	L	L	L	L	L	L	L	L	L	L	L	L	L	L	L	L	L	L	L	L	L	L	L	L	L	L	L	L	L	L	L	L	L	L	L	L	L	L	L	L	L	L	L	L	L	L	L	L	L	L	L	L	L	L	L	L	L	L	L	L	L	L	L	L	L	L	L	L	L	L	L	L	L	L	L	L	L	L	L	L	L	L	L	L	L	L	L	L	L	L	L	L	L	L	L	L	L	L	L	L	L	L	L	L	L	L	L	L	L	L	L	L	L	L	L	L	L	L	L	L	L	L	L	L	L	L	L	L	L	L	L	L	L	L	L	L	L	L	L	L	L	L	L	L	L	L	L	L	L	L	L	L	L	L	L	L	L	L	L	L	L	L	L	L	L	L	L	L	L	L	L	L	L	L	L	L	L	L	L	L	L	L	L	L	L	L	L	L	L	L	L	L	L	L	L	L	L	L	L	L	L	L	L	L	L	L	L	L	L	L	L	L	L	L	L	L	L	L	L	L	L	L	L	L	L	L	L	L	L	L	L	L	L	L	L	
133	G	C	G	G	L	B	B	C	L	B	B	B	B	L	A	A	A	A	A	A	A	L	A	B	B	C	C	C	C	C	C	A	A	A	A	B	B	L	A	A	A	B	B	C	C	C	C	A	A	B	B	B	B	C	C	A	A	A	A	B	B	C	C	C	C	A	L	L	C	A	A	B	B	C	C	A	A	B	B	C	C	A	A	B	B	C	C	A	A	B	B	C	C	A	A	B	B	C	C	A	A	B	B	C	C	A	A	B	B	C	C	A	A	B	B	C	C	A	A	B	B	C	C	A	A	B	B	C	C	A	A	B	B	C	L	L	L	L	L	L	L	L	L	L	L	L	L	L	L	L	L	L	L	L	L	L	L	L	L	L	L	L	L	L	L	L	L	L	L	L	L	L	L	L	L	L	L	L	L	L	L	L	L	L	L	L	L	L	L	L	L	L	L	L	L	L	L	L	L	L	L	L	L	L	L	L	L	L	L	L	L	L	L	L	L	L	L	L	L	L	L	L	L	L	L	L	L	L	L	L	L	L	L	L	L	L	L	L	L	L	L	L	L	L	L	L	L	L	L	L	L	L	L	L	L	L	L	L	L	L	L	L	L	L	L	L	L	L	L	L	L	L	L	L	L	L	L	L	L	L	L	L	L	L	L	L	L	L	L	L	L	L	L	L	L	L	L	L	L	L	L	L	L	L	L	L	L	L	L	L	L	L	L	L	L	L	L	L	L	L	L	L	L	L	L	L	L	L	L	L	L	L	L	L	L	L	L	L	L	L	L	L	L	L	L	L	L	L	L	L	L	L	L	L	L	L	L	L	L	L	L	L	L	L	L	L	L	L	L	L	L	L	L	L	
134	G	B	A	B	L	B	C	C	L	B	B	B	G	L	A	A	A	A	A	A	A	L	L	B	C	C	C	C	C	C	A	A	A	A	B	B	G	L	A	A	B	B	C	C	C	C	A	A	B	B	B	B	C	C	A	A	A	A	B	B	C	C	C	C	A	A	G	L	A	A	B	B	C	C	A	A	B	B	C	C	A	A	B	B	C	C	A	A	B	B	C	C	A	A	B	B	C	C	A	A	B	B	C	C	A	A	B	B	C	C	A	A	B	B	C	C	A	A	B	B	C	C	A	A	B	B	C	C	A	A	B	B	C	C	A	L	L	L	L	L	L	L	L	L	L	L	L	L	L	L	L	L	L	L	L	L	L	L	L	L	L	L	L	L	L	L	L	L	L	L	L	L	L	L	L	L	L	L	L	L	L	L	L	L	L	L	L	L	L	L	L	L	L	L	L	L	L	L	L	L	L	L	L	L	L	L	L	L	L	L	L	L	L	L	L	L	L	L	L	L	L	L	L	L	L	L	L	L	L	L	L	L	L	L	L	L	L	L	L	L	L	L	L	L	L	L	L	L	L	L	L	L	L	L	L	L	L	L	L	L	L	L	L	L	L	L	L	L	L	L	L	L	L	L	L	L	L	L	L	L	L	L	L	L	L	L	L	L	L	L	L	L	L	L	L	L	L	L	L	L	L	L	L	L	L	L	L	L	L	L	L	L	L	L	L	L	L	L	L	L	L	L	L	L	L	L	L	L	L	L	L	L	L	L	L	L	L	L	L	L	L	L	L	L	L	L	L	L	L	L	L	L	L	L	L	L	L	L	L	L	L	L	L	L	L	L	L	L	L	L	L	L	L	L	
135	G	C	G	G	L	L	C	C	L	B	B	B	B	L	A	A	A	A	A	A	A	G	L	L	C	C	C	C	C	A	A	A	A	B	B	B	B	L	A	B	B	C	C	C	C	A	A	B	B	B	B	C	C	A	A	A	A	B	B	C	C	C	C	A	A	B	B	L	A	B	B	C	C	A	A	B	B	C	C	A	A	B	B	C	C	A	A	B	B	C	C	A	A	B	B	C	C	A	A	B	B	C	C	A	A	B	B	C	C	A	A	B	B	C	C	A	A	B	B	C	C	A	A	B	B	C	C	A	A	B	B	C	C	A	A	G	L	L	L	L	L	L	L	L	L	L	L	L	L	L	L	L	L	L	L	L	L	L	L	L	L	L	L	L	L	L	L	L	L	L	L	L	L	L	L	L	L	L	L	L	L	L	L	L	L	L	L	L	L	L	L	L	L	L	L	L	L	L	L	L	L	L	L	L	L	L	L	L	L	L	L	L	L	L	L	L	L	L	L	L	L	L	L	L	L	L	L	L	L	L	L	L	L	L	L	L	L	L	L	L	L	L	L	L	L	L	L	L	L	L	L	L	L	L	L	L	L	L	L	L	L	L	L	L	L	L	L	L	L	L	L	L	L	L	L	L	L	L	L	L	L	L	L	L	L	L	L	L	L	L	L	L	L	L	L	L	L	L	L	L	L	L	L	L	L	L	L	L	L	L	L	L	L	L	L	L	L	L	L	L	L	L	L	L	L	L	L	L	L	L	L	L	L	L	L	L	L	L	L	L	L	L	L	L	L	L	L	L	L	L	L	L	L	L	L	L	L	L	L	L	L	L	L	L	L	L	L	L	L	L	L	L	L	L	
136	G	B	A	B	C	L	C	C	L	B	B	B	G	L	A	A	A	A	A	A	B	B	C	L	C	C	C	C	A	A	A	A	B	B	B	B	G	L	L	B	C	C	C	C	A	A	B	B	B	B	C	C	A	A	A	A	B	B	C	C	C	C	A	A	B	B	G	L	L	B	C	C	A	A	B	B	C	C	A	A	B	B	C	C	A	A	B	B	C	C	A	A	B	B	C	C	A	A	B	B	C	C	A	A	B	B	C	C	A	A	B	B	C	C	A	A	B	B	C	C	A	A	B	B	C	C	A	A	B	B	C	C	A	A	B	B	C	L	L	L	L	L	L	L	L	L	L	L	L	L	L	L	L	L	L	L	L	L	L	L	L	L	L	L	L	L	L	L	L	L	L	L	L	L	L	L	L	L	L	L	L	L	L	L	L	L	L	L	L	L	L	L	L	L	L	L	L	L	L	L	L	L	L	L	L	L	L	L	L	L	L	L	L	L	L	L	L	L	L	L	L	L	L	L	L	L	L	L	L	L	L	L	L	L	L	L	L	L	L	L	L	L	L	L	L	L	L	L	L	L	L	L	L	L	L	L	L	L	L	L	L	L	L	L	L	L	L	L	L	L	L	L	L	L	L	L	L	L	L	L	L	L	L	L	L	L	L	L	L	L	L	L	L	L	L	L	L	L	L	L	L	L	L	L	L	L	L	L	L	L	L	L	L	L	L	L	L	L	L	L	L	L	L	L	L	L	L	L	L	L	L	L	L	L	L	L	L	L	L	L	L	L	L	L	L	L	L	L	L	L	L	L	L	L	L	L	L	L	L	L	L	L	L	L	L	L	L	L	L	L	L	L	L	L	
137	G	C	G	L	C	L	C	C	L	B	B	B	B	L	A	A	A	A	A	B	B	C	C	L	C	C	C	A	A	A	A	B	B	B	B	B	B	C	L	L	C	C	C	A	A	B	B	B	B	C	C	A	A	A	A	B	B	C	C	C	C	A	A	B	B	B	B	C	L	L	C	A	A	B	B	C	C	A	A	B	B	C	C	A	A	B	B	C	C	A	A	B	B	C	C	A	A	B	B	C	C	A	A	B	B	C	C	A	A	B	B	C	C	A	A	B	B	C	C	A	A	B	B	C	C	A	A	B	B	C	C	A	A	B	B	C	C	A	L	L	L	L	L	L	L	L	L	L	L	L	L	L	L	L	L	L	L	L	L	L	L	L	L	L	L	L	L	L	L	L	L	L	L	L	L	L	L	L	L	L	L	L	L	L	L	L	L	L	L	L	L	L	L	L	L	L	L	L	L	L	L	L	L	L	L	L	L	L	L	L	L	L	L	L	L	L	L	L	L	L	L	L	L	L	L	L	L	L	L	L	L	L	L	L	L	L	L	L	L	L	L	L	L	L	L	L	L	L	L	L	L	L	L	L	L	L	L	L	L	L	L	L	L	L	L	L	L	L	L	L	L	L	L	L	L	L	L	L	L	L	L	L	L	L	L	L	L	L	L	L	L	L	L	L	L	L	L	L	L	L	L	L	L	L	L	L	L	L	L	L	L	L	L	L	L	L	L	L	L	L	L	L	L	L	L	L	L	L	L	L	L	L	L	L	L	L	L	L	L	L	L	L	L	L	L	L	L	L	L	L	L	L	L	L	L	L	L	L	L	L	L	L	L	L	L	L	L	L	L	L	L	L	L	L	
138	G	B	A	L	C	L	C	C	L	B	B	B	G	L	A	A	A	A	B	B	C	C	C	L	C	C	A	A	A	A	B	B	B	B	B	B	C	C	A	L	C	C	A	A	B	B	B	B	C	C	A	A	A	A	B	B	C	C	C	C	A	A	B	B	B	B	C	C	A	L	A	A	B	B	C	C	A	A	B	B	C	C	A	A	B	B	C	C	A	A	B	B	C	C	A	A	B	B	C	C	A	A	B	B	C	C	A	A	B	B	C	C	A	A	B	B	C	C	A	A	B	B	C	C	A	A	B	B	C	C	A	A	B	B	C	C	A	A	G	L	L	L	L	L	L	L	L	L	L	L	L	L	L	L	L	L	L	L	L	L	L	L	L	L	L	L	L	L	L	L	L	L	L	L	L	L	L	L	L	L	L	L	L	L	L	L	L	L	L	L	L	L	L	L	L	L	L	L	L	L	L	L	L	L	L	L	L	L	L	L	L	L	L	L	L	L	L	L	L	L	L	L	L	L	L	L	L	L	L	L	L	L	L	L	L	L	L	L	L	L	L	L	L	L	L	L	L	L	L	L	L	L	L	L	L	L	L	L	L	L	L	L	L	L	L	L	L	L	L	L	L	L	L	L	L	L	L	L	L	L	L	L	L	L	L	L	L	L	L	L	L	L	L	L	L	L	L	L	L	L	L	L	L	L	L	L	L	L	L	L	L	L	L	L	L	L	L	L	L	L	L	L	L	L	L	L	L	L	L	L	L	L	L	L	L	L	L	L	L	L	L	L	L	L	L	L	L	L	L	L	L	L	L	L	L	L	L	L	L	L	L	L	L	L	L	L	L	L	L	L	L	L	L	L	
139	G	C	G	L	C	L	C	C	L	B	B	B	B	L	A	A	A	B	B	C	C	C	C	L	C	A	A	A	A	B	B	B	B	B	B	C	C	A	A	L	C	A	A	B	B	B	B	C	C	A	A	A	A	B	B	C	C	C	C	A	A	B	B	B	B	C	C	A	A	L	A	B	B	C	C	A	A	B	B	C	C	A	A	B	B	C	C	A	A	B	B	C	C	A	A	B	B	C	C	A	A	B	B	C	C	A	A	B	B	C	C	A	A	B	B	C	C	A	A	B	B	C	C	A	A	B	B	C	C	A	A	B	B	C	C	A	A	B	B	C	L	L	L	L	L	L	L	L	L	L	L	L	L	L	L	L	L	L	L	L	L	L	L	L	L	L	L	L	L	L	L	L	L	L	L	L	L	L	L	L	L	L	L	L	L	L	L	L	L	L	L	L	L	L	L	L	L	L	L	L	L	L	L	L	L	L	L	L	L	L	L	L	L	L	L	L	L	L	L	L	L	L	L	L	L	L	L	L	L	L	L	L	L	L	L	L	L	L	L	L	L	L	L	L	L	L	L	L	L	L	L	L	L	L	L	L	L	L	L	L	L	L	L	L	L	L	L	L	L	L	L	L	L	L	L	L	L	L	L	L	L	L	L	L	L	L	L	L	L	L	L	L	L	L	L	L	L	L	L	L	L	L	L	L	L	L	L	L	L	L	L	L	L	L	L	L	L	L	L	L	L	L	L	L	L	L	L	L	L	L	L	L	L	L	L	L	L	L	L	L	L	L	L	L	L	L	L	L	L	L	L	L	L	L	L	L	L	L	L	L	L	L	L	L	L	L	L	L	L	L	L	L	L	L	
140	G	B	A	L	C	L	C	C	L	B	B	B	G	L	A	A	B	B	C	C	C	C	C	L	A	A	A	A	B	B	B	B	B	B	C	C	A	A	A	L	A	A	B	B	B	B	C	C	A	A	A	A	B	B	C	C	C	C	A	A	B	B	B	B	C	C	A	A	A	L	L	B	C	C	A	A	B	B	C	C	A	A	B	B	C	C	A	A	B	B	C	C	A	A	B	B	C	C	A	A	B	B	C	C	A	A	B	B	C	C	A	A	B	B	C	C	A	A	B	B	C	C	A	A	B	B	C	C	A	A	B	B	C	C	A	A	B	B	C	C	A	L	L	L	L	L	L	L	L	L	L	L	L	L	L	L	L	L	L	L	L	L	L	L	L	L	L	L	L	L	L	L	L	L	L	L	L	L	L	L	L	L	L	L	L	L	L	L	L	L	L	L	L	L	L	L	L	L	L	L	L	L	L	L	L	L	L	L	L	L	L	L	L	L	L	L	L	L	L	L	L	L	L	L	L	L	L	L	L	L	L	L	L	L	L	L	L	L	L	L	L	L	L	L	L	L	L	L	L	L	L	L	L	L	L	L	L	L	L	L	L	L	L	L	L	L	L	L	L	L	L	L	L	L	L	L	L	L	L	L	L	L	L	L	L	L	L	L	L	L	L	L	L	L	L	L	L	L	L	L	L	L	L	L	L	L	L	L	L	L	L	L	L	L	L	L	L	L	L	L	L	L	L	L	L	L	L	L	L	L	L	L	L	L	L	L	L	L	L	L	L	L	L	L	L	L	L	L	L	L	L	L	L	L	L	L	L	L	L	L	L	L	L	L	L	L	L	L	L	L	L	L	L	L	
141	G	C	G	L	C	L	C	C	L	B	B	B	B	L	A	B	B	C	C	C	C	C	C	L	A	A	A	B	B	B	B	B	B	C	C	A	A	A	A	L	A	B	B	B	B	C	C	A	A	A	A	B	B	C	C	C	C	A	A	B	B	B	B	C	C	A	A	A	A	G	L	L	C	A	A	B	B	C	C	A	A	B	B	C	C	A	A	B	B	C	C	A	A	B	B	C	C	A	A	B	B	C	C	A	A	B	B	C	C	A	A	B	B	C	C	A	A	B	B	C	C	A	A	B	B	C	C	A	A	B	B	C	C	A	A	B	B	C	C	A	A	G	L	L	L	L	L	L	L	L	L	L	L	L	L	L	L	L	L	L	L	L	L	L	L	L	L	L	L	L	L	L	L	L	L	L	L	L	L	L	L	L	L	L	L	L	L	L	L	L	L	L	L	L	L	L	L	L	L	L	L	L	L	L	L	L	L	L	L	L	L	L	L	L	L	L	L	L	L	L	L	L	L	L	L	L	L	L	L	L	L	L	L	L	L	L	L	L	L	L	L	L	L	L	L	L	L	L	L	L	L	L	L	L	L	L	L	L	L	L	L	L	L	L	L	L	L	L	L	L	L	L	L	L	L	L	L	L	L	L	L	L	L	L	L	L	L	L	L	L	L	L	L	L	L	L	L	L	L	L	L	L	L	L	L	L	L	L	L	L	L	L	L	L	L	L	L	L	L	L	L	L	L	L	L	L	L	L	L	L	L	L	L	L	L	L	L	L	L	L	L	L	L	L	L	L	L	L	L	L	L	L	L	L	L	L	L	L	L	L	L	L	L	L	L	L	L	L	L	L	L	L	L	L	
142	G	B	A	L	C	L	C	C	L	B	B	B	G	L	L	B	C	C	C	C	C	C	C	L	A	A	B	B	B	B	B	B	C	C	A	A	A	A	A	L	L	B	B	B	C	C	A	A	A	A	B	B	C	C	C	C	A	A	B	B	B	B	C	C	A	A	A	A	B	B	C	L	A	A	B	B	C	C	A	A	B	B	C	C	A	A	B	B	C	C	A	A	B	B	C	C	A	A	B	B	C	C	A	A	B	B	C	C	A	A	B	B	C	C	A	A	B	B	C	C	A	A	B	B	C	C	A	A	B	B	C	C	A	A	B	B	C	C	A	A	B	B	C	L	L	L	L	L	L	L	L	L	L	L	L	L	L	L	L	L	L	L	L	L	L	L	L	L	L	L	L	L	L	L	L	L	L	L	L	L	L	L	L	L	L	L	L	L	L	L	L	L	L	L	L	L	L	L	L	L	L	L	L	L	L	L	L	L	L	L	L	L	L	L	L	L	L	L	L	L	L	L	L	L	L	L	L	L	L	L	L	L	L	L	L	L	L	L	L	L	L	L	L	L	L	L	L	L	L	L	L	L	L	L	L	L	L	L	L	L	L	L	L	L	L	L	L	L	L	L	L	L	L	L	L	L	L	L	L	L	L	L	L	L	L	L	L	L	L	L	L	L	L	L	L	L	L	L	L	L	L	L	L	L	L	L	L	L	L	L	L	L	L	L	L	L	L	L	L	L	L	L	L	L	L	L	L	L	L	L	L	L	L	L	L	L	L	L	L	L	L	L	L	L	L	L	L	L	L	L	L	L	L	L	L	L	L	L	L	L	L	L	L	L	L	L	L	L	L	L	L	L	L	L	
143	G	C	G	L	C	L	C	C	L	B	B	B	B	C	L	L	C	C	C	C	C	C	C	L	A	B	B	B	B	B	B	C	C	A	A	A	A	A	A	G	L	B	B	C	C	A	A	A	A	B	B	C	C	C	C	A	A	B	B	B	B	C	C	A	A	A	A	B	B	C	C	L	A	B	B	C	C	A	A	B	B	C	C	A	A	B	B	C	C	A	A	B	B	C	C	A	A	B	B	C	C	A	A	B	B	C	C	A	A	B	B	C	C	A	A	B	B	C	C	A	A	B	B	C	C	A	A	B	B	C	C	A	A	B	B	C	C	A	A	B	B	C	C	A	L	L	L	L	L	L	L	L	L	L	L	L	L	L	L	L	L	L	L	L	L	L	L	L	L	L	L	L	L	L	L	L	L	L	L	L	L	L	L	L	L	L	L	L	L	L	L	L	L	L	L	L	L	L	L	L	L	L	L	L	L	L	L	L	L	L	L	L	L	L	L	L	L	L	L	L	L	L	L	L	L	L	L	L	L	L	L	L	L	L	L	L	L	L	L	L	L	L	L	L	L	L	L	L	L	L	L	L	L	L	L	L	L	L	L	L	L	L	L	L	L	L	L	L	L	L	L	L	L	L	L	L	L	L	L	L	L	L	L	L	L	L	L	L	L	L	L	L	L	L	L	L	L	L	L	L	L	L	L	L	L	L	L	L	L	L	L	L	L	L	L	L	L	L	L	L	L	L	L	L	L	L	L	L	L	L	L	L	L	L	L	L	L	L	L	L	L	L	L	L	L	L	L	L	L	L	L	L	L	L	L	L	L	L	L	L	L	L	L	L	L	L	L	L	L	L	L	L	L	L	
144	G	B	A	L	C	L	C	C	L	B	B	B	C	C	A	L	C	C	C	C	C	C	C	L	L	B	B	B	B	B	C	C	A	A	A	A	A	A	B	B	L	B	C	C	A	A	A	A	B	B	C	C	C	C	A	A	B	B	B	B	C	C	A	A	A	A	B	B	C	C	C	L	L	B	C	C	A	A	B	B	C	C	A	A	B	B	C	C	A	A	B	B	C	C	A	A	B	B	C	C	A	A	B	B	C	C	A	A	B	B	C	C	A	A	B	B	C	C	A	A	B	B	C	C	A	A	B	B	C	C	A	A	B	B	C	C	A	A	B	B	C	C	A	A	G	L	L	L	L	L	L	L	L	L	L	L	L	L	L	L	L	L	L	L	L	L	L	L	L	L	L	L	L	L	L	L	L	L	L	L	L	L	L	L	L	L	L	L	L	L	L	L	L	L	L	L	L	L	L	L	L	L	L	L	L	L	L	L	L	L	L	L	L	L	L	L	L	L	L	L	L	L	L	L	L	L	L	L	L	L	L	L	L	L	L	L	L	L	L	L	L	L	L	L	L	L	L	L	L	L	L	L	L	L	L	L	L	L	L	L	L	L	L	L	L	L	L	L	L	L	L	L	L	L	L	L	L	L	L	L	L	L	L	L	L	L	L	L	L	L	L	L	L	L	L	L	L	L	L	L	L	L	L	L	L	L	L	L	L	L	L	L	L	L	L	L	L	L	L	L	L	L	L	L	L	L	L	L	L	L	L	L	L	L	L	L	L	L	L	L	L	L	L	L	L	L	L	L	L	L	L	L	L	L	L	L	L	L	L	L	L	L	L	L	L	L	L	L	L	L	L	L	L	L	
145	G	C	G	L	C	L	C	C	L	B	B	C	C	A	A	L	C	C	C	C	C	C	C	A	L	B	B	B	B	C	C	A	A	A	A	A	A	B	B	G	L	L	C	A	A	A	A	B	B	C	C	C	C	A	A	B	B	B	B	C	C	A	A	A	A	B	B	C	C	C	C	A	L	L	C	A	A	B	B	C	C	A	A	B	B	C	C	A	A	B	B	C	C	A	A	B	B	C	C	A	A	B	B	C	C	A	A	B	B	C	C	A	A	B	B	C	C	A	A	B	B	C	C	A	A	B	B	C	C	A	A	B	B	C	C	A	A	B	B	C	C	A	A	B	B	C	L	L	L	L	L	L	L	L	L	L	L	L	L	L	L	L	L	L	L	L	L	L	L	L	L	L	L	L	L	L	L	L	L	L	L	L	L	L	L	L	L	L	L	L	L	L	L	L	L	L	L	L	L	L	L	L	L	L	L	L	L	L	L	L	L	L	L	L	L	L	L	L	L	L	L	L	L	L	L	L	L	L	L	L	L	L	L	L	L	L	L	L	L	L	L	L	L	L	L	L	L	L	L	L	L	L	L	L	L	L	L	L	L	L	L	L	L	L	L	L	L	L	L	L	L	L	L	L	L	L	L	L	L	L	L	L	L	L	L	L	L	L	L	L	L	L	L	L	L	L	L	L	L	L	L	L	L	L	L	L	L	L	L	L	L	L	L	L	L	L	L	L	L	L	L	L	L	L	L	L	L	L	L	L	L	L	L	L	L	L	L	L	L	L	L	L	L	L	L	L	L	L	L	L	L	L	L	L	L	L	L	L	L	L	L	L	L	L	L	L	L	L	L	L	L	L	L	L	
146	G	B	A	L	C	L	C	C	L	B	C	C	A	A	A	L	C	C	C	C	C	C	A	A	L	B	B	B	C	C	A	A	A	A	A	A	B	B	B	B	C	L	A	A	A	A	B	B	C	C	C	C	A	A	B	B	B	B	C	C	A	A	A	A	B	B	C	C	C	C	A	A	G	L	A	A	B	B	C	C	A	A	B	B	C	C	A	A	B	B	C	C	A	A	B	B	C	C	A	A	B	B	C	C	A	A	B	B	C	C	A	A	B	B	C	C	A	A	B	B	C	C	A	A	B	B	C	C	A	A	B	B	C	C	A	A	B	B	C	C	A	A	B	B	C	C	A	L	L	L	L	L	L	L	L	L	L	L	L	L	L	L	L	L	L	L	L	L	L	L	L	L	L	L	L	L	L	L	L	L	L	L	L	L	L	L	L	L	L	L	L	L	L	L	L	L	L	L	L	L	L	L	L	L	L	L	L	L	L	L	L	L	L	L	L	L	L	L	L	L	L	L	L	L	L	L	L	L	L	L	L	L	L	L	L	L	L	L	L	L	L	L	L	L	L	L	L	L	L	L	L	L	L	L	L	L	L	L	L	L	L	L	L	L	L	L	L	L	L	L	L	L	L	L	L	L	L	L	L	L	L	L	L	L	L	L	L	L	L	L	L	L	L	L	L	L	L	L	L	L	L	L	L	L	L	L	L	L	L	L	L	L	L	L	L	L	L	L	L	L	L	L	L	L	L	L	L	L	L	L	L	L	L	L	L	L	L	L	L	L	L	L	L	L	L	L	L	L	L	L	L	L	L	L	L	L	L	L	L	L	L	L	L	L	L	L	L	L	L	L	L	L	L	L	
147	G	C	G	L	C	L	C	C	L	L	C	A	A	A	A	L	C	C	C	C	C	A	A	A	L	B	B	C	C	A	A	A	A	A	A	B	B	B	B	C	C	L	A	A	A	B	B	C	C	C	C	A	A	B	B	B	B	C	C	A	A	A	A	B	B	C	C	C	C	A	A	B	B	L	A	B	B	C	C	A	A	B	B	C	C	A	A	B	B	C	C	A	A	B	B	C	C	A	A	B	B	C	C	A	A	B	B	C	C	A	A	B	B	C	C	A	A	B	B	C	C	A	A	B	B	C	C	A	A	B	B	C	C	A	A	B	B	C	C	A	A	B	B	C	C	A	A	G	L	L	L	L	L	L	L	L	L	L	L	L	L	L	L	L	L	L	L	L	L	L	L	L	L	L	L	L	L	L	L	L	L	L	L	L	L	L	L	L	L	L	L	L	L	L	L	L	L	L	L	L	L	L	L	L	L	L	L	L	L	L	L	L	L	L	L	L	L	L	L	L	L	L	L	L	L	L	L	L	L	L	L	L	L	L	L	L	L	L	L	L	L	L	L	L	L	L	L	L	L	L	L	L	L	L	L	L	L	L	L	L	L	L	L	L	L	L	L	L	L	L	L	L	L	L	L	L	L	L	L	L	L	L	L	L	L	L	L	L	L	L	L	L	L	L	L	L	L	L	L	L	L	L	L	L	L	L	L	L	L	L	L	L	L	L	L	L	L	L	L	L	L	L	L	L	L	L	L	L	L	L	L	L	L	L	L	L	L	L	L	L	L	L	L	L	L	L	L	L	L	L	L	L	L	L	L	L	L	L	L	L	L	L	L	L	L	L	L	L	L	L	L	L	L	L	
148	G	B	A	L	C	L	C	C	A	L	A	A	A	A	A	L	C	C	C	C	A	A	A	A	L	B	C	C	A	A	A	A	A	A	B	B	B	B	C	C	C	L	A	A	B	B	C	C	C	C	A	A	B	B	B	B	C	C	A	A	A	A	B	B	C	C	C	C	A	A	B	B	G	L	L	B	C	C	A	A	B	B	C	C	A	A	B	B	C	C	A	A	B	B	C	C	A	A	B	B	C	C	A	A	B	B	C	C	A	A	B	B	C	C	A	A	B	B	C	C	A	A	B	B	C	C	A	A	B	B	C	C	A	A	B	B	C	C	A	A	B	B	C	C	A	A	B	B	C	L	L	L	L	L	L	L	L	L	L	L	L	L	L	L	L	L	L	L	L	L	L	L	L	L	L	L	L	L	L	L	L	L	L	L	L	L	L	L	L	L	L	L	L	L	L	L	L	L	L	L	L	L	L	L	L	L	L	L	L	L	L	L	L	L	L	L	L	L	L	L	L	L	L	L	L	L	L	L	L	L	L	L	L	L	L	L	L	L	L	L	L	L	L	L	L	L	L	L	L	L	L	L	L	L	L	L	L	L	L	L	L	L	L	L	L	L	L	L	L	L	L	L	L	L	L	L	L	L	L	L	L	L	L	L	L	L	L	L	L	L	L	L	L	L	L	L	L	L	L	L	L	L	L	L	L	L	L	L	L	L	L	L	L	L	L	L	L	L	L	L	L	L	L	L	L	L	L	L	L	L	L	L	L	L	L	L	L	L	L	L	L	L	L	L	L	L	L	L	L	L	L	L	L	L	L	L	L	L	L	L	L	L	L	L	L	L	L	L	L	L	L	L	L	L	
149	G	C	G	L	C	L	C	A	A	L	A	A	A	A	A	L	C	C	C	A	A	A	A	A	L	L	C	A	A	A	A	A	A	B	B	B	B	C	C	C	C	L	A	B	B	C	C	C	C	A	A	B	B	B	B	C	C	A	A	A	A	B	B	C	C	C	C	A	A	B	B	B	B	C	L	L	C	A	A	B	B	C	C	A	A	B	B	C	C	A	A	B	B	C	C	A	A	B	B	C	C	A	A	B	B	C	C	A	A	B	B	C	C	A	A	B	B	C	C	A	A	B	B	C	C	A	A	B	B	C	C	A	A	B	B	C	C	A	A	B	B	C	C	A	A	B	B	C	C	A	L	L	L	L	L	L	L	L	L	L	L	L	L	L	L	L	L	L	L	L	L	L	L	L	L	L	L	L	L	L	L	L	L	L	L	L	L	L	L	L	L	L	L	L	L	L	L	L	L	L	L	L	L	L	L	L	L	L	L	L	L	L	L	L	L	L	L	L	L	L	L	L	L	L	L	L	L	L	L	L	L	L	L	L	L	L	L	L	L	L	L	L	L	L	L	L	L	L	L	L	L	L	L	L	L	L	L	L	L	L	L	L	L	L	L	L	L	L	L	L	L	L	L	L	L	L	L	L	L	L	L	L	L	L	L	L	L	L	L	L	L	L	L	L	L	L	L	L	L	L	L	L	L	L	L	L	L	L	L	L	L	L	L	L	L	L	L	L	L	L	L	L	L	L	L	L	L	L	L	L	L	L	L	L	L	L	L	L	L	L	L	L	L	L	L	L	L	L	L	L	L	L	L	L	L	L	L	L	L	L	L	L	L	L	L	L	L	L	L	L	L	L	L	L	
150	G	B	A	L	C	L	A	A	A	L	A	A	A	A	A	L	C	C	A	A	A	A	A	A	G	L	A	A	A	A	A	A	B	B	B	B	C	C	C	C	C	L	L	B	C	C	C	C	A	A	B	B	B	B	C	C	A	A	A	A	B	B	C	C	C	C	A	A	B	B	B	B	C	C	A	L	A	A	B	B	C	C	A	A	B	B	C	C	A	A	B	B	C	C	A	A	B	B	C	C	A	A	B	B	C	C	A	A	B	B	C	C	A	A	B	B	C	C	A	A	B	B	C	C	A	A	B	B	C	C	A	A	B	B	C	C	A	A	B	B	C	C	A	A	B	B	C	C	A	A	G	L	L	L	L	L	L	L	L	L	L	L	L	L	L	L	L	L	L	L	L	L	L	L	L	L	L	L	L	L	L	L	L	L	L	L	L	L	L	L	L	L	L	L	L	L	L	L	L	L	L	L	L	L	L	L	L	L	L	L	L	L	L	L	L	L	L	L	L	L	L	L	L	L	L	L	L	L	L	L	L	L	L	L	L	L	L	L	L	L	L	L	L	L	L	L	L	L	L	L	L	L	L	L	L	L	L	L	L	L	L	L	L	L	L	L	L	L	L	L	L	L	L	L	L	L	L	L	L	L	L	L	L	L	L	L	L	L	L	L	L	L	L	L	L	L	L	L	L	L	L	L	L	L	L	L	L	L	L	L	L	L	L	L	L	L	L	L	L	L	L	L	L	L	L	L	L	L	L	L	L	L	L	L	L	L	L	L	L	L	L	L	L	L	L	L	L	L	L	L	L	L	L	L	L	L	L	L	L	L	L	L	L	L	L	L	L	L	L	L	L	L	L	L	
151	G	C	G	L	C	L	A	A	A	L	A	A	A	A	A	L	C	A	A	A	A	A	A	B	B	L	A	A	A	A	A	B	B	B	B	C	C	C	C	C	C	A	L	L	C	C	C	A	A	B	B	B	B	C	C	A	A	A	A	B	B	C	C	C	C	A	A	B	B	B	B	C	C	A	A	L	A	B	B	C	C	A	A	B	B	C	C	A	A	B	B	C	C	A	A	B	B	C	C	A	A	B	B	C	C	A	A	B	B	C	C	A	A	B	B	C	C	A	A	B	B	C	C	A	A	B	B	C	C	A	A	B	B	C	C	A	A	B	B	C	C	A	A	B	B	C	C	A	A	B	B	C	L	L	L	L	L	L	L	L	L	L	L	L	L	L	L	L	L	L	L	L	L	L	L	L	L	L	L	L	L	L	L	L	L	L	L	L	L	L	L	L	L	L	L	L	L	L	L	L	L	L	L	L	L	L	L	L	L	L	L	L	L	L	L	L	L	L	L	L	L	L	L	L	L	L	L	L	L	L	L	L	L	L	L	L	L	L	L	L	L	L	L	L	L	L	L	L	L	L	L	L	L	L	L	L	L	L	L	L	L	L	L	L	L	L	L	L	L	L	L	L	L	L	L	L	L	L	L	L	L	L	L	L	L	L	L	L	L	L	L	L	L	L	L	L	L	L	L	L	L	L	L	L	L	L	L	L	L	L	L	L	L	L	L	L	L	L	L	L	L	L	L	L	L	L	L	L	L	L	L	L	L	L	L	L	L	L	L	L	L	L	L	L	L	L	L	L	L	L	L	L	L	L	L	L	L	L	L	L	L	L	L	L	L	L	L	L	L	L	L	L	L	L	
152	G	B	A	L	C	L	A	A	A	L	A	A	A	A	A	L	A	A	A	A	A	A	B	B	G	L	A	A	A	A	B	B	B	B	C	C	C	C	C	C	A	A	G	L	C	C	A	A	B	B	B	B	C	C	A	A	A	A	B	B	C	C	C	C	A	A	B	B	B	B	C	C	A	A	A	L	L	B	C	C	A	A	B	B	C	C	A	A	B	B	C	C	A	A	B	B	C	C	A	A	B	B	C	C	A	A	B	B	C	C	A	A	B	B	C	C	A	A	B	B	C	C	A	A	B	B	C	C	A	A	B	B	C	C	A	A	B	B	C	C	A	A	B	B	C	C	A	A	B	B	C	C	A	L	L	L	L	L	L	L	L	L	L	L	L	L	L	L	L	L	L	L	L	L	L	L	L	L	L	L	L	L	L	L	L	L	L	L	L	L	L	L	L	L	L	L	L	L	L	L	L	L	L	L	L	L	L	L	L	L	L	L	L	L	L	L	L	L	L	L	L	L	L	L	L	L	L	L	L	L	L	L	L	L	L	L	L	L	L	L	L	L	L	L	L	L	L	L	L	L	L	L	L	L	L	L	L	L	L	L	L	L	L	L	L	L	L	L	L	L	L	L	L	L	L	L	L	L	L	L	L	L	L	L	L	L	L	L	L	L	L	L	L	L	L	L	L	L	L	L	L	L	L	L	L	L	L	L	L	L	L	L	L	L	L	L	L	L	L	L	L	L	L	L	L	L	L	L	L	L	L	L	L	L	L	L	L	L	L	L	L	L	L	L	L	L	L	L	L	L	L	L	L	L	L	L	L	L	L	L	L	L	L	L	L	L	L	L	L	L	L	L	L	L	
153	G	C	G	L	C	L	A	A	A	L	A	A	A	A	A	L	A	A	A	A	A	B	B	B	B	L	A	A	A	B	B	B	B	C	C	C	C	C	C	A	A	B	B	L	C	A	A	B	B	B	B	C	C	A	A	A	A	B	B	C	C	C	C	A	A	B	B	B	B	C	C	A	A	A	A	G	L	L	C	A	A	B	B	C	C	A	A	B	B	C	C	A	A	B	B	C	C	A	A	B	B	C	C	A	A	B	B	C	C	A	A	B	B	C	C	A	A	B	B	C	C	A	A	B	B	C	C	A	A	B	B	C	C	A	A	B	B	C	C	A	A	B	B	C	C	A	A	B	B	C	C	A	A	G	L	L	L	L	L	L	L	L	L	L	L	L	L	L	L	L	L	L	L	L	L	L	L	L	L	L	L	L	L	L	L	L	L	L	L	L	L	L	L	L	L	L	L	L	L	L	L	L	L	L	L	L	L	L	L	L	L	L	L	L	L	L	L	L	L	L	L	L	L	L	L	L	L	L	L	L	L	L	L	L	L	L	L	L	L	L	L	L	L	L	L	L	L	L	L	L	L	L	L	L	L	L	L	L	L	L	L	L	L	L	L	L	L	L	L	L	L	L	L	L	L	L	L	L	L	L	L	L	L	L	L	L	L	L	L	L	L	L	L	L	L	L	L	L	L	L	L	L	L	L	L	L	L	L	L	L	L	L	L	L	L	L	L	L	L	L	L	L	L	L	L	L	L	L	L	L	L	L	L	L	L	L	L	L	L	L	L	L	L	L	L	L	L	L	L	L	L	L	L	L	L	L	L	L	L	L	L	L	L	L	L	L	L	L	L	L	L	L	L	L	
154	G	B	A	L	C	L	A	A	A	L	A	A	A	A	A	L	A	A	A	A	B	B	B	B	G	L	A	A	B	B	B	B	C	C	C	C	C	C	A	A	B	B	G	L	A	A	B	B	B	B	C	C	A	A	A	A	B	B	C	C	C	C	A	A	B	B	B	B	C	C	A	A	A	A	B	B	C	L	A	A	B	B	C	C	A	A	B	B	C	C	A	A	B	B	C	C	A	A	B	B	C	C	A	A	B	B	C	C	A	A	B	B	C	C	A	A	B	B	C	C	A	A	B	B	C	C	A	A	B	B	C	C	A	A	B	B	C	C	A	A	B	B	C	C	A	A	B	B	C	C	A	A	B	B	C	L	L	L	L	L	L	L	L	L	L	L	L	L	L	L	L	L	L	L	L	L	L	L	L	L	L	L	L	L	L	L	L	L	L	L	L	L	L	L	L	L	L	L	L	L	L	L	L	L	L	L	L	L	L	L	L	L	L	L	L	L	L	L	L	L	L	L	L	L	L	L	L	L	L	L	L	L	L	L	L	L	L	L	L	L	L	L	L	L	L	L	L	L	L	L	L	L	L	L	L	L	L	L	L	L	L	L	L	L	L	L	L	L	L	L	L	L	L	L	L	L	L	L	L	L	L	L	L	L	L	L	L	L	L	L	L	L	L	L	L	L	L	L	L	L	L	L	L	L	L	L	L	L	L	L	L	L	L	L	L	L	L	L	L	L	L	L	L	L	L	L	L	L	L	L	L	L	L	L	L	L	L	L	L	L	L	L	L	L	L	L	L	L	L	L	L	L	L	L	L	L	L	L	L	L	L	L	L	L	L	L	L	L	L	L	L	L	L	L	
155	G	C	G	L	C	L	A	A	A	L	A	A	A	A	A	L	A	A	A	B	B	B	B	B	B	L	A	B	B	B	B	C	C	C	C	C	C	A	A	B	B	B	B	L	A	B	B	B	B	C	C	A	A	A	A	B	B	C	C	C	C	A	A	B	B	B	B	C	C	A	A	A	A	B	B	C	C	L	A	B	B	C	C	A	A	B	B	C	C	A	A	B	B	C	C	A	A	B	B	C	C	A	A	B	B	C	C	A	A	B	B	C	C	A	A	B	B	C	C	A	A	B	B	C	C	A	A	B	B	C	C	A	A	B	B	C	C	A	A	B	B	C	C	A	A	B	B	C	C	A	A	B	B	C	C	A	L	L	L	L	L	L	L	L	L	L	L	L	L	L	L	L	L	L	L	L	L	L	L	L	L	L	L	L	L	L	L	L	L	L	L	L	L	L	L	L	L	L	L	L	L	L	L	L	L	L	L	L	L	L	L	L	L	L	L	L	L	L	L	L	L	L	L	L	L	L	L	L	L	L	L	L	L	L	L	L	L	L	L	L	L	L	L	L	L	L	L	L	L	L	L	L	L	L	L	L	L	L	L	L	L	L	L	L	L	L	L	L	L	L	L	L	L	L	L	L	L	L	L	L	L	L	L	L	L	L	L	L	L	L	L	L	L	L	L	L	L	L	L	L	L	L	L	L	L	L	L	L	L	L	L	L	L	L	L	L	L	L	L	L	L	L	L	L	L	L	L	L	L	L	L	L	L	L	L	L	L	L	L	L	L	L	L	L	L	L	L	L	L	L	L	L	L	L	L	L	L	L	L	L	L	L	L	L	L	L	L	L	L	L	L	L	L	L	
156	G	B	A	L	C	L	A	A	A	L	A	A	A	A	A	L	A	A	B	B	B	B	B	B	G	L	L	B	B	B	C	C	C	C	C	C	A	A	B	B	B	B	G	L	L	B	B	B	C	C	A	A	A	A	B	B	C	C	C	C	A	A	B	B	B	B	C	C	A	A	A	A	B	B	C	C	C	L	L	B	C	C	A	A	B	B	C	C	A	A	B	B	C	C	A	A	B	B	C	C	A	A	B	B	C	C	A	A	B	B	C	C	A	A	B	B	C	C	A	A	B	B	C	C	A	A	B	B	C	C	A	A	B	B	C	C	A	A	B	B	C	C	A	A	B	B	C	C	A	A	B	B	C	C	A	A	G	L	L	L	L	L	L	L	L	L	L	L	L	L	L	L	L	L	L	L	L	L	L	L	L	L	L	L	L	L	L	L	L	L	L	L	L	L	L	L	L	L	L	L	L	L	L	L	L	L	L	L	L	L	L	L	L	L	L	L	L	L	L	L	L	L	L	L	L	L	L	L	L	L	L	L	L	L	L	L	L	L	L	L	L	L	L	L	L	L	L	L	L	L	L	L	L	L	L	L	L	L	L	L	L	L	L	L	L	L	L	L	L	L	L	L	L	L	L	L	L	L	L	L	L	L	L	L	L	L	L	L	L	L	L	L	L	L	L	L	L	L	L	L	L	L	L	L	L	L	L	L	L	L	L	L	L	L	L	L	L	L	L	L	L	L	L	L	L	L	L	L	L	L	L	L	L	L	L	L	L	L	L	L	L	L	L	L	L	L	L	L	L	L	L	L	L	L	L	L	L	L	L	L	L	L	L	L	L	L	L	L	L	L	L	L	L	L	
157	G	C	G	L	C	L	A	A	A	L	A	A	A	A	A	L	A	B	B	B	B	B	B	B	B	C	L	B	B	C	C	C	C	C	C	A	A	B	B	B	B	B	B	C	L	B	B	C	C	A	A	A	A	B	B	C	C	C	C	A	A	B	B	B	B	C	C	A	A	A	A	B	B	C	C	C	C	A	L	L	C	A	A	B	B	C	C	A	A	B	B	C	C	A	A	B	B	C	C	A	A	B	B	C	C	A	A	B	B	C	C	A	A	B	B	C	C	A	A	B	B	C	C	A	A	B	B	C	C	A	A	B	B	C	C	A	A	B	B	C	C	A	A	B	B	C	C	A	A	B	B	C	C	A	A	B	B	C	L	L	L	L	L	L	L	L	L	L	L	L	L	L	L	L	L	L	L	L	L	L	L	L	L	L	L	L	L	L	L	L	L	L	L	L	L	L	L	L	L	L	L	L	L	L	L	L	L	L	L	L	L	L	L	L	L	L	L	L	L	L	L	L	L	L	L	L	L	L	L	L	L	L	L	L	L	L	L	L	L	L	L	L	L	L	L	L	L	L	L	L	L	L	L	L	L	L	L	L	L	L	L	L	L	L	L	L	L	L	L	L	L	L	L	L	L	L	L	L	L	L	L	L	L	L	L	L	L	L	L	L	L	L	L	L	L	L	L	L	L	L	L	L	L	L	L	L	L	L	L	L	L	L	L	L	L	L	L	L	L	L	L	L	L	L	L	L	L	L	L	L	L	L	L	L	L	L	L	L	L	L	L	L	L	L	L	L	L	L	L	L	L	L	L	L	L	L	L	L	L	L	L	L	L	L	L	L	L	L	L	L	L	L	L	L	
158	G	B	A	L	C	L	A	A	A	L	A	A	A	A	A	L	L	B	B	B	B	B	B	B	C	C	L	B	C	C	C	C	C	C	A	A	B	B	B	B	B	B	C	C	L	B	C	C	A	A	A	A	B	B	C	C	C	C	A	A	B	B	B	B	C	C	A	A	A	A	B	B	C	C	C	C	A	A	G	L	A	A	B	B	C	C	A	A	B	B	C	C	A	A	B	B	C	C	A	A	B	B	C	C	A	A	B	B	C	C	A	A	B	B	C	C	A	A	B	B	C	C	A	A	B	B	C	C	A	A	B	B	C	C	A	A	B	B	C	C	A	A	B	B	C	C	A	A	B	B	C	C	A	A	B	B	C	C	A	L	L	L	L	L	L	L	L	L	L	L	L	L	L	L	L	L	L	L	L	L	L	L	L	L	L	L	L	L	L	L	L	L	L	L	L	L	L	L	L	L	L	L	L	L	L	L	L	L	L	L	L	L	L	L	L	L	L	L	L	L	L	L	L	L	L	L	L	L	L	L	L	L	L	L	L	L	L	L	L	L	L	L	L	L	L	L	L	L	L	L	L	L	L	L	L	L	L	L	L	L	L	L	L	L	L	L	L	L	L	L	L	L	L	L	L	L	L	L	L	L	L	L	L	L	L	L	L	L	L	L	L	L	L	L	L	L	L	L	L	L	L	L	L	L	L	L	L	L	L	L	L	L	L	L	L	L	L	L	L	L	L	L	L	L	L	L	L	L	L	L	L	L	L	L	L	L	L	L	L	L	L	L	L	L	L	L	L	L	L	L	L	L	L	L	L	L	L	L	L	L	L	L	L	L	L	L	L	L	L	L	L	L	L	L	
159	G	C	G	L	C	L	A	A	A	L	A	A	A	A	A	G	L	B	B	B	B	B	B	C	C	C	L	L	C	C	C	C	C	A	A	B	B	B	B	B	B	C	C	C	L	L	C	A	A	A	A	B	B	C	C	C	C	A	A	B	B	B	B	C	C	A	A	A	A	B	B	C	C	C	C	A	A	B	B	L	A	B	B	C	C	A	A	B	B	C	C	A	A	B	B	C	C	A	A	B	B	C	C	A	A	B	B	C	C	A	A	B	B	C	C	A	A	B	B	C	C	A	A	B	B	C	C	A	A	B	B	C	C	A	A	B	B	C	C	A	A	B	B	C	C	A	A	B	B	C	C	A	A	B	B	C	C	A	A	G	L	L	L	L	L	L	L	L	L	L	L	L	L	L	L	L	L	L	L	L	L	L	L	L	L	L	L	L	L	L	L	L	L	L	L	L	L	L	L	L	L	L	L	L	L	L	L	L	L	L	L	L	L	L	L	L	L	L	L	L	L	L	L	L	L	L	L	L	L	L	L	L	L	L	L	L	L	L	L	L	L	L	L	L	L	L	L	L	L	L	L	L	L	L	L	L	L	L	L	L	L	L	L	L	L	L	L	L	L	L	L	L	L	L	L	L	L	L	L	L	L	L	L	L	L	L	L	L	L	L	L	L	L	L	L	L	L	L	L	L	L	L	L	L	L	L	L	L	L	L	L	L	L	L	L	L	L	L	L	L	L	L	L	L	L	L	L	L	L	L	L	L	L	L	L	L	L	L	L	L	L	L	L	L	L	L	L	L	L	L	L	L	L	L	L	L	L	L	L	L	L	L	L	L	L	L	L	L	L	L	L	L	L	L	
160	G	B	A	L	C	L	A	A	A	L	A	A	A	A	B	B	L	B	B	B	B	B	C	C	C	C	A	L	C	C	C	C	A	A	B	B	B	B	B	B	C	C	C	C	A	L	A	A	A	A	B	B	C	C	C	C	A	A	B	B	B	B	C	C	A	A	A	A	B	B	C	C	C	C	A	A	B	B	G	L	L	B	C	C	A	A	B	B	C	C	A	A	B	B	C	C	A	A	B	B	C	C	A	A	B	B	C	C	A	A	B	B	C	C	A	A	B	B	C	C	A	A	B	B	C	C	A	A	B	B	C	C	A	A	B	B	C	C	A	A	B	B	C	C	A	A	B	B	C	C	A	A	B	B	C	C	A	A	B	B	C	L	L	L	L	L	L	L	L	L	L	L	L	L	L	L	L	L	L	L	L	L	L	L	L	L	L	L	L	L	L	L	L	L	L	L	L	L	L	L	L	L	L	L	L	L	L	L	L	L	L	L	L	L	L	L	L	L	L	L	L	L	L	L	L	L	L	L	L	L	L	L	L	L	L	L	L	L	L	L	L	L	L	L	L	L	L	L	L	L	L	L	L	L	L	L	L	L	L	L	L	L	L	L	L	L	L	L	L	L	L	L	L	L	L	L	L	L	L	L	L	L	L	L	L	L	L	L	L	L	L	L	L	L	L	L	L	L	L	L	L	L	L	L	L	L	L	L	L	L	L	L	L	L	L	L	L	L	L	L	L	L	L	L	L	L	L	L	L	L	L	L	L	L	L	L	L	L	L	L	L	L	L	L	L	L	L	L	L	L	L	L	L	L	L	L	L	L	L	L	L	L	L	L	L	L	L	L	L	L	L	L	L	L	
161	G	C	G	L	C	L	A	A	A	L	A	A	A	B	B	G	L	B	B	B	B	C	C	C	C	A	A	L	C	C	C	A	A	B	B	B	B	B	B	C	C	C	C	A	A	L	A	A	A	B	B	C	C	C	C	A	A	B	B	B	B	C	C	A	A	A	A	B	B	C	C	C	C	A	A	B	B	B	B	C	L	L	C	A	A	B	B	C	C	A	A	B	B	C	C	A	A	B	B	C	C	A	A	B	B	C	C	A	A	B	B	C	C	A	A	B	B	C	C	A	A	B	B	C	C	A	A	B	B	C	C	A	A	B	B	C	C	A	A	B	B	C	C	A	A	B	B	C	C	A	A	B	B	C	C	A	A	B	B	C	C	A	L	L	L	L	L	L	L	L	L	L	L	L	L	L	L	L	L	L	L	L	L	L	L	L	L	L	L	L	L	L	L	L	L	L	L	L	L	L	L	L	L	L	L	L	L	L	L	L	L	L	L	L	L	L	L	L	L	L	L	L	L	L	L	L	L	L	L	L	L	L	L	L	L	L	L	L	L	L	L	L	L	L	L	L	L	L	L	L	L	L	L	L	L	L	L	L	L	L	L	L	L	L	L	L	L	L	L	L	L	L	L	L	L	L	L	L	L	L	L	L	L	L	L	L	L	L	L	L	L	L	L	L	L	L	L	L	L	L	L	L	L	L	L	L	L	L	L	L	L	L	L	L	L	L	L	L	L	L	L	L	L	L	L	L	L	L	L	L	L	L	L	L	L	L	L	L	L	L	L	L	L	L	L	L	L	L	L	L	L	L	L	L	L	L	L	L	L	L	L	L	L	L	L	L	L	L	L	L	L	L	L	L	
162	G	B	A	L	C	L	A	A	A	L	A	A	B	B	B	B	L	B	B	B	C	C	C	C	A	A	A	L	C	C	A	A	B	B	B	B	B	B	C	C	C	C	A	A	A	L	A	A	B	B	C	C	C	C	A	A	B	B	B	B	C	C	A	A	A	A	B	B	C	C	C	C	A	A	B	B	B	B	C	C	A	L	A	A	B	B	C	C	A	A	B	B	C	C	A	A	B	B	C	C	A	A	B	B	C	C	A	A	B	B	C	C	A	A	B	B	C	C	A	A	B	B	C	C	A	A	B	B	C	C	A	A	B	B	C	C	A	A	B	B	C	C	A	A	B	B	C	C	A	A	B	B	C	C	A	A	B	B	C	C	A	A	G	L	L	L	L	L	L	L	L	L	L	L	L	L	L	L	L	L	L	L	L	L	L	L	L	L	L	L	L	L	L	L	L	L	L	L	L	L	L	L	L	L	L	L	L	L	L	L	L	L	L	L	L	L	L	L	L	L	L	L	L	L	L	L	L	L	L	L	L	L	L	L	L	L	L	L	L	L	L	L	L	L	L	L	L	L	L	L	L	L	L	L	L	L	L	L	L	L	L	L	L	L	L	L	L	L	L	L	L	L	L	L	L	L	L	L	L	L	L	L	L	L	L	L	L	L	L	L	L	L	L	L	L	L	L	L	L	L	L	L	L	L	L	L	L	L	L	L	L	L	L	L	L	L	L	L	L	L	L	L	L	L	L	L	L	L	L	L	L	L	L	L	L	L	L	L	L	L	L	L	L	L	L	L	L	L	L	L	L	L	L	L	L	L	L	L	L	L	L	L	L	L	L	L	L	L	L	L	L	L	L	L	
163	G	C	G	L	C	L	A	A	A	L	A	B	B	B	B	G	L	B	B	C	C	C	C	A	A	A	A	L	C	A	A	B	B	B	B	B	B	C	C	C	C	A	A	A	A	L	A	B	B	C	C	C	C	A	A	B	B	B	B	C	C	A	A	A	A	B	B	C	C	C	C	A	A	B	B	B	B	C	C	A	A	L	A	B	B	C	C	A	A	B	B	C	C	A	A	B	B	C	C	A	A	B	B	C	C	A	A	B	B	C	C	A	A	B	B	C	C	A	A	B	B	C	C	A	A	B	B	C	C	A	A	B	B	C	C	A	A	B	B	C	C	A	A	B	B	C	C	A	A	B	B	C	C	A	A	B	B	C	C	A	A	B	B	C	L	L	L	L	L	L	L	L	L	L	L	L	L	L	L	L	L	L	L	L	L	L	L	L	L	L	L	L	L	L	L	L	L	L	L	L	L	L	L	L	L	L	L	L	L	L	L	L	L	L	L	L	L	L	L	L	L	L	L	L	L	L	L	L	L	L	L	L	L	L	L	L	L	L	L	L	L	L	L	L	L	L	L	L	L	L	L	L	L	L	L	L	L	L	L	L	L	L	L	L	L	L	L	L	L	L	L	L	L	L	L	L	L	L	L	L	L	L	L	L	L	L	L	L	L	L	L	L	L	L	L	L	L	L	L	L	L	L	L	L	L	L	L	L	L	L	L	L	L	L	L	L	L	L	L	L	L	L	L	L	L	L	L	L	L	L	L	L	L	L	L	L	L	L	L	L	L	L	L	L	L	L	L	L	L	L	L	L	L	L	L	L	L	L	L	L	L	L	L	L	L	L	L	L	L	L	L	L	L	L	
164	G	B	A	L	C	L	A	A	A	L	L	B	B	B	B	B	L	B	C	C	C	C	A	A	A	A	A	L	A	A	B	B	B	B	B	B	C	C	C	C	A	A	A	A	A	L	L	B	C	C	C	C	A	A	B	B	B	B	C	C	A	A	A	A	B	B	C	C	C	C	A	A	B	B	B	B	C	C	A	A	A	L	L	B	C	C	A	A	B	B	C	C	A	A	B	B	C	C	A	A	B	B	C	C	A	A	B	B	C	C	A	A	B	B	C	C	A	A	B	B	C	C	A	A	B	B	C	C	A	A	B	B	C	C	A	A	B	B	C	C	A	A	B	B	C	C	A	A	B	B	C	C	A	A	B	B	C	C	A	A	B	B	C	C	A	L	L	L	L	L	L	L	L	L	L	L	L	L	L	L	L	L	L	L	L	L	L	L	L	L	L	L	L	L	L	L	L	L	L	L	L	L	L	L	L	L	L	L	L	L	L	L	L	L	L	L	L	L	L	L	L	L	L	L	L	L	L	L	L	L	L	L	L	L	L	L	L	L	L	L	L	L	L	L	L	L	L	L	L	L	L	L	L	L	L	L	L	L	L	L	L	L	L	L	L	L	L	L	L	L	L	L	L	L	L	L	L	L	L	L	L	L	L	L	L	L	L	L	L	L	L	L	L	L	L	L	L	L	L	L	L	L	L	L	L	L	L	L	L	L	L	L	L	L	L	L	L	L	L	L	L	L	L	L	L	L	L	L	L	L	L	L	L	L	L	L	L	L	L	L	L	L	L	L	L	L	L	L	L	L	L	L	L	L	L	L	L	L	L	L	L	L	L	L	L	L	L	L	L	L	L	L	L	L	
165	G	C	G	L	C	L	A	A	A	G	L	B	B	B	B	G	L	L	C	C	C	A	A	A	A	A	A	L	A	B	B	B	B	B	B	C	C	C	C	A	A	A	A	A	A	G	L	L	C	C	C	A	A	B	B	B	B	C	C	A	A	A	A	B	B	C	C	C	C	A	A	B	B	B	B	C	C	A	A	A	A	G	L	L	C	A	A	B	B	C	C	A	A	B	B	C	C	A	A	B	B	C	C	A	A	B	B	C	C	A	A	B	B	C	C	A	A	B	B	C	C	A	A	B	B	C	C	A	A	B	B	C	C	A	A	B	B	C	C	A	A	B	B	C	C	A	A	B	B	C	C	A	A	B	B	C	C	A	A	B	B	C	C	A	A	G	L	L	L	L	L	L	L	L	L	L	L	L	L	L	L	L	L	L	L	L	L	L	L	L	L	L	L	L	L	L	L	L	L	L	L	L	L	L	L	L	L	L	L	L	L	L	L	L	L	L	L	L	L	L	L	L	L	L	L	L	L	L	L	L	L	L	L	L	L	L	L	L	L	L	L	L	L	L	L	L	L	L	L	L	L	L	L	L	L	L	L	L	L	L	L	L	L	L	L	L	L	L	L	L	L	L	L	L	L	L	L	L	L	L	L	L	L	L	L	L	L	L	L	L	L	L	L	L	L	L	L	L	L	L	L	L	L	L	L	L	L	L	L	L	L	L	L	L	L	L	L	L	L	L	L	L	L	L	L	L	L	L	L	L	L	L	L	L	L	L	L	L	L	L	L	L	L	L	L	L	L	L	L	L	L	L	L	L	L	L	L	L	L	L	L	L	L	L	L	L	L	L	L	L	L	L	L	L	
166	G	B	A	L	C	L	A	A	B	B	L	B	B	B	B	B	C	L	C	C	A	A	A	A	A	A	A	L	L	B	B	B	B	B	C	C	C	C	A	A	A	A	A	A	B	B	C	L	C	C	A	A	B	B	B	B	C	C	A	A	A	A	B	B	C	C	C	C	A	A	B	B	B	B	C	C	A	A	A	A	B	B	C	L	A	A	B	B	C	C	A	A	B	B	C	C	A	A	B	B	C	C	A	A	B	B	C	C	A	A	B	B	C	C	A	A	B	B	C	C	A	A	B	B	C	C	A	A	B	B	C	C	A	A	B	B	C	C	A	A	B	B	C	C	A	A	B	B	C	C	A	A	B	B	C	C	A	A	B	B	C	C	A	A	B	B	C	L	L	L	L	L	L	L	L	L	L	L	L	L	L	L	L	L	L	L	L	L	L	L	L	L	L	L	L	L	L	L	L	L	L	L	L	L	L	L	L	L	L	L	L	L	L	L	L	L	L	L	L	L	L	L	L	L	L	L	L	L	L	L	L	L	L	L	L	L	L	L	L	L	L	L	L	L	L	L	L	L	L	L	L	L	L	L	L	L	L	L	L	L	L	L	L	L	L	L	L	L	L	L	L	L	L	L	L	L	L	L	L	L	L	L	L	L	L	L	L	L	L	L	L	L	L	L	L	L	L	L	L	L	L	L	L	L	L	L	L	L	L	L	L	L	L	L	L	L	L	L	L	L	L	L	L	L	L	L	L	L	L	L	L	L	L	L	L	L	L	L	L	L	L	L	L	L	L	L	L	L	L	L	L	L	L	L	L	L	L	L	L	L	L	L	L	L	L	L	L	L	L	L	L	L	L	L	
167	G	C	G	L	C	L	A	B	B	G	L	B	B	B	B	C	C	L	C	A	A	A	A	A	A	A	A	G	L	B	B	B	B	C	C	C	C	A	A	A	A	A	A	B	B	C	C	L	C	A	A	B	B	B	B	C	C	A	A	A	A	B	B	C	C	C	C	A	A	B	B	B	B	C	C	A	A	A	A	B	B	C	C	L	A	B	B	C	C	A	A	B	B	C	C	A	A	B	B	C	C	A	A	B	B	C	C	A	A	B	B	C	C	A	A	B	B	C	C	A	A	B	B	C	C	A	A	B	B	C	C	A	A	B	B	C	C	A	A	B	B	C	C	A	A	B	B	C	C	A	A	B	B	C	C	A	A	B	B	C	C	A	A	B	B	C	C	A	L	L	L	L	L	L	L	L	L	L	L	L	L	L	L	L	L	L	L	L	L	L	L	L	L	L	L	L	L	L	L	L	L	L	L	L	L	L	L	L	L	L	L	L	L	L	L	L	L	L	L	L	L	L	L	L	L	L	L	L	L	L	L	L	L	L	L	L	L	L	L	L	L	L	L	L	L	L	L	L	L	L	L	L	L	L	L	L	L	L	L	L	L	L	L	L	L	L	L	L	L	L	L	L	L	L	L	L	L	L	L	L	L	L	L	L	L	L	L	L	L	L	L	L	L	L	L	L	L	L	L	L	L	L	L	L	L	L	L	L	L	L	L	L	L	L	L	L	L	L	L	L	L	L	L	L	L	L	L	L	L	L	L	L	L	L	L	L	L	L	L	L	L	L	L	L	L	L	L	L	L	L	L	L	L	L	L	L	L	L	L	L	L	L	L	L	L	L	L	L	L	L	L	L	L	L	
168	G	B	A	L	C	L	L	B	B	B	L	B	B	B	C	C	C	L	A	A	A	A	A	A	A	A	B	B	L	B	B	B	C	C	C	C	A	A	A	A	A	A	B	B	C	C	C	L	A	A	B	B	B	B	C	C	A	A	A	A	B	B	C	C	C	C	A	A	B	B	B	B	C	C	A	A	A	A	B	B	C	C	C	L	L	B	C	C	A	A	B	B	C	C	A	A	B	B	C	C	A	A	B	B	C	C	A	A	B	B	C	C	A	A	B	B	C	C	A	A	B	B	C	C	A	A	B	B	C	C	A	A	B	B	C	C	A	A	B	B	C	C	A	A	B	B	C	C	A	A	B	B	C	C	A	A	B	B	C	C	A	A	B	B	C	C	A	A	G	L	L	L	L	L	L	L	L	L	L	L	L	L	L	L	L	L	L	L	L	L	L	L	L	L	L	L	L	L	L	L	L	L	L	L	L	L	L	L	L	L	L	L	L	L	L	L	L	L	L	L	L	L	L	L	L	L	L	L	L	L	L	L	L	L	L	L	L	L	L	L	L	L	L	L	L	L	L	L	L	L	L	L	L	L	L	L	L	L	L	L	L	L	L	L	L	L	L	L	L	L	L	L	L	L	L	L	L	L	L	L	L	L	L	L	L	L	L	L	L	L	L	L	L	L	L	L	L	L	L	L	L	L	L	L	L	L	L	L	L	L	L	L	L	L	L	L	L	L	L	L	L	L	L	L	L	L	L	L	L	L	L	L	L	L	L	L	L	L	L	L	L	L	L	L	L	L	L	L	L	L	L	L	L	L	L	L	L	L	L	L	L	L	L	L	L	L	L	L	L	L	L	L	L	L	
169	G	C	G	L	C	A	L	B	B	G	L	B	B	C	C	C	C	L	A	A	A	A	A	A	A	B	B	G	L	B	B	C	C	C	C	A	A	A	A	A	A	B	B	C	C	C	C	L	A	B	B	B	B	C	C	A	A	A	A	B	B	C	C	C	C	A	A	B	B	B	B	C	C	A	A	A	A	B	B	C	C	C	C	A	L	L	C	A	A	B	B	C	C	A	A	B	B	C	C	A	A	B	B	C	C	A	A	B	B	C	C	A	A	B	B	C	C	A	A	B	B	C	C	A	A	B	B	C	C	A	A	B	B	C	C	A	A	B	B	C	C	A	A	B	B	C	C	A	A	B	B	C	C	A	A	B	B	C	C	A	A	B	B	C	C	A	A	B	B	C	L	L	L	L	L	L	L	L	L	L	L	L	L	L	L	L	L	L	L	L	L	L	L	L	L	L	L	L	L	L	L	L	L	L	L	L	L	L	L	L	L	L	L	L	L	L	L	L	L	L	L	L	L	L	L	L	L	L	L	L	L	L	L	L	L	L	L	L	L	L	L	L	L	L	L	L	L	L	L	L	L	L	L	L	L	L	L	L	L	L	L	L	L	L	L	L	L	L	L	L	L	L	L	L	L	L	L	L	L	L	L	L	L	L	L	L	L	L	L	L	L	L	L	L	L	L	L	L	L	L	L	L	L	L	L	L	L	L	L	L	L	L	L	L	L	L	L	L	L	L	L	L	L	L	L	L	L	L	L	L	L	L	L	L	L	L	L	L	L	L	L	L	L	L	L	L	L	L	L	L	L	L	L	L	L	L	L	L	L	L	L	L	L	L	L	L	L	L	L	L	L	L	L	L	
170	G	B	A	L	A	A	L	B	B	B	L	B	C	C	C	C	C	L	A	A	A	A	A	A	B	B	B	B	L	B	C	C	C	C	A	A	A	A	A	A	B	B	C	C	C	C	C	L	L	B	B	B	C	C	A	A	A	A	B	B	C	C	C	C	A	A	B	B	B	B	C	C	A	A	A	A	B	B	C	C	C	C	A	A	G	L	A	A	B	B	C	C	A	A	B	B	C	C	A	A	B	B	C	C	A	A	B	B	C	C	A	A	B	B	C	C	A	A	B	B	C	C	A	A	B	B	C	C	A	A	B	B	C	C	A	A	B	B	C	C	A	A	B	B	C	C	A	A	B	B	C	C	A	A	B	B	C	C	A	A	B	B	C	C	A	A	B	B	C	C	A	L	L	L	L	L	L	L	L	L	L	L	L	L	L	L	L	L	L	L	L	L	L	L	L	L	L	L	L	L	L	L	L	L	L	L	L	L	L	L	L	L	L	L	L	L	L	L	L	L	L	L	L	L	L	L	L	L	L	L	L	L	L	L	L	L	L	L	L	L	L	L	L	L	L	L	L	L	L	L	L	L	L	L	L	L	L	L	L	L	L	L	L	L	L	L	L	L	L	L	L	L	L	L	L	L	L	L	L	L	L	L	L	L	L	L	L	L	L	L	L	L	L	L	L	L	L	L	L	L	L	L	L	L	L	L	L	L	L	L	L	L	L	L	L	L	L	L	L	L	L	L	L	L	L	L	L	L	L	L	L	L	L	L	L	L	L	L	L	L	L	L	L	L	L	L	L	L	L	L	L	L	L	L	L	L	L	L	L	L	L	L	L	L	L	L	L	L	L	L	L	L	L	L	
171	G	C	G	L	A	A	L	B	B	G	L	L	C	C	C	C	C	L	A	A	A	A	A	B	B	B	B	G	L	L	C	C	C	A	A	A	A	A	A	B	B	C	C	C	C	C	C	A	L	B	B	C	C	A	A	A	A	B	B	C	C	C	C	A	A	B	B	B	B	C	C	A	A	A	A	B	B	C	C	C	C	A	A	B	B	L	A	B	B	C	C	A	A	B	B	C	C	A	A	B	B	C	C	A	A	B	B	C	C	A	A	B	B	C	C	A	A	B	B	C	C	A	A	B	B	C	C	A	A	B	B	C	C	A	A	B	B	C	C	A	A	B	B	C	C	A	A	B	B	C	C	A	A	B	B	C	C	A	A	B	B	C	C	A	A	B	B	C	C	A	A	G	L	L	L	L	L	L	L	L	L	L	L	L	L	L	L	L	L	L	L	L	L	L	L	L	L	L	L	L	L	L	L	L	L	L	L	L	L	L	L	L	L	L	L	L	L	L	L	L	L	L	L	L	L	L	L	L	L	L	L	L	L	L	L	L	L	L	L	L	L	L	L	L	L	L	L	L	L	L	L	L	L	L	L	L	L	L	L	L	L	L	L	L	L	L	L	L	L	L	L	L	L	L	L	L	L	L	L	L	L	L	L	L	L	L	L	L	L	L	L	L	L	L	L	L	L	L	L	L	L	L	L	L	L	L	L	L	L	L	L	L	L	L	L	L	L	L	L	L	L	L	L	L	L	L	L	L	L	L	L	L	L	L	L	L	L	L	L	L	L	L	L	L	L	L	L	L	L	L	L	L	L	L	L	L	L	L	L	L	L	L	L	L	L	L	L	L	L	L	L	L	L	L	
172	G	B	A	L	A	A	L	B	B	B	C	L	C	C	C	C	C	L	A	A	A	A	B	B	B	B	B	B	C	L	C	C	A	A	A	A	A	A	B	B	C	C	C	C	C	C	A	A	L	B	C	C	A	A	A	A	B	B	C	C	C	C	A	A	B	B	B	B	C	C	A	A	A	A	B	B	C	C	C	C	A	A	B	B	G	L	L	B	C	C	A	A	B	B	C	C	A	A	B	B	C	C	A	A	B	B	C	C	A	A	B	B	C	C	A	A	B	B	C	C	A	A	B	B	C	C	A	A	B	B	C	C	A	A	B	B	C	C	A	A	B	B	C	C	A	A	B	B	C	C	A	A	B	B	C	C	A	A	B	B	C	C	A	A	B	B	C	C	A	A	B	B	C	L	L	L	L	L	L	L	L	L	L	L	L	L	L	L	L	L	L	L	L	L	L	L	L	L	L	L	L	L	L	L	L	L	L	L	L	L	L	L	L	L	L	L	L	L	L	L	L	L	L	L	L	L	L	L	L	L	L	L	L	L	L	L	L	L	L	L	L	L	L	L	L	L	L	L	L	L	L	L	L	L	L	L	L	L	L	L	L	L	L	L	L	L	L	L	L	L	L	L	L	L	L	L	L	L	L	L	L	L	L	L	L	L	L	L	L	L	L	L	L	L	L	L	L	L	L	L	L	L	L	L	L	L	L	L	L	L	L	L	L	L	L	L	L	L	L	L	L	L	L	L	L	L	L	L	L	L	L	L	L	L	L	L	L	L	L	L	L	L	L	L	L	L	L	L	L	L	L	L	L	L	L	L	L	L	L	L	L	L	L	L	L	L	L	L	L	L	L	L	L	L	
173	G	C	G	L	A	A	L	B	B	C	C	L	C	C	C	C	C	L	A	A	A	B	B	B	B	B	B	C	C	L	C	A	A	A	A	A	A	B	B	C	C	C	C	C	C	A	A	A	L	L	C	A	A	A	A	B	B	C	C	C	C	A	A	B	B	B	B	C	C	A	A	A	A	B	B	C	C	C	C	A	A	B	B	B	B	C	L	L	C	A	A	B	B	C	C	A	A	B	B	C	C	A	A	B	B	C	C	A	A	B	B	C	C	A	A	B	B	C	C	A	A	B	B	C	C	A	A	B	B	C	C	A	A	B	B	C	C	A	A	B	B	C	C	A	A	B	B	C	C	A	A	B	B	C	C	A	A	B	B	C	C	A	A	B	B	C	C	A	A	B	B	C	C	A	L	L	L	L	L	L	L	L	L	L	L	L	L	L	L	L	L	L	L	L	L	L	L	L	L	L	L	L	L	L	L	L	L	L	L	L	L	L	L	L	L	L	L	L	L	L	L	L	L	L	L	L	L	L	L	L	L	L	L	L	L	L	L	L	L	L	L	L	L	L	L	L	L	L	L	L	L	L	L	L	L	L	L	L	L	L	L	L	L	L	L	L	L	L	L	L	L	L	L	L	L	L	L	L	L	L	L	L	L	L	L	L	L	L	L	L	L	L	L	L	L	L	L	L	L	L	L	L	L	L	L	L	L	L	L	L	L	L	L	L	L	L	L	L	L	L	L	L	L	L	L	L	L	L	L	L	L	L	L	L	L	L	L	L	L	L	L	L	L	L	L	L	L	L	L	L	L	L	L	L	L	L	L	L	L	L	L	L	L	L	L	L	L	L	L	L	L	L	L	L	
174	G	B	A	L	A	A	L	B	C	C	C	L	C	C	C	C	C	L	A	A	B	B	B	B	B	B	C	C	C	L	A	A	A	A	A	A	B	B	C	C	C	C	C	C	A	A	A	A	G	L	A	A	A	A	B	B	C	C	C	C	A	A	B	B	B	B	C	C	A	A	A	A	B	B	C	C	C	C	A	A	B	B	B	B	C	C	A	L	A	A	B	B	C	C	A	A	B	B	C	C	A	A	B	B	C	C	A	A	B	B	C	C	A	A	B	B	C	C	A	A	B	B	C	C	A	A	B	B	C	C	A	A	B	B	C	C	A	A	B	B	C	C	A	A	B	B	C	C	A	A	B	B	C	C	A	A	B	B	C	C	A	A	B	B	C	C	A	A	B	B	C	C	A	A	G	L	L	L	L	L	L	L	L	L	L	L	L	L	L	L	L	L	L	L	L	L	L	L	L	L	L	L	L	L	L	L	L	L	L	L	L	L	L	L	L	L	L	L	L	L	L	L	L	L	L	L	L	L	L	L	L	L	L	L	L	L	L	L	L	L	L	L	L	L	L	L	L	L	L	L	L	L	L	L	L	L	L	L	L	L	L	L	L	L	L	L	L	L	L	L	L	L	L	L	L	L	L	L	L	L	L	L	L	L	L	L	L	L	L	L	L	L	L	L	L	L	L	L	L	L	L	L	L	L	L	L	L	L	L	L	L	L	L	L	L	L	L	L	L	L	L	L	L	L	L	L	L	L	L	L	L	L	L	L	L	L	L	L	L	L	L	L	L	L	L	L	L	L	L	L	L	L	L	L	L	L	L	L	L	L	L	L	L	L	L	L	L	L	L	L	L	L	L	L	
175	G	C	G	L	A	A	L	L	C	C	C	L	C	C	C	C	C	L	A	B	B	B	B	B	B	C	C	C	C	L	A	A	A	A	A	B	B	C	C	C	C	C	C	A	A	A	A	B	B	L	A	A	A	B	B	C	C	C	C	A	A	B	B	B	B	C	C	A	A	A	A	B	B	C	C	C	C	A	A	B	B	B	B	C	C	A	A	L	A	B	B	C	C	A	A	B	B	C	C	A	A	B	B	C	C	A	A	B	B	C	C	A	A	B	B	C	C	A	A	B	B	C	C	A	A	B	B	C	C	A	A	B	B	C	C	A	A	B	B	C	C	A	A	B	B	C	C	A	A	B	B	C	C	A	A	B	B	C	C	A	A	B	B	C	C	A	A	B	B	C	C	A	A	B	B	C	L	L	L	L	L	L	L	L	L	L	L	L	L	L	L	L	L	L	L	L	L	L	L	L	L	L	L	L	L	L	L	L	L	L	L	L	L	L	L	L	L	L	L	L	L	L	L	L	L	L	L	L	L	L	L	L	L	L	L	L	L	L	L	L	L	L	L	L	L	L	L	L	L	L	L	L	L	L	L	L	L	L	L	L	L	L	L	L	L	L	L	L	L	L	L	L	L	L	L	L	L	L	L	L	L	L	L	L	L	L	L	L	L	L	L	L	L	L	L	L	L	L	L	L	L	L	L	L	L	L	L	L	L	L	L	L	L	L	L	L	L	L	L	L	L	L	L	L	L	L	L	L	L	L	L	L	L	L	L	L	L	L	L	L	L	L	L	L	L	L	L	L	L	L	L	L	L	L	L	L	L	L	L	L	L	L	L	L	L	L	L	L	L	L	L	L	L	L	
176	G	B	A	L	A	A	G	L	C	C	C	L	C	C	C	C	C	L	L	B	B	B	B	B	C	C	C	C	C	L	A	A	A	A	B	B	C	C	C	C	C	C	A	A	A	A	B	B	G	L	A	A	B	B	C	C	C	C	A	A	B	B	B	B	C	C	A	A	A	A	B	B	C	C	C	C	A	A	B	B	B	B	C	C	A	A	A	L	L	B	C	C	A	A	B	B	C	C	A	A	B	B	C	C	A	A	B	B	C	C	A	A	B	B	C	C	A	A	B	B	C	C	A	A	B	B	C	C	A	A	B	B	C	C	A	A	B	B	C	C	A	A	B	B	C	C	A	A	B	B	C	C	A	A	B	B	C	C	A	A	B	B	C	C	A	A	B	B	C	C	A	A	B	B	C	C	A	L	L	L	L	L	L	L	L	L	L	L	L	L	L	L	L	L	L	L	L	L	L	L	L	L	L	L	L	L	L	L	L	L	L	L	L	L	L	L	L	L	L	L	L	L	L	L	L	L	L	L	L	L	L	L	L	L	L	L	L	L	L	L	L	L	L	L	L	L	L	L	L	L	L	L	L	L	L	L	L	L	L	L	L	L	L	L	L	L	L	L	L	L	L	L	L	L	L	L	L	L	L	L	L	L	L	L	L	L	L	L	L	L	L	L	L	L	L	L	L	L	L	L	L	L	L	L	L	L	L	L	L	L	L	L	L	L	L	L	L	L	L	L	L	L	L	L	L	L	L	L	L	L	L	L	L	L	L	L	L	L	L	L	L	L	L	L	L	L	L	L	L	L	L	L	L	L	L	L	L	L	L	L	L	L	L	L	L	L	L	L	L	L	L	L	L	L	
177	G	C	G	L	A	B	B	L	C	C	C	L	C	C	C	C	C	A	L	B	B	B	B	C	C	C	C	C	C	L	A	A	A	B	B	C	C	C	C	C	C	A	A	A	A	B	B	B	B	L	A	B	B	C	C	C	C	A	A	B	B	B	B	C	C	A	A	A	A	B	B	C	C	C	C	A	A	B	B	B	B	C	C	A	A	A	A	G	L	L	C	A	A	B	B	C	C	A	A	B	B	C	C	A	A	B	B	C	C	A	A	B	B	C	C	A	A	B	B	C	C	A	A	B	B	C	C	A	A	B	B	C	C	A	A	B	B	C	C	A	A	B	B	C	C	A	A	B	B	C	C	A	A	B	B	C	C	A	A	B	B	C	C	A	A	B	B	C	C	A	A	B	B	C	C	A	A	G	L	L	L	L	L	L	L	L	L	L	L	L	L	L	L	L	L	L	L	L	L	L	L	L	L	L	L	L	L	L	L	L	L	L	L	L	L	L	L	L	L	L	L	L	L	L	L	L	L	L	L	L	L	L	L	L	L	L	L	L	L	L	L	L	L	L	L	L	L	L	L	L	L	L	L	L	L	L	L	L	L	L	L	L	L	L	L	L	L	L	L	L	L	L	L	L	L	L	L	L	L	L	L	L	L	L	L	L	L	L	L	L	L	L	L	L	L	L	L	L	L	L	L	L	L	L	L	L	L	L	L	L	L	L	L	L	L	L	L	L	L	L	L	L	L	L	L	L	L	L	L	L	L	L	L	L	L	L	L	L	L	L	L	L	L	L	L	L	L	L	L	L	L	L	L	L	L	L	L	L	L	L	L	L	L	L	L	L	L	L	L	L	L	L	L	L	
178	G	B	A	L	L	B	G	L	C	C	C	L	C	C	C	C	A	A	L	B	B	B	C	C	C	C	C	C	C	L	A	A	B	B	C	C	C	C	C	C	A	A	A	A	B	B	B	B	G	L	L	B	C	C	C	C	A	A	B	B	B	B	C	C	A	A	A	A	B	B	C	C	C	C	A	A	B	B	B	B	C	C	A	A	A	A	B	B	C	L	A	A	B	B	C	C	A	A	B	B	C	C	A	A	B	B	C	C	A	A	B	B	C	C	A	A	B	B	C	C	A	A	B	B	C	C	A	A	B	B	C	C	A	A	B	B	C	C	A	A	B	B	C	C	A	A	B	B	C	C	A	A	B	B	C	C	A	A	B	B	C	C	A	A	B	B	C	C	A	A	B	B	C	C	A	A	B	B	C	L	L	L	L	L	L	L	L	L	L	L	L	L	L	L	L	L	L	L	L	L	L	L	L	L	L	L	L	L	L	L	L	L	L	L	L	L	L	L	L	L	L	L	L	L	L	L	L	L	L	L	L	L	L	L	L	L	L	L	L	L	L	L	L	L	L	L	L	L	L	L	L	L	L	L	L	L	L	L	L	L	L	L	L	L	L	L	L	L	L	L	L	L	L	L	L	L	L	L	L	L	L	L	L	L	L	L	L	L	L	L	L	L	L	L	L	L	L	L	L	L	L	L	L	L	L	L	L	L	L	L	L	L	L	L	L	L	L	L	L	L	L	L	L	L	L	L	L	L	L	L	L	L	L	L	L	L	L	L	L	L	L	L	L	L	L	L	L	L	L	L	L	L	L	L	L	L	L	L	L	L	L	L	L	L	L	L	L	L	L	L	L	L	L	L	
179	G	C	G	G	L	B	B	L	C	C	C	L	C	C	C	A	A	A	L	B	B	C	C	C	C	C	C	C	C	L	A	B	B	C	C	C	C	C	C	A	A	A	A	B	B	B	B	B	B	C	L	L	C	C	C	A	A	B	B	B	B	C	C	A	A	A	A	B	B	C	C	C	C	A	A	B	B	B	B	C	C	A	A	A	A	B	B	C	C	L	A	B	B	C	C	A	A	B	B	C	C	A	A	B	B	C	C	A	A	B	B	C	C	A	A	B	B	C	C	A	A	B	B	C	C	A	A	B	B	C	C	A	A	B	B	C	C	A	A	B	B	C	C	A	A	B	B	C	C	A	A	B	B	C	C	A	A	B	B	C	C	A	A	B	B	C	C	A	A	B	B	C	C	A	A	B	B	C	C	A	L	L	L	L	L	L	L	L	L	L	L	L	L	L	L	L	L	L	L	L	L	L	L	L	L	L	L	L	L	L	L	L	L	L	L	L	L	L	L	L	L	L	L	L	L	L	L	L	L	L	L	L	L	L	L	L	L	L	L	L	L	L	L	L	L	L	L	L	L	L	L	L	L	L	L	L	L	L	L	L	L	L	L	L	L	L	L	L	L	L	L	L	L	L	L	L	L	L	L	L	L	L	L	L	L	L	L	L	L	L	L	L	L	L	L	L	L	L	L	L	L	L	L	L	L	L	L	L	L	L	L	L	L	L	L	L	L	L	L	L	L	L	L	L	L	L	L	L	L	L	L	L	L	L	L	L	L	L	L	L	L	L	L	L	L	L	L	L	L	L	L	L	L	L	L	L	L	L	L	L	L	L	L	L	L	L	L	L	L	L	L	L	L	L	
180	G	B	A	B	L	B	G	L	C	C	C	L	C	C	A	A	A	A	L	B	C	C	C	C	C	C	C	C	C	L	L	B	C	C	C	C	C	C	A	A	A	A	B	B	B	B	B	B	C	C	A	L	C	C	A	A	B	B	B	B	C	C	A	A	A	A	B	B	C	C	C	C	A	A	B	B	B	B	C	C	A	A	A	A	B	B	C	C	C	L	L	B	C	C	A	A	B	B	C	C	A	A	B	B	C	C	A	A	B	B	C	C	A	A	B	B	C	C	A	A	B	B	C	C	A	A	B	B	C	C	A	A	B	B	C	C	A	A	B	B	C	C	A	A	B	B	C	C	A	A	B	B	C	C	A	A	B	B	C	C	A	A	B	B	C	C	A	A	B	B	C	C	A	A	B	B	C	C	A	A	G	L	L	L	L	L	L	L	L	L	L	L	L	L	L	L	L	L	L	L	L	L	L	L	L	L	L	L	L	L	L	L	L	L	L	L	L	L	L	L	L	L	L	L	L	L	L	L	L	L	L	L	L	L	L	L	L	L	L	L	L	L	L	L	L	L	L	L	L	L	L	L	L	L	L	L	L	L	L	L	L	L	L	L	L	L	L	L	L	L	L	L	L	L	L	L	L	L	L	L	L	L	L	L	L	L	L	L	L	L	L	L	L	L	L	L	L	L	L	L	L	L	L	L	L	L	L	L	L	L	L	L	L	L	L	L	L	L	L	L	L	L	L	L	L	L	L	L	L	L	L	L	L	L	L	L	L	L	L	L	L	L	L	L	L	L	L	L	L	L	L	L	L	L	L	L	L	L	L	L	L	L	L	L	L	L	L	L	L	L	L	L	L	L	
181	G	C	G	G	L	B	B	L	C	C	C	L	C	A	A	A	A	A	L	L	C	C	C	C	C	C	C	C	C	A	L	L	C	C	C	C	C	A	A	A	A	B	B	B	B	B	B	C	C	A	A	L	C	A	A	B	B	B	B	C	C	A	A	A	A	B	B	C	C	C	C	A	A	B	B	B	B	C	C	A	A	A	A	B	B	C	C	C	C	A	L	L	C	A	A	B	B	C	C	A	A	B	B	C	C	A	A	B	B	C	C	A	A	B	B	C	C	A	A	B	B	C	C	A	A	B	B	C	C	A	A	B	B	C	C	A	A	B	B	C	C	A	A	B	B	C	C	A	A	B	B	C	C	A	A	B	B	C	C	A	A	B	B	C	C	A	A	B	B	C	C	A	A	B	B	C	C	A	A	B	B	C	L	L	L	L	L	L	L	L	L	L	L	L	L	L	L	L	L	L	L	L	L	L	L	L	L	L	L	L	L	L	L	L	L	L	L	L	L	L	L	L	L	L	L	L	L	L	L	L	L	L	L	L	L	L	L	L	L	L	L	L	L	L	L	L	L	L	L	L	L	L	L	L	L	L	L	L	L	L	L	L	L	L	L	L	L	L	L	L	L	L	L	L	L	L	L	L	L	L	L	L	L	L	L	L	L	L	L	L	L	L	L	L	L	L	L	L	L	L	L	L	L	L	L	L	L	L	L	L	L	L	L	L	L	L	L	L	L	L	L	L	L	L	L	L	L	L	L	L	L	L	L	L	L	L	L	L	L	L	L	L	L	L	L	L	L	L	L	L	L	L	L	L	L	L	L	L	L	L	L	L	L	L	L	L	L	L	L	L	L	L	L	L	
182	G	B	A	B	L	B	G	L	C	C	C	L	A	A	A	A	A	A	G	L	C	C	C	C	C	C	C	C	A	A	G	L	C	C	C	C	A	A	A	A	B	B	B	B	B	B	C	C	A	A	A	L	A	A	B	B	B	B	C	C	A	A	A	A	B	B	C	C	C	C	A	A	B	B	B	B	C	C	A	A	A	A	B	B	C	C	C	C	A	A	G	L	A	A	B	B	C	C	A	A	B	B	C	C	A	A	B	B	C	C	A	A	B	B	C	C	A	A	B	B	C	C	A	A	B	B	C	C	A	A	B	B	C	C	A	A	B	B	C	C	A	A	B	B	C	C	A	A	B	B	C	C	A	A	B	B	C	C	A	A	B	B	C	C	A	A	B	B	C	C	A	A	B	B	C	C	A	A	B	B	C	C	A	L	L	L	L	L	L	L	L	L	L	L	L	L	L	L	L	L	L	L	L	L	L	L	L	L	L	L	L	L	L	L	L	L	L	L	L	L	L	L	L	L	L	L	L	L	L	L	L	L	L	L	L	L	L	L	L	L	L	L	L	L	L	L	L	L	L	L	L	L	L	L	L	L	L	L	L	L	L	L	L	L	L	L	L	L	L	L	L	L	L	L	L	L	L	L	L	L	L	L	L	L	L	L	L	L	L	L	L	L	L	L	L	L	L	L	L	L	L	L	L	L	L	L	L	L	L	L	L	L	L	L	L	L	L	L	L	L	L	L	L	L	L	L	L	L	L	L	L	L	L	L	L	L	L	L	L	L	L	L	L	L	L	L	L	L	L	L	L	L	L	L	L	L	L	L	L	L	L	L	L	L	L	L	L	L	L	L	L	L	L	L	
183	G	C	G	G	L	B	B	L	C	C	C	L	A	A	A	A	A	B	B	L	C	C	C	C	C	C	C	A	A	B	B	L	C	C	C	A	A	A	A	B	B	B	B	B	B	C	C	A	A	A	A	L	A	B	B	B	B	C	C	A	A	A	A	B	B	C	C	C	C	A	A	B	B	B	B	C	C	A	A	A	A	B	B	C	C	C	C	A	A	B	B	L	A	B	B	C	C	A	A	B	B	C	C	A	A	B	B	C	C	A	A	B	B	C	C	A	A	B	B	C	C	A	A	B	B	C	C	A	A	B	B	C	C	A	A	B	B	C	C	A	A	B	B	C	C	A	A	B	B	C	C	A	A	B	B	C	C	A	A	B	B	C	C	A	A	B	B	C	C	A	A	B	B	C	C	A	A	B	B	C	C	A	A	G	L	L	L	L	L	L	L	L	L	L	L	L	L	L	L	L	L	L	L	L	L	L	L	L	L	L	L	L	L	L	L	L	L	L	L	L	L	L	L	L	L	L	L	L	L	L	L	L	L	L	L	L	L	L	L	L	L	L	L	L	L	L	L	L	L	L	L	L	L	L	L	L	L	L	L	L	L	L	L	L	L	L	L	L	L	L	L	L	L	L	L	L	L	L	L	L	L	L	L	L	L	L	L	L	L	L	L	L	L	L	L	L	L	L	L	L	L	L	L	L	L	L	L	L	L	L	L	L	L	L	L	L	L	L	L	L	L	L	L	L	L	L	L	L	L	L	L	L	L	L	L	L	L	L	L	L	L	L	L	L	L	L	L	L	L	L	L	L	L	L	L	L	L	L	L	L	L	L	L	L	L	L	L	L	L	L	L	L	L	L	
184	G	B	A	B	L	B	G	L	C	C	C	L	A	A	A	A	B	B	G	L	C	C	C	C	C	C	A	A	B	B	G	L	C	C	A	A	A	A	B	B	B	B	B	B	C	C	A	A	A	A	A	L	L	B	B	B	C	C	A	A	A	A	B	B	C	C	C	C	A	A	B	B	B	B	C	C	A	A	A	A	B	B	C	C	C	C	A	A	B	B	G	L	L	B	C	C	A	A	B	B	C	C	A	A	B	B	C	C	A	A	B	B	C	C	A	A	B	B	C	C	A	A	B	B	C	C	A	A	B	B	C	C	A	A	B	B	C	C	A	A	B	B	C	C	A	A	B	B	C	C	A	A	B	B	C	C	A	A	B	B	C	C	A	A	B	B	C	C	A	A	B	B	C	C	A	A	B	B	C	C	A	A	B	B	C	L	L	L	L	L	L	L	L	L	L	L	L	L	L	L	L	L	L	L	L	L	L	L	L	L	L	L	L	L	L	L	L	L	L	L	L	L	L	L	L	L	L	L	L	L	L	L	L	L	L	L	L	L	L	L	L	L	L	L	L	L	L	L	L	L	L	L	L	L	L	L	L	L	L	L	L	L	L	L	L	L	L	L	L	L	L	L	L	L	L	L	L	L	L	L	L	L	L	L	L	L	L	L	L	L	L	L	L	L	L	L	L	L	L	L	L	L	L	L	L	L	L	L	L	L	L	L	L	L	L	L	L	L	L	L	L	L	L	L	L	L	L	L	L	L	L	L	L	L	L	L	L	L	L	L	L	L	L	L	L	L	L	L	L	L	L	L	L	L	L	L	L	L	L	L	L	L	L	L	L	L	L	L	L	L	L	L	L	L	
185	G	C	G	G	L	B	B	L	C	C	C	L	A	A	A	B	B	B	B	L	C	C	C	C	C	A	A	B	B	B	B	L	C	A	A	A	A	B	B	B	B	B	B	C	C	A	A	A	A	A	A	G	L	B	B	C	C	A	A	A	A	B	B	C	C	C	C	A	A	B	B	B	B	C	C	A	A	A	A	B	B	C	C	C	C	A	A	B	B	B	B	C	L	L	C	A	A	B	B	C	C	A	A	B	B	C	C	A	A	B	B	C	C	A	A	B	B	C	C	A	A	B	B	C	C	A	A	B	B	C	C	A	A	B	B	C	C	A	A	B	B	C	C	A	A	B	B	C	C	A	A	B	B	C	C	A	A	B	B	C	C	A	A	B	B	C	C	A	A	B	B	C	C	A	A	B	B	C	C	A	A	B	B	C	C	A	L	L	L	L	L	L	L	L	L	L	L	L	L	L	L	L	L	L	L	L	L	L	L	L	L	L	L	L	L	L	L	L	L	L	L	L	L	L	L	L	L	L	L	L	L	L	L	L	L	L	L	L	L	L	L	L	L	L	L	L	L	L	L	L	L	L	L	L	L	L	L	L	L	L	L	L	L	L	L	L	L	L	L	L	L	L	L	L	L	L	L	L	L	L	L	L	L	L	L	L	L	L	L	L	L	L	L	L	L	L	L	L	L	L	L	L	L	L	L	L	L	L	L	L	L	L	L	L	L	L	L	L	L	L	L	L	L	L	L	L	L	L	L	L	L	L	L	L	L	L	L	L	L	L	L	L	L	L	L	L	L	L	L	L	L	L	L	L	L	L	L	L	L	L	L	L	L	L	L	L	L	L	L	L	L	L	L	L	
186	G	B	A	B	L	B	G	L	C	C	C	L	A	A	B	B	B	B	G	L	C	C	C	C	A	A	B	B	B	B	G	L	A	A	A	A	B	B	B	B	B	B	C	C	A	A	A	A	A	A	B	B	L	B	C	C	A	A	A	A	B	B	C	C	C	C	A	A	B	B	B	B	C	C	A	A	A	A	B	B	C	C	C	C	A	A	B	B	B	B	C	C	A	L	A	A	B	B	C	C	A	A	B	B	C	C	A	A	B	B	C	C	A	A	B	B	C	C	A	A	B	B	C	C	A	A	B	B	C	C	A	A	B	B	C	C	A	A	B	B	C	C	A	A	B	B	C	C	A	A	B	B	C	C	A	A	B	B	C	C	A	A	B	B	C	C	A	A	B	B	C	C	A	A	B	B	C	C	A	A	B	B	C	C	A	A	G	L	L	L	L	L	L	L	L	L	L	L	L	L	L	L	L	L	L	L	L	L	L	L	L	L	L	L	L	L	L	L	L	L	L	L	L	L	L	L	L	L	L	L	L	L	L	L	L	L	L	L	L	L	L	L	L	L	L	L	L	L	L	L	L	L	L	L	L	L	L	L	L	L	L	L	L	L	L	L	L	L	L	L	L	L	L	L	L	L	L	L	L	L	L	L	L	L	L	L	L	L	L	L	L	L	L	L	L	L	L	L	L	L	L	L	L	L	L	L	L	L	L	L	L	L	L	L	L	L	L	L	L	L	L	L	L	L	L	L	L	L	L	L	L	L	L	L	L	L	L	L	L	L	L	L	L	L	L	L	L	L	L	L	L	L	L	L	L	L	L	L	L	L	L	L	L	L	L	L	L	L	L	L	L	L	L	L	
187	G	C	G	G	L	B	B	L	C	C	C	L	A	B	B	B	B	B	B	L	C	C	C	A	A	B	B	B	B	B	B	L	A	A	A	B	B	B	B	B	B	C	C	A	A	A	A	A	A	B	B	G	L	L	C	A	A	A	A	B	B	C	C	C	C	A	A	B	B	B	B	C	C	A	A	A	A	B	B	C	C	C	C	A	A	B	B	B	B	C	C	A	A	L	A	B	B	C	C	A	A	B	B	C	C	A	A	B	B	C	C	A	A	B	B	C	C	A	A	B	B	C	C	A	A	B	B	C	C	A	A	B	B	C	C	A	A	B	B	C	C	A	A	B	B	C	C	A	A	B	B	C	C	A	A	B	B	C	C	A	A	B	B	C	C	A	A	B	B	C	C	A	A	B	B	C	C	A	A	B	B	C	C	A	A	B	B	C	L	L	L	L	L	L	L	L	L	L	L	L	L	L	L	L	L	L	L	L	L	L	L	L	L	L	L	L	L	L	L	L	L	L	L	L	L	L	L	L	L	L	L	L	L	L	L	L	L	L	L	L	L	L	L	L	L	L	L	L	L	L	L	L	L	L	L	L	L	L	L	L	L	L	L	L	L	L	L	L	L	L	L	L	L	L	L	L	L	L	L	L	L	L	L	L	L	L	L	L	L	L	L	L	L	L	L	L	L	L	L	L	L	L	L	L	L	L	L	L	L	L	L	L	L	L	L	L	L	L	L	L	L	L	L	L	L	L	L	L	L	L	L	L	L	L	L	L	L	L	L	L	L	L	L	L	L	L	L	L	L	L	L	L	L	L	L	L	L	L	L	L	L	L	L	L	L	L	L	L	L	L	L	L	L	L	
188	G	B	A	B	L	B	G	L	C	C	C	L	L	B	B	B	B	B	G	L	C	C	A	A	B	B	B	B	B	B	G	L	A	A	B	B	B	B	B	B	C	C	A	A	A	A	A	A	B	B	B	B	C	L	A	A	A	A	B	B	C	C	C	C	A	A	B	B	B	B	C	C	A	A	A	A	B	B	C	C	C	C	A	A	B	B	B	B	C	C	A	A	A	L	L	B	C	C	A	A	B	B	C	C	A	A	B	B	C	C	A	A	B	B	C	C	A	A	B	B	C	C	A	A	B	B	C	C	A	A	B	B	C	C	A	A	B	B	C	C	A	A	B	B	C	C	A	A	B	B	C	C	A	A	B	B	C	C	A	A	B	B	C	C	A	A	B	B	C	C	A	A	B	B	C	C	A	A	B	B	C	C	A	A	B	B	C	C	A	L	L	L	L	L	L	L	L	L	L	L	L	L	L	L	L	L	L	L	L	L	L	L	L	L	L	L	L	L	L	L	L	L	L	L	L	L	L	L	L	L	L	L	L	L	L	L	L	L	L	L	L	L	L	L	L	L	L	L	L	L	L	L	L	L	L	L	L	L	L	L	L	L	L	L	L	L	L	L	L	L	L	L	L	L	L	L	L	L	L	L	L	L	L	L	L	L	L	L	L	L	L	L	L	L	L	L	L	L	L	L	L	L	L	L	L	L	L	L	L	L	L	L	L	L	L	L	L	L	L	L	L	L	L	L	L	L	L	L	L	L	L	L	L	L	L	L	L	L	L	L	L	L	L	L	L	L	L	L	L	L	L	L	L	L	L	L	L	L	L	L	L	L	L	L	L	L	L	L	L	L	L	L	L	L	
189	G	C	G	G	L	B	B	L	C	C	C	A	L	B	B	B	B	B	B	L	C	A	A	B	B	B	B	B	B	B	B	L	A	B	B	B	B	B	B	C	C	A	A	A	A	A	A	B	B	B	B	C	C	L	A	A	A	B	B	C	C	C	C	A	A	B	B	B	B	C	C	A	A	A	A	B	B	C	C	C	C	A	A	B	B	B	B	C	C	A	A	A	A	G	L	L	C	A	A	B	B	C	C	A	A	B	B	C	C	A	A	B	B	C	C	A	A	B	B	C	C	A	A	B	B	C	C	A	A	B	B	C	C	A	A	B	B	C	C	A	A	B	B	C	C	A	A	B	B	C	C	A	A	B	B	C	C	A	A	B	B	C	C	A	A	B	B	C	C	A	A	B	B	C	C	A	A	B	B	C	C	A	A	B	B	C	C	A	A	G	L	L	L	L	L	L	L	L	L	L	L	L	L	L	L	L	L	L	L	L	L	L	L	L	L	L	L	L	L	L	L	L	L	L	L	L	L	L	L	L	L	L	L	L	L	L	L	L	L	L	L	L	L	L	L	L	L	L	L	L	L	L	L	L	L	L	L	L	L	L	L	L	L	L	L	L	L	L	L	L	L	L	L	L	L	L	L	L	L	L	L	L	L	L	L	L	L	L	L	L	L	L	L	L	L	L	L	L	L	L	L	L	L	L	L	L	L	L	L	L	L	L	L	L	L	L	L	L	L	L	L	L	L	L	L	L	L	L	L	L	L	L	L	L	L	L	L	L	L	L	L	L	L	L	L	L	L	L	L	L	L	L	L	L	L	L	L	L	L	L	L	L	L	L	L	L	L	L	L	L	L	L	L	L	
190	G	B	A	B	L	B	G	L	C	C	A	A	L	B	B	B	B	B	G	L	A	A	B	B	B	B	B	B	B	B	G	L	L	B	B	B	B	B	C	C	A	A	A	A	A	A	B	B	B	B	C	C	C	L	A	A	B	B	C	C	C	C	A	A	B	B	B	B	C	C	A	A	A	A	B	B	C	C	C	C	A	A	B	B	B	B	C	C	A	A	A	A	B	B	C	L	A	A	B	B	C	C	A	A	B	B	C	C	A	A	B	B	C	C	A	A	B	B	C	C	A	A	B	B	C	C	A	A	B	B	C	C	A	A	B	B	C	C	A	A	B	B	C	C	A	A	B	B	C	C	A	A	B	B	C	C	A	A	B	B	C	C	A	A	B	B	C	C	A	A	B	B	C	C	A	A	B	B	C	C	A	A	B	B	C	C	A	A	B	B	C	L	L	L	L	L	L	L	L	L	L	L	L	L	L	L	L	L	L	L	L	L	L	L	L	L	L	L	L	L	L	L	L	L	L	L	L	L	L	L	L	L	L	L	L	L	L	L	L	L	L	L	L	L	L	L	L	L	L	L	L	L	L	L	L	L	L	L	L	L	L	L	L	L	L	L	L	L	L	L	L	L	L	L	L	L	L	L	L	L	L	L	L	L	L	L	L	L	L	L	L	L	L	L	L	L	L	L	L	L	L	L	L	L	L	L	L	L	L	L	L	L	L	L	L	L	L	L	L	L	L	L	L	L	L	L	L	L	L	L	L	L	L	L	L	L	L	L	L	L	L	L	L	L	L	L	L	L	L	L	L	L	L	L	L	L	L	L	L	L	L	L	L	L	L	L	L	L	L	L	L	L	L	L	
191	G	C	G	G	L	B	B	L	C	A	A	A	L	B	B	B	B	B	B	L	A	B	B	B	B	B	B	B	B	B	B	C	L	B	B	B	B	C	C	A	A	A	A	A	A	B	B	B	B	C	C	C	C	L	A	B	B	C	C	C	C	A	A	B	B	B	B	C	C	A	A	A	A	B	B	C	C	C	C	A	A	B	B	B	B	C	C	A	A	A	A	B	B	C	C	L	A	B	B	C	C	A	A	B	B	C	C	A	A	B	B	C	C	A	A	B	B	C	C	A	A	B	B	C	C	A	A	B	B	C	C	A	A	B	B	C	C	A	A	B	B	C	C	A	A	B	B	C	C	A	A	B	B	C	C	A	A	B	B	C	C	A	A	B	B	C	C	A	A	B	B	C	C	A	A	B	B	C	C	A	A	B	B	C	C	A	A	B	B	C	C	A	L	L	L	L	L	L	L	L	L	L	L	L	L	L	L	L	L	L	L	L	L	L	L	L	L	L	L	L	L	L	L	L	L	L	L	L	L	L	L	L	L	L	L	L	L	L	L	L	L	L	L	L	L	L	L	L	L	L	L	L	L	L	L	L	L	L	L	L	L	L	L	L	L	L	L	L	L	L	L	L	L	L	L	L	L	L	L	L	L	L	L	L	L	L	L	L	L	L	L	L	L	L	L	L	L	L	L	L	L	L	L	L	L	L	L	L	L	L	L	L	L	L	L	L	L	L	L	L	L	L	L	L	L	L	L	L	L	L	L	L	L	L	L	L	L	L	L	L	L	L	L	L	L	L	L	L	L	L	L	L	L	L	L	L	L	L	L	L	L	L	L	L	L	L	L	L	L	L	L	L	L	L	
192	G	B	A	B	L	B	G	L	A	A	A	A	L	B	B	B	B	B	G	L	L	B	B	B	B	B	B	B	B	B	C	C	L	B	B	B	C	C	A	A	A	A	A	A	B	B	B	B	C	C	C	C	C	L	L	B	C	C	C	C	A	A	B	B	B	B	C	C	A	A	A	A	B	B	C	C	C	C	A	A	B	B	B	B	C	C	A	A	A	A	B	B	C	C	C	L	L	B	C	C	A	A	B	B	C	C	A	A	B	B	C	C	A	A	B	B	C	C	A	A	B	B	C	C	A	A	B	B	C	C	A	A	B	B	C	C	A	A	B	B	C	C	A	A	B	B	C	C	A	A	B	B	C	C	A	A	B	B	C	C	A	A	B	B	C	C	A	A	B	B	C	C	A	A	B	B	C	C	A	A	B	B	C	C	A	A	B	B	C	C	A	A	G	L	L	L	L	L	L	L	L	L	L	L	L	L	L	L	L	L	L	L	L	L	L	L	L	L	L	L	L	L	L	L	L	L	L	L	L	L	L	L	L	L	L	L	L	L	L	L	L	L	L	L	L	L	L	L	L	L	L	L	L	L	L	L	L	L	L	L	L	L	L	L	L	L	L	L	L	L	L	L	L	L	L	L	L	L	L	L	L	L	L	L	L	L	L	L	L	L	L	L	L	L	L	L	L	L	L	L	L	L	L	L	L	L	L	L	L	L	L	L	L	L	L	L	L	L	L	L	L	L	L	L	L	L	L	L	L	L	L	L	L	L	L	L	L	L	L	L	L	L	L	L	L	L	L	L	L	L	L	L	L	L	L	L	L	L	L	L	L	L	L	L	L	L	L	L	L	L	L	L	L	L	
193	G	C	G	G	L	B	B	L	A	A	A	A	L	B	B	B	B	B	B	C	L	B	B	B	B	B	B	B	B	C	C	C	L	B	B	C	C	A	A	A	A	A	A	B	B	B	B	C	C	C	C	C	C	A	L	L	C	C	C	A	A	B	B	B	B	C	C	A	A	A	A	B	B	C	C	C	C	A	A	B	B	B	B	C	C	A	A	A	A	B	B	C	C	C	C	A	L	L	C	A	A	B	B	C	C	A	A	B	B	C	C	A	A	B	B	C	C	A	A	B	B	C	C	A	A	B	B	C	C	A	A	B	B	C	C	A	A	B	B	C	C	A	A	B	B	C	C	A	A	B	B	C	C	A	A	B	B	C	C	A	A	B	B	C	C	A	A	B	B	C	C	A	A	B	B	C	C	A	A	B	B	C	C	A	A	B	B	C	C	A	A	B	B	C	L	L	L	L	L	L	L	L	L	L	L	L	L	L	L	L	L	L	L	L	L	L	L	L	L	L	L	L	L	L	L	L	L	L	L	L	L	L	L	L	L	L	L	L	L	L	L	L	L	L	L	L	L	L	L	L	L	L	L	L	L	L	L	L	L	L	L	L	L	L	L	L	L	L	L	L	L	L	L	L	L	L	L	L	L	L	L	L	L	L	L	L	L	L	L	L	L	L	L	L	L	L	L	L	L	L	L	L	L	L	L	L	L	L	L	L	L	L	L	L	L	L	L	L	L	L	L	L	L	L	L	L	L	L	L	L	L	L	L	L	L	L	L	L	L	L	L	L	L	L	L	L	L	L	L	L	L	L	L	L	L	L	L	L	L	L	L	L	L	L	L	L	L	L	L	L	L	L	L	L	
194	G	B	A	B	L	B	G	L	A	A	A	A	L	B	B	B	B	B	C	C	L	B	B	B	B	B	B	B	C	C	C	C	L	B	C	C	A	A	A	A	A	A	B	B	B	B	C	C	C	C	C	C	A	A	G	L	C	C	A	A	B	B	B	B	C	C	A	A	A	A	B	B	C	C	C	C	A	A	B	B	B	B	C	C	A	A	A	A	B	B	C	C	C	C	A	A	G	L	A	A	B	B	C	C	A	A	B	B	C	C	A	A	B	B	C	C	A	A	B	B	C	C	A	A	B	B	C	C	A	A	B	B	C	C	A	A	B	B	C	C	A	A	B	B	C	C	A	A	B	B	C	C	A	A	B	B	C	C	A	A	B	B	C	C	A	A	B	B	C	C	A	A	B	B	C	C	A	A	B	B	C	C	A	A	B	B	C	C	A	A	B	B	C	C	A	L	L	L	L	L	L	L	L	L	L	L	L	L	L	L	L	L	L	L	L	L	L	L	L	L	L	L	L	L	L	L	L	L	L	L	L	L	L	L	L	L	L	L	L	L	L	L	L	L	L	L	L	L	L	L	L	L	L	L	L	L	L	L	L	L	L	L	L	L	L	L	L	L	L	L	L	L	L	L	L	L	L	L	L	L	L	L	L	L	L	L	L	L	L	L	L	L	L	L	L	L	L	L	L	L	L	L	L	L	L	L	L	L	L	L	L	L	L	L	L	L	L	L	L	L	L	L	L	L	L	L	L	L	L	L	L	L	L	L	L	L	L	L	L	L	L	L	L	L	L	L	L	L	L	L	L	L	L	L	L	L	L	L	L	L	L	L	L	L	L	L	L	L	L	L	L	L	L	L	
195	G	C	G	G	L	B	B	L	A	A	A	A	L	B	B	B	B	C	C	C	L	B	B	B	B	B	B	C	C	C	C	C	L	L	C	A	A	A	A	A	A	B	B	B	B	C	C	C	C	C	C	A	A	B	B	L	C	A	A	B	B	B	B	C	C	A	A	A	A	B	B	C	C	C	C	A	A	B	B	B	B	C	C	A	A	A	A	B	B	C	C	C	C	A	A	B	B	L	A	B	B	C	C	A	A	B	B	C	C	A	A	B	B	C	C	A	A	B	B	C	C	A	A	B	B	C	C	A	A	B	B	C	C	A	A	B	B	C	C	A	A	B	B	C	C	A	A	B	B	C	C	A	A	B	B	C	C	A	A	B	B	C	C	A	A	B	B	C	C	A	A	B	B	C	C	A	A	B	B	C	C	A	A	B	B	C	C	A	A	B	B	C	C	A	A	G	L	L	L	L	L	L	L	L	L	L	L	L	L	L	L	L	L	L	L	L	L	L	L	L	L	L	L	L	L	L	L	L	L	L	L	L	L	L	L	L	L	L	L	L	L	L	L	L	L	L	L	L	L	L	L	L	L	L	L	L	L	L	L	L	L	L	L	L	L	L	L	L	L	L	L	L	L	L	L	L	L	L	L	L	L	L	L	L	L	L	L	L	L	L	L	L	L	L	L	L	L	L	L	L	L	L	L	L	L	L	L	L	L	L	L	L	L	L	L	L	L	L	L	L	L	L	L	L	L	L	L	L	L	L	L	L	L	L	L	L	L	L	L	L	L	L	L	L	L	L	L	L	L	L	L	L	L	L	L	L	L	L	L	L	L	L	L	L	L	L	L	L	L	L	L	L	L	L	
196	G	B	A	B	L	B	G	L	A	A	A	A	L	B	B	B	C	C	C	C	L	B	B	B	B	B	C	C	C	C	C	C	A	L	A	A	A	A	A	A	B	B	B	B	C	C	C	C	C	C	A	A	B	B	G	L	A	A	B	B	B	B	C	C	A	A	A	A	B	B	C	C	C	C	A	A	B	B	B	B	C	C	A	A	A	A	B	B	C	C	C	C	A	A	B	B	G	L	L	B	C	C	A	A	B	B	C	C	A	A	B	B	C	C	A	A	B	B	C	C	A	A	B	B	C	C	A	A	B	B	C	C	A	A	B	B	C	C	A	A	B	B	C	C	A	A	B	B	C	C	A	A	B	B	C	C	A	A	B	B	C	C	A	A	B	B	C	C	A	A	B	B	C	C	A	A	B	B	C	C	A	A	B	B	C	C	A	A	B	B	C	C	A	A	B	B	C	L	L	L	L	L	L	L	L	L	L	L	L	L	L	L	L	L	L	L	L	L	L	L	L	L	L	L	L	L	L	L	L	L	L	L	L	L	L	L	L	L	L	L	L	L	L	L	L	L	L	L	L	L	L	L	L	L	L	L	L	L	L	L	L	L	L	L	L	L	L	L	L	L	L	L	L	L	L	L	L	L	L	L	L	L	L	L	L	L	L	L	L	L	L	L	L	L	L	L	L	L	L	L	L	L	L	L	L	L	L	L	L	L	L	L	L	L	L	L	L	L	L	L	L	L	L	L	L	L	L	L	L	L	L	L	L	L	L	L	L	L	L	L	L	L	L	L	L	L	L	L	L	L	L	L	L	L	L	L	L	L	L	L	L	L	L	L	L	L	L	L	L	L	L	L	L	L	
197	G	C	G	G	L	B	B	L	A	A	A	A	L	B	B	C	C	C	C	C	L	B	B	B	B	C	C	C	C	C	C	A	A	L	A	A	A	A	A	B	B	B	B	C	C	C	C	C	C	A	A	B	B	B	B	L	A	B	B	B	B	C	C	A	A	A	A	B	B	C	C	C	C	A	A	B	B	B	B	C	C	A	A	A	A	B	B	C	C	C	C	A	A	B	B	B	B	C	L	L	C	A	A	B	B	C	C	A	A	B	B	C	C	A	A	B	B	C	C	A	A	B	B	C	C	A	A	B	B	C	C	A	A	B	B	C	C	A	A	B	B	C	C	A	A	B	B	C	C	A	A	B	B	C	C	A	A	B	B	C	C	A	A	B	B	C	C	A	A	B	B	C	C	A	A	B	B	C	C	A	A	B	B	C	C	A	A	B	B	C	C	A	A	B	B	C	C	A	L	L	L	L	L	L	L	L	L	L	L	L	L	L	L	L	L	L	L	L	L	L	L	L	L	L	L	L	L	L	L	L	L	L	L	L	L	L	L	L	L	L	L	L	L	L	L	L	L	L	L	L	L	L	L	L	L	L	L	L	L	L	L	L	L	L	L	L	L	L	L	L	L	L	L	L	L	L	L	L	L	L	L	L	L	L	L	L	L	L	L	L	L	L	L	L	L	L	L	L	L	L	L	L	L	L	L	L	L	L	L	L	L	L	L	L	L	L	L	L	L	L	L	L	L	L	L	L	L	L	L	L	L	L	L	L	L	L	L	L	L	L	L	L	L	L	L	L	L	L	L	L	L	L	L	L	L	L	L	L	L	L	L	L	L	L	L	L	L	L	L	L	L	L	L	L	
198	G	B	A	B	L	B	G	L	A	A	A	A	L	B	C	C	C	C	C	C	L	B	B	B	C	C	C	C	C	C	A	A	A	L	A	A	A	A	B	B	B	B	C	C	C	C	C	C	A	A	B	B	B	B	G	L	L	B	B	B	C	C	A	A	A	A	B	B	C	C	C	C	A	A	B	B	B	B	C	C	A	A	A	A	B	B	C	C	C	C	A	A	B	B	B	B	C	C	A	L	A	A	B	B	C	C	A	A	B	B	C	C	A	A	B	B	C	C	A	A	B	B	C	C	A	A	B	B	C	C	A	A	B	B	C	C	A	A	B	B	C	C	A	A	B	B	C	C	A	A	B	B	C	C	A	A	B	B	C	C	A	A	B	B	C	C	A	A	B	B	C	C	A	A	B	B	C	C	A	A	B	B	C	C	A	A	B	B	C	C	A	A	B	B	C	C	A	A	G	L	L	L	L	L	L	L	L	L	L	L	L	L	L	L	L	L	L	L	L	L	L	L	L	L	L	L	L	L	L	L	L	L	L	L	L	L	L	L	L	L	L	L	L	L	L	L	L	L	L	L	L	L	L	L	L	L	L	L	L	L	L	L	L	L	L	L	L	L	L	L	L	L	L	L	L	L	L	L	L	L	L	L	L	L	L	L	L	L	L	L	L	L	L	L	L	L	L	L	L	L	L	L	L	L	L	L	L	L	L	L	L	L	L	L	L	L	L	L	L	L	L	L	L	L	L	L	L	L	L	L	L	L	L	L	L	L	L	L	L	L	L	L	L	L	L	L	L	L	L	L	L	L	L	L	L	L	L	L	L	L	L	L	L	L	L	L	L	L	L	L	L	L	L	L	
199	G	C	G	G	L	B	B	L	A	A	A	A	L	L	C	C	C	C	C	C	L	B	B	C	C	C	C	C	C	A	A	A	A	L	A	A	A	B	B	B	B	C	C	C	C	C	C	A	A	B	B	B	B	B	B	C	L	B	B	C	C	A	A	A	A	B	B	C	C	C	C	A	A	B	B	B	B	C	C	A	A	A	A	B	B	C	C	C	C	A	A	B	B	B	B	C	C	A	A	L	A	B	B	C	C	A	A	B	B	C	C	A	A	B	B	C	C	A	A	B	B	C	C	A	A	B	B	C	C	A	A	B	B	C	C	A	A	B	B	C	C	A	A	B	B	C	C	A	A	B	B	C	C	A	A	B	B	C	C	A	A	B	B	C	C	A	A	B	B	C	C	A	A	B	B	C	C	A	A	B	B	C	C	A	A	B	B	C	C	A	A	B	B	C	C	A	A	B	B	C	L	L	L	L	L	L	L	L	L	L	L	L	L	L	L	L	L	L	L	L	L	L	L	L	L	L	L	L	L	L	L	L	L	L	L	L	L	L	L	L	L	L	L	L	L	L	L	L	L	L	L	L	L	L	L	L	L	L	L	L	L	L	L	L	L	L	L	L	L	L	L	L	L	L	L	L	L	L	L	L	L	L	L	L	L	L	L	L	L	L	L	L	L	L	L	L	L	L	L	L	L	L	L	L	L	L	L	L	L	L	L	L	L	L	L	L	L	L	L	L	L	L	L	L	L	L	L	L	L	L	L	L	L	L	L	L	L	L	L	L	L	L	L	L	L	L	L	L	L	L	L	L	L	L	L	L	L	L	L	L	L	L	L	L	L	L	L	L	L	L	L	L	L	L	
200	G	B	A	B	L	B	G	L	A	A	A	A	G	L	C	C	C	C	C	C	L	B	C	C	C	C	C	C	A	A	A	A	A	L	A	A	B	B	B	B	C	C	C	C	C	C	A	A	B	B	B	B	B	B	C	C	L	B	C	C	A	A	A	A	B	B	C	C	C	C	A	A	B	B	B	B	C	C	A	A	A	A	B	B	C	C	C	C	A	A	B	B	B	B	C	C	A	A	A	L	L	B	C	C	A	A	B	B	C	C	A	A	B	B	C	C	A	A	B	B	C	C	A	A	B	B	C	C	A	A	B	B	C	C	A	A	B	B	C	C	A	A	B	B	C	C	A	A	B	B	C	C	A	A	B	B	C	C	A	A	B	B	C	C	A	A	B	B	C	C	A	A	B	B	C	C	A	A	B	B	C	C	A	A	B	B	C	C	A	A	B	B	C	C	A	A	B	B	C	C	A	L	L	L	L	L	L	L	L	L	L	L	L	L	L	L	L	L	L	L	L	L	L	L	L	L	L	L	L	L	L	L	L	L	L	L	L	L	L	L	L	L	L	L	L	L	L	L	L	L	L	L	L	L	L	L	L	L	L	L	L	L	L	L	L	L	L	L	L	L	L	L	L	L	L	L	L	L	L	L	L	L	L	L	L	L	L	L	L	L	L	L	L	L	L	L	L	L	L	L	L	L	L	L	L	L	L	L	L	L	L	L	L	L	L	L	L	L	L	L	L	L	L	L	L	L	L	L	L	L	L	L	L	L	L	L	L	L	L	L	L	L	L	L	L	L	L	L	L	L	L	L	L	L	L	L	L	L	L	L	L	L	L	L	L	L	L	L	L	L	L	L	L	L	
201	G	C	G	G	L	B	B	L	A	A	A	B	B	L	C	C	C	C	C	C	L	L	C	C	C	C	C	A	A	A	A	A	A	L	A	B	B	B	B	C	C	C	C	C	C	A	A	B	B	B	B	B	B	C	C	C	L	L	C	A	A	A	A	B	B	C	C	C	C	A	A	B	B	B	B	C	C	A	A	A	A	B	B	C	C	C	C	A	A	B	B	B	B	C	C	A	A	A	A	G	L	L	C	A	A	B	B	C	C	A	A	B	B	C	C	A	A	B	B	C	C	A	A	B	B	C	C	A	A	B	B	C	C	A	A	B	B	C	C	A	A	B	B	C	C	A	A	B	B	C	C	A	A	B	B	C	C	A	A	B	B	C	C	A	A	B	B	C	C	A	A	B	B	C	C	A	A	B	B	C	C	A	A	B	B	C	C	A	A	B	B	C	C	A	A	B	B	C	C	A	A	G	L	L	L	L	L	L	L	L	L	L	L	L	L	L	L	L	L	L	L	L	L	L	L	L	L	L	L	L	L	L	L	L	L	L	L	L	L	L	L	L	L	L	L	L	L	L	L	L	L	L	L	L	L	L	L	L	L	L	L	L	L	L	L	L	L	L	L	L	L	L	L	L	L	L	L	L	L	L	L	L	L	L	L	L	L	L	L	L	L	L	L	L	L	L	L	L	L	L	L	L	L	L	L	L	L	L	L	L	L	L	L	L	L	L	L	L	L	L	L	L	L	L	L	L	L	L	L	L	L	L	L	L	L	L	L	L	L	L	L	L	L	L	L	L	L	L	L	L	L	L	L	L	L	L	L	L	L	L	L	L	L	L	L	L	L	L	L	L	L	L	L	L	
202	G	B	A	B	L	B	G	L	A	A	B	B	G	L	C	C	C	C	C	C	A	L	C	C	C	C	A	A	A	A	A	A	A	L	L	B	B	B	C	C	C	C	C	C	A	A	B	B	B	B	B	B	C	C	C	C	A	L	A	A	A	A	B	B	C	C	C	C	A	A	B	B	B	B	C	C	A	A	A	A	B	B	C	C	C	C	A	A	B	B	B	B	C	C	A	A	A	A	B	B	C	L	A	A	B	B	C	C	A	A	B	B	C	C	A	A	B	B	C	C	A	A	B	B	C	C	A	A	B	B	C	C	A	A	B	B	C	C	A	A	B	B	C	C	A	A	B	B	C	C	A	A	B	B	C	C	A	A	B	B	C	C	A	A	B	B	C	C	A	A	B	B	C	C	A	A	B	B	C	C	A	A	B	B	C	C	A	A	B	B	C	C	A	A	B	B	C	C	A	A	B	B	C	L	L	L	L	L	L	L	L	L	L	L	L	L	L	L	L	L	L	L	L	L	L	L	L	L	L	L	L	L	L	L	L	L	L	L	L	L	L	L	L	L	L	L	L	L	L	L	L	L	L	L	L	L	L	L	L	L	L	L	L	L	L	L	L	L	L	L	L	L	L	L	L	L	L	L	L	L	L	L	L	L	L	L	L	L	L	L	L	L	L	L	L	L	L	L	L	L	L	L	L	L	L	L	L	L	L	L	L	L	L	L	L	L	L	L	L	L	L	L	L	L	L	L	L	L	L	L	L	L	L	L	L	L	L	L	L	L	L	L	L	L	L	L	L	L	L	L	L	L	L	L	L	L	L	L	L	L	L	L	L	L	L	L	L	L	L	L	L	L	L	L	
203	G	C	G	G	L	B	B	L	A	B	B	B	B	L	C	C	C	C	C	A	A	L	C	C	C	A	A	A	A	A	A	A	A	G	L	B	B	C	C	C	C	C	C	A	A	B	B	B	B	B	B	C	C	C	C	A	A	L	A	A	A	B	B	C	C	C	C	A	A	B	B	B	B	C	C	A	A	A	A	B	B	C	C	C	C	A	A	B	B	B	B	C	C	A	A	A	A	B	B	C	C	L	A	B	B	C	C	A	A	B	B	C	C	A	A	B	B	C	C	A	A	B	B	C	C	A	A	B	B	C	C	A	A	B	B	C	C	A	A	B	B	C	C	A	A	B	B	C	C	A	A	B	B	C	C	A	A	B	B	C	C	A	A	B	B	C	C	A	A	B	B	C	C	A	A	B	B	C	C	A	A	B	B	C	C	A	A	B	B	C	C	A	A	B	B	C	C	A	A	B	B	C	C	A	L	L	L	L	L	L	L	L	L	L	L	L	L	L	L	L	L	L	L	L	L	L	L	L	L	L	L	L	L	L	L	L	L	L	L	L	L	L	L	L	L	L	L	L	L	L	L	L	L	L	L	L	L	L	L	L	L	L	L	L	L	L	L	L	L	L	L	L	L	L	L	L	L	L	L	L	L	L	L	L	L	L	L	L	L	L	L	L	L	L	L	L	L	L	L	L	L	L	L	L	L	L	L	L	L	L	L	L	L	L	L	L	L	L	L	L	L	L	L	L	L	L	L	L	L	L	L	L	L	L	L	L	L	L	L	L	L	L	L	L	L	L	L	L	L	L	L	L	L	L	L	L	L	L	L	L	L	L	L	L	L	L	L	L	L	L	L	L	L	L	
204	G	B	A	B	L	B	G	L	L	B	B	B	G	L	C	C	C	C	A	A	A	L	C	C	A	A	A	A	A	A	A	A	B	B	L	B	C	C	C	C	C	C	A	A	B	B	B	B	B	B	C	C	C	C	A	A	A	L	A	A	B	B	C	C	C	C	A	A	B	B	B	B	C	C	A	A	A	A	B	B	C	C	C	C	A	A	B	B	B	B	C	C	A	A	A	A	B	B	C	C	C	L	L	B	C	C	A	A	B	B	C	C	A	A	B	B	C	C	A	A	B	B	C	C	A	A	B	B	C	C	A	A	B	B	C	C	A	A	B	B	C	C	A	A	B	B	C	C	A	A	B	B	C	C	A	A	B	B	C	C	A	A	B	B	C	C	A	A	B	B	C	C	A	A	B	B	C	C	A	A	B	B	C	C	A	A	B	B	C	C	A	A	B	B	C	C	A	A	B	B	C	C	A	A	G	L	L	L	L	L	L	L	L	L	L	L	L	L	L	L	L	L	L	L	L	L	L	L	L	L	L	L	L	L	L	L	L	L	L	L	L	L	L	L	L	L	L	L	L	L	L	L	L	L	L	L	L	L	L	L	L	L	L	L	L	L	L	L	L	L	L	L	L	L	L	L	L	L	L	L	L	L	L	L	L	L	L	L	L	L	L	L	L	L	L	L	L	L	L	L	L	L	L	L	L	L	L	L	L	L	L	L	L	L	L	L	L	L	L	L	L	L	L	L	L	L	L	L	L	L	L	L	L	L	L	L	L	L	L	L	L	L	L	L	L	L	L	L	L	L	L	L	L	L	L	L	L	L	L	L	L	L	L	L	L	L	L	L	L	L	L	L	L	L	
205	G	C	G	G	L	B	B	C	L	B	B	B	B	L	C	C	C	A	A	A	A	L	C	A	A	A	A	A	A	A	A	B	B	G	L	L	C	C	C	C	C	A	A	B	B	B	B	B	B	C	C	C	C	A	A	A	A	L	A	B	B	C	C	C	C	A	A	B	B	B	B	C	C	A	A	A	A	B	B	C	C	C	C	A	A	B	B	B	B	C	C	A	A	A	A	B	B	C	C	C	C	A	L	L	C	A	A	B	B	C	C	A	A	B	B	C	C	A	A	B	B	C	C	A	A	B	B	C	C	A	A	B	B	C	C	A	A	B	B	C	C	A	A	B	B	C	C	A	A	B	B	C	C	A	A	B	B	C	C	A	A	B	B	C	C	A	A	B	B	C	C	A	A	B	B	C	C	A	A	B	B	C	C	A	A	B	B	C	C	A	A	B	B	C	C	A	A	B	B	C	C	A	A	B	B	C	L	L	L	L	L	L	L	L	L	L	L	L	L	L	L	L	L	L	L	L	L	L	L	L	L	L	L	L	L	L	L	L	L	L	L	L	L	L	L	L	L	L	L	L	L	L	L	L	L	L	L	L	L	L	L	L	L	L	L	L	L	L	L	L	L	L	L	L	L	L	L	L	L	L	L	L	L	L	L	L	L	L	L	L	L	L	L	L	L	L	L	L	L	L	L	L	L	L	L	L	L	L	L	L	L	L	L	L	L	L	L	L	L	L	L	L	L	L	L	L	L	L	L	L	L	L	L	L	L	L	L	L	L	L	L	L	L	L	L	L	L	L	L	L	L	L	L	L	L	L	L	L	L	L	L	L	L	L	L	L	L	L	L	L	L	L	L	L	
206	G	B	A	B	L	B	C	C	L	B	B	B	G	L	C	C	A	A	A	A	A	L	A	A	A	A	A	A	A	A	B	B	B	B	C	L	C	C	C	C	A	A	B	B	B	B	B	B	C	C	C	C	A	A	A	A	A	L	L	B	C	C	C	C	A	A	B	B	B	B	C	C	A	A	A	A	B	B	C	C	C	C	A	A	B	B	B	B	C	C	A	A	A	A	B	B	C	C	C	C	A	A	G	L	A	A	B	B	C	C	A	A	B	B	C	C	A	A	B	B	C	C	A	A	B	B	C	C	A	A	B	B	C	C	A	A	B	B	C	C	A	A	B	B	C	C	A	A	B	B	C	C	A	A	B	B	C	C	A	A	B	B	C	C	A	A	B	B	C	C	A	A	B	B	C	C	A	A	B	B	C	C	A	A	B	B	C	C	A	A	B	B	C	C	A	A	B	B	C	C	A	A	B	B	C	C	A	L	L	L	L	L	L	L	L	L	L	L	L	L	L	L	L	L	L	L	L	L	L	L	L	L	L	L	L	L	L	L	L	L	L	L	L	L	L	L	L	L	L	L	L	L	L	L	L	L	L	L	L	L	L	L	L	L	L	L	L	L	L	L	L	L	L	L	L	L	L	L	L	L	L	L	L	L	L	L	L	L	L	L	L	L	L	L	L	L	L	L	L	L	L	L	L	L	L	L	L	L	L	L	L	L	L	L	L	L	L	L	L	L	L	L	L	L	L	L	L	L	L	L	L	L	L	L	L	L	L	L	L	L	L	L	L	L	L	L	L	L	L	L	L	L	L	L	L	L	L	L	L	L	L	L	L	L	L	L	L	L	L	L	L	L	L	L	
207	G	C	G	G	L	L	C	C	L	B	B	B	B	L	C	A	A	A	A	A	A	L	A	A	A	A	A	A	A	B	B	B	B	C	C	L	C	C	C	A	A	B	B	B	B	B	B	C	C	C	C	A	A	A	A	A	A	G	L	L	C	C	C	A	A	B	B	B	B	C	C	A	A	A	A	B	B	C	C	C	C	A	A	B	B	B	B	C	C	A	A	A	A	B	B	C	C	C	C	A	A	B	B	L	A	B	B	C	C	A	A	B	B	C	C	A	A	B	B	C	C	A	A	B	B	C	C	A	A	B	B	C	C	A	A	B	B	C	C	A	A	B	B	C	C	A	A	B	B	C	C	A	A	B	B	C	C	A	A	B	B	C	C	A	A	B	B	C	C	A	A	B	B	C	C	A	A	B	B	C	C	A	A	B	B	C	C	A	A	B	B	C	C	A	A	B	B	C	C	A	A	B	B	C	C	A	A	G	L	L	L	L	L	L	L	L	L	L	L	L	L	L	L	L	L	L	L	L	L	L	L	L	L	L	L	L	L	L	L	L	L	L	L	L	L	L	L	L	L	L	L	L	L	L	L	L	L	L	L	L	L	L	L	L	L	L	L	L	L	L	L	L	L	L	L	L	L	L	L	L	L	L	L	L	L	L	L	L	L	L	L	L	L	L	L	L	L	L	L	L	L	L	L	L	L	L	L	L	L	L	L	L	L	L	L	L	L	L	L	L	L	L	L	L	L	L	L	L	L	L	L	L	L	L	L	L	L	L	L	L	L	L	L	L	L	L	L	L	L	L	L	L	L	L	L	L	L	L	L	L	L	L	L	L	L	L	L	L	L	L	L	L	L	L	
208	G	B	A	B	C	L	C	C	L	B	B	B	G	L	A	A	A	A	A	A	A	L	A	A	A	A	A	A	B	B	B	B	C	C	C	L	C	C	A	A	B	B	B	B	B	B	C	C	C	C	A	A	A	A	A	A	B	B	C	L	C	C	A	A	B	B	B	B	C	C	A	A	A	A	B	B	C	C	C	C	A	A	B	B	B	B	C	C	A	A	A	A	B	B	C	C	C	C	A	A	B	B	G	L	L	B	C	C	A	A	B	B	C	C	A	A	B	B	C	C	A	A	B	B	C	C	A	A	B	B	C	C	A	A	B	B	C	C	A	A	B	B	C	C	A	A	B	B	C	C	A	A	B	B	C	C	A	A	B	B	C	C	A	A	B	B	C	C	A	A	B	B	C	C	A	A	B	B	C	C	A	A	B	B	C	C	A	A	B	B	C	C	A	A	B	B	C	C	A	A	B	B	C	C	A	A	B	B	C	L	L	L	L	L	L	L	L	L	L	L	L	L	L	L	L	L	L	L	L	L	L	L	L	L	L	L	L	L	L	L	L	L	L	L	L	L	L	L	L	L	L	L	L	L	L	L	L	L	L	L	L	L	L	L	L	L	L	L	L	L	L	L	L	L	L	L	L	L	L	L	L	L	L	L	L	L	L	L	L	L	L	L	L	L	L	L	L	L	L	L	L	L	L	L	L	L	L	L	L	L	L	L	L	L	L	L	L	L	L	L	L	L	L	L	L	L	L	L	L	L	L	L	L	L	L	L	L	L	L	L	L	L	L	L	L	L	L	L	L	L	L	L	L	L	L	L	L	L	L	L	L	L	L	L	L	L	L	L	L	L	L	L	L	L	
209	G	C	G	L	C	L	C	C	L	B	B	B	B	L	A	A	A	A	A	A	A	L	A	A	A	A	A	B	B	B	B	C	C	C	C	L	C	A	A	B	B	B	B	B	B	C	C	C	C	A	A	A	A	A	A	B	B	C	C	L	C	A	A	B	B	B	B	C	C	A	A	A	A	B	B	C	C	C	C	A	A	B	B	B	B	C	C	A	A	A	A	B	B	C	C	C	C	A	A	B	B	B	B	C	L	L	C	A	A	B	B	C	C	A	A	B	B	C	C	A	A	B	B	C	C	A	A	B	B	C	C	A	A	B	B	C	C	A	A	B	B	C	C	A	A	B	B	C	C	A	A	B	B	C	C	A	A	B	B	C	C	A	A	B	B	C	C	A	A	B	B	C	C	A	A	B	B	C	C	A	A	B	B	C	C	A	A	B	B	C	C	A	A	B	B	C	C	A	A	B	B	C	C	A	A	B	B	C	C	A	L	L	L	L	L	L	L	L	L	L	L	L	L	L	L	L	L	L	L	L	L	L	L	L	L	L	L	L	L	L	L	L	L	L	L	L	L	L	L	L	L	L	L	L	L	L	L	L	L	L	L	L	L	L	L	L	L	L	L	L	L	L	L	L	L	L	L	L	L	L	L	L	L	L	L	L	L	L	L	L	L	L	L	L	L	L	L	L	L	L	L	L	L	L	L	L	L	L	L	L	L	L	L	L	L	L	L	L	L	L	L	L	L	L	L	L	L	L	L	L	L	L	L	L	L	L	L	L	L	L	L	L	L	L	L	L	L	L	L	L	L	L	L	L	L	L	L	L	L	L	L	L	L	L	L	L	L	L	L	L	L	L	L	L	
210	G	B	A	L	C	L	C	C	L	B	B	B	G	L	A	A	A	A	A	A	A	L	A	A	A	A	B	B	B	B	C	C	C	C	C	L	A	A	B	B	B	B	B	B	C	C	C	C	A	A	A	A	A	A	B	B	C	C	C	L	A	A	B	B	B	B	C	C	A	A	A	A	B	B	C	C	C	C	A	A	B	B	B	B	C	C	A	A	A	A	B	B	C	C	C	C	A	A	B	B	B	B	C	C	A	L	A	A	B	B	C	C	A	A	B	B	C	C	A	A	B	B	C	C	A	A	B	B	C	C	A	A	B	B	C	C	A	A	B	B	C	C	A	A	B	B	C	C	A	A	B	B	C	C	A	A	B	B	C	C	A	A	B	B	C	C	A	A	B	B	C	C	A	A	B	B	C	C	A	A	B	B	C	C	A	A	B	B	C	C	A	A	B	B	C	C	A	A	B	B	C	C	A	A	B	B	C	C	A	A	G	L	L	L	L	L	L	L	L	L	L	L	L	L	L	L	L	L	L	L	L	L	L	L	L	L	L	L	L	L	L	L	L	L	L	L	L	L	L	L	L	L	L	L	L	L	L	L	L	L	L	L	L	L	L	L	L	L	L	L	L	L	L	L	L	L	L	L	L	L	L	L	L	L	L	L	L	L	L	L	L	L	L	L	L	L	L	L	L	L	L	L	L	L	L	L	L	L	L	L	L	L	L	L	L	L	L	L	L	L	L	L	L	L	L	L	L	L	L	L	L	L	L	L	L	L	L	L	L	L	L	L	L	L	L	L	L	L	L	L	L	L	L	L	L	L	L	L	L	L	L	L	L	L	L	L	L	L	L	L	L	L	L	L	
211	G	C	G	L	C	L	C	C	L	B	B	B	B	L	A	A	A	A	A	A	A	L	A	A	A	B	B	B	B	C	C	C	C	C	C	L	A	B	B	B	B	B	B	C	C	C	C	A	A	A	A	A	A	B	B	C	C	C	C	L	A	B	B	B	B	C	C	A	A	A	A	B	B	C	C	C	C	A	A	B	B	B	B	C	C	A	A	A	A	B	B	C	C	C	C	A	A	B	B	B	B	C	C	A	A	L	A	B	B	C	C	A	A	B	B	C	C	A	A	B	B	C	C	A	A	B	B	C	C	A	A	B	B	C	C	A	A	B	B	C	C	A	A	B	B	C	C	A	A	B	B	C	C	A	A	B	B	C	C	A	A	B	B	C	C	A	A	B	B	C	C	A	A	B	B	C	C	A	A	B	B	C	C	A	A	B	B	C	C	A	A	B	B	C	C	A	A	B	B	C	C	A	A	B	B	C	C	A	A	B	B	C	L	L	L	L	L	L	L	L	L	L	L	L	L	L	L	L	L	L	L	L	L	L	L	L	L	L	L	L	L	L	L	L	L	L	L	L	L	L	L	L	L	L	L	L	L	L	L	L	L	L	L	L	L	L	L	L	L	L	L	L	L	L	L	L	L	L	L	L	L	L	L	L	L	L	L	L	L	L	L	L	L	L	L	L	L	L	L	L	L	L	L	L	L	L	L	L	L	L	L	L	L	L	L	L	L	L	L	L	L	L	L	L	L	L	L	L	L	L	L	L	L	L	L	L	L	L	L	L	L	L	L	L	L	L	L	L	L	L	L	L	L	L	L	L	L	L	L	L	L	L	L	L	L	L	L	L	L	L	L	L	L	L	
212	G	B	A	L	C	L	C	C	L	B	B	B	G	L	A	A	A	A	A	A	A	L	A	A	B	B	B	B	C	C	C	C	C	C	C	L	L	B	B	B	B	B	C	C	C	C	A	A	A	A	A	A	B	B	C	C	C	C	C	L	L	B	B	B	C	C	A	A	A	A	B	B	C	C	C	C	A	A	B	B	B	B	C	C	A	A	A	A	B	B	C	C	C	C	A	A	B	B	B	B	C	C	A	A	A	L	L	B	C	C	A	A	B	B	C	C	A	A	B	B	C	C	A	A	B	B	C	C	A	A	B	B	C	C	A	A	B	B	C	C	A	A	B	B	C	C	A	A	B	B	C	C	A	A	B	B	C	C	A	A	B	B	C	C	A	A	B	B	C	C	A	A	B	B	C	C	A	A	B	B	C	C	A	A	B	B	C	C	A	A	B	B	C	C	A	A	B	B	C	C	A	A	B	B	C	C	A	A	B	B	C	C	A	L	L	L	L	L	L	L	L	L	L	L	L	L	L	L	L	L	L	L	L	L	L	L	L	L	L	L	L	L	L	L	L	L	L	L	L	L	L	L	L	L	L	L	L	L	L	L	L	L	L	L	L	L	L	L	L	L	L	L	L	L	L	L	L	L	L	L	L	L	L	L	L	L	L	L	L	L	L	L	L	L	L	L	L	L	L	L	L	L	L	L	L	L	L	L	L	L	L	L	L	L	L	L	L	L	L	L	L	L	L	L	L	L	L	L	L	L	L	L	L	L	L	L	L	L	L	L	L	L	L	L	L	L	L	L	L	L	L	L	L	L	L	L	L	L	L	L	L	L	L	L	L	L	L	L	L	L	L	L	L	L	
213	G	C	G	L	C	L	C	C	L	B	B	B	B	L	A	A	A	A	A	A	A	L	A	B	B	B	B	C	C	C	C	C	C	C	C	A	L	B	B	B	B	C	C	C	C	A	A	A	A	A	A	B	B	C	C	C	C	C	C	A	L	B	B	C	C	A	A	A	A	B	B	C	C	C	C	A	A	B	B	B	B	C	C	A	A	A	A	B	B	C	C	C	C	A	A	B	B	B	B	C	C	A	A	A	A	G	L	L	C	A	A	B	B	C	C	A	A	B	B	C	C	A	A	B	B	C	C	A	A	B	B	C	C	A	A	B	B	C	C	A	A	B	B	C	C	A	A	B	B	C	C	A	A	B	B	C	C	A	A	B	B	C	C	A	A	B	B	C	C	A	A	B	B	C	C	A	A	B	B	C	C	A	A	B	B	C	C	A	A	B	B	C	C	A	A	B	B	C	C	A	A	B	B	C	C	A	A	B	B	C	C	A	A	G	L	L	L	L	L	L	L	L	L	L	L	L	L	L	L	L	L	L	L	L	L	L	L	L	L	L	L	L	L	L	L	L	L	L	L	L	L	L	L	L	L	L	L	L	L	L	L	L	L	L	L	L	L	L	L	L	L	L	L	L	L	L	L	L	L	L	L	L	L	L	L	L	L	L	L	L	L	L	L	L	L	L	L	L	L	L	L	L	L	L	L	L	L	L	L	L	L	L	L	L	L	L	L	L	L	L	L	L	L	L	L	L	L	L	L	L	L	L	L	L	L	L	L	L	L	L	L	L	L	L	L	L	L	L	L	L	L	L	L	L	L	L	L	L	L	L	L	L	L	L	L	L	L	L	L	L	L	L	L	L	
214	G	B	A	L	C	L	C	C	L	B	B	B	G	L	A	A	A	A	A	A	A	L	L	B	B	B	C	C	C	C	C	C	C	C	A	A	L	B	B	B	C	C	C	C	A	A	A	A	A	A	B	B	C	C	C	C	C	C	A	A	L	B	C	C	A	A	A	A	B	B	C	C	C	C	A	A	B	B	B	B	C	C	A	A	A	A	B	B	C	C	C	C	A	A	B	B	B	B	C	C	A	A	A	A	B	B	C	L	A	A	B	B	C	C	A	A	B	B	C	C	A	A	B	B	C	C	A	A	B	B	C	C	A	A	B	B	C	C	A	A	B	B	C	C	A	A	B	B	C	C	A	A	B	B	C	C	A	A	B	B	C	C	A	A	B	B	C	C	A	A	B	B	C	C	A	A	B	B	C	C	A	A	B	B	C	C	A	A	B	B	C	C	A	A	B	B	C	C	A	A	B	B	C	C	A	A	B	B	C	C	A	A	B	B	C	L	L	L	L	L	L	L	L	L	L	L	L	L	L	L	L	L	L	L	L	L	L	L	L	L	L	L	L	L	L	L	L	L	L	L	L	L	L	L	L	L	L	L	L	L	L	L	L	L	L	L	L	L	L	L	L	L	L	L	L	L	L	L	L	L	L	L	L	L	L	L	L	L	L	L	L	L	L	L	L	L	L	L	L	L	L	L	L	L	L	L	L	L	L	L	L	L	L	L	L	L	L	L	L	L	L	L	L	L	L	L	L	L	L	L	L	L	L	L	L	L	L	L	L	L	L	L	L	L	L	L	L	L	L	L	L	L	L	L	L	L	L	L	L	L	L	L	L	L	L	L	L	L	L	L	L	L	L	L	
215	G	C	G	L	C	L	C	C	L	B	B	B	B	L	A	A	A	A	A	A	A	G	L	B	B	C	C	C	C	C	C	C	C	A	A	A	L	B	B	C	C	C	C	A	A	A	A	A	A	B	B	C	C	C	C	C	C	A	A	A	L	L	C	A	A	A	A	B	B	C	C	C	C	A	A	B	B	B	B	C	C	A	A	A	A	B	B	C	C	C	C	A	A	B	B	B	B	C	C	A	A	A	A	B	B	C	C	L	A	B	B	C	C	A	A	B	B	C	C	A	A	B	B	C	C	A	A	B	B	C	C	A	A	B	B	C	C	A	A	B	B	C	C	A	A	B	B	C	C	A	A	B	B	C	C	A	A	B	B	C	C	A	A	B	B	C	C	A	A	B	B	C	C	A	A	B	B	C	C	A	A	B	B	C	C	A	A	B	B	C	C	A	A	B	B	C	C	A	A	B	B	C	C	A	A	B	B	C	C	A	A	B	B	C	C	A	L	L	L	L	L	L	L	L	L	L	L	L	L	L	L	L	L	L	L	L	L	L	L	L	L	L	L	L	L	L	L	L	L	L	L	L	L	L	L	L	L	L	L	L	L	L	L	L	L	L	L	L	L	L	L	L	L	L	L	L	L	L	L	L	L	L	L	L	L	L	L	L	L	L	L	L	L	L	L	L	L	L	L	L	L	L	L	L	L	L	L	L	L	L	L	L	L	L	L	L	L	L	L	L	L	L	L	L	L	L	L	L	L	L	L	L	L	L	L	L	L	L	L	L	L	L	L	L	L	L	L	L	L	L	L	L	L	L	L	L	L	L	L	L	L	L	L	L	L	L	L	L	L	L	L	L	L	L	
216	G	B	A	L	C	L	C	C	L	B	B	B	G	L	A	A	A	A	A	A	B	B	L	B	C	C	C	C	C	C	C	C	A	A	A	A	L	B	C	C	C	C	A	A	A	A	A	A	B	B	C	C	C	C	C	C	A	A	A	A	G	L	A	A	A	A	B	B	C	C	C	C	A	A	B	B	B	B	C	C	A	A	A	A	B	B	C	C	C	C	A	A	B	B	B	B	C	C	A	A	A	A	B	B	C	C	C	L	L	B	C	C	A	A	B	B	C	C	A	A	B	B	C	C	A	A	B	B	C	C	A	A	B	B	C	C	A	A	B	B	C	C	A	A	B	B	C	C	A	A	B	B	C	C	A	A	B	B	C	C	A	A	B	B	C	C	A	A	B	B	C	C	A	A	B	B	C	C	A	A	B	B	C	C	A	A	B	B	C	C	A	A	B	B	C	C	A	A	B	B	C	C	A	A	B	B	C	C	A	A	B	B	C	C	A	A	G	L	L	L	L	L	L	L	L	L	L	L	L	L	L	L	L	L	L	L	L	L	L	L	L	L	L	L	L	L	L	L	L	L	L	L	L	L	L	L	L	L	L	L	L	L	L	L	L	L	L	L	L	L	L	L	L	L	L	L	L	L	L	L	L	L	L	L	L	L	L	L	L	L	L	L	L	L	L	L	L	L	L	L	L	L	L	L	L	L	L	L	L	L	L	L	L	L	L	L	L	L	L	L	L	L	L	L	L	L	L	L	L	L	L	L	L	L	L	L	L	L	L	L	L	L	L	L	L	L	L	L	L	L	L	L	L	L	L	L	L	L	L	L	L	L	L	L	L	L	L	L	L	L	L	L	L	L	
217	G	C	G	L	C	L	C	C	L	B	B	B	B	L	A	A	A	A	A	B	B	G	L	L	C	C	C	C	C	C	C	A	A	A	A	A	L	L	C	C	C	A	A	A	A	A	A	B	B	C	C	C	C	C	C	A	A	A	A	B	B	L	A	A	A	B	B	C	C	C	C	A	A	B	B	B	B	C	C	A	A	A	A	B	B	C	C	C	C	A	A	B	B	B	B	C	C	A	A	A	A	B	B	C	C	C	C	A	L	L	C	A	A	B	B	C	C	A	A	B	B	C	C	A	A	B	B	C	C	A	A	B	B	C	C	A	A	B	B	C	C	A	A	B	B	C	C	A	A	B	B	C	C	A	A	B	B	C	C	A	A	B	B	C	C	A	A	B	B	C	C	A	A	B	B	C	C	A	A	B	B	C	C	A	A	B	B	C	C	A	A	B	B	C	C	A	A	B	B	C	C	A	A	B	B	C	C	A	A	B	B	C	C	A	A	B	B	C	L	L	L	L	L	L	L	L	L	L	L	L	L	L	L	L	L	L	L	L	L	L	L	L	L	L	L	L	L	L	L	L	L	L	L	L	L	L	L	L	L	L	L	L	L	L	L	L	L	L	L	L	L	L	L	L	L	L	L	L	L	L	L	L	L	L	L	L	L	L	L	L	L	L	L	L	L	L	L	L	L	L	L	L	L	L	L	L	L	L	L	L	L	L	L	L	L	L	L	L	L	L	L	L	L	L	L	L	L	L	L	L	L	L	L	L	L	L	L	L	L	L	L	L	L	L	L	L	L	L	L	L	L	L	L	L	L	L	L	L	L	L	L	L	L	L	L	L	L	L	L	L	L	L	L	L	
218	G	B	A	L	C	L	C	C	L	B	B	B	G	L	A	A	A	A	B	B	B	B	C	L	C	C	C	C	C	C	A	A	A	A	A	A	G	L	C	C	A	A	A	A	A	A	B	B	C	C	C	C	C	C	A	A	A	A	B	B	G	L	A	A	B	B	C	C	C	C	A	A	B	B	B	B	C	C	A	A	A	A	B	B	C	C	C	C	A	A	B	B	B	B	C	C	A	A	A	A	B	B	C	C	C	C	A	A	G	L	A	A	B	B	C	C	A	A	B	B	C	C	A	A	B	B	C	C	A	A	B	B	C	C	A	A	B	B	C	C	A	A	B	B	C	C	A	A	B	B	C	C	A	A	B	B	C	C	A	A	B	B	C	C	A	A	B	B	C	C	A	A	B	B	C	C	A	A	B	B	C	C	A	A	B	B	C	C	A	A	B	B	C	C	A	A	B	B	C	C	A	A	B	B	C	C	A	A	B	B	C	C	A	A	B	B	C	C	A	L	L	L	L	L	L	L	L	L	L	L	L	L	L	L	L	L	L	L	L	L	L	L	L	L	L	L	L	L	L	L	L	L	L	L	L	L	L	L	L	L	L	L	L	L	L	L	L	L	L	L	L	L	L	L	L	L	L	L	L	L	L	L	L	L	L	L	L	L	L	L	L	L	L	L	L	L	L	L	L	L	L	L	L	L	L	L	L	L	L	L	L	L	L	L	L	L	L	L	L	L	L	L	L	L	L	L	L	L	L	L	L	L	L	L	L	L	L	L	L	L	L	L	L	L	L	L	L	L	L	L	L	L	L	L	L	L	L	L	L	L	L	L	L	L	L	L	L	L	L	L	L	L	L	L	
219	G	C	G	L	C	L	C	C	L	B	B	B	B	L	A	A	A	B	B	B	B	C	C	L	C	C	C	C	C	A	A	A	A	A	A	B	B	L	C	A	A	A	A	A	A	B	B	C	C	C	C	C	C	A	A	A	A	B	B	B	B	L	A	B	B	C	C	C	C	A	A	B	B	B	B	C	C	A	A	A	A	B	B	C	C	C	C	A	A	B	B	B	B	C	C	A	A	A	A	B	B	C	C	C	C	A	A	B	B	L	A	B	B	C	C	A	A	B	B	C	C	A	A	B	B	C	C	A	A	B	B	C	C	A	A	B	B	C	C	A	A	B	B	C	C	A	A	B	B	C	C	A	A	B	B	C	C	A	A	B	B	C	C	A	A	B	B	C	C	A	A	B	B	C	C	A	A	B	B	C	C	A	A	B	B	C	C	A	A	B	B	C	C	A	A	B	B	C	C	A	A	B	B	C	C	A	A	B	B	C	C	A	A	B	B	C	C	A	A	G	L	L	L	L	L	L	L	L	L	L	L	L	L	L	L	L	L	L	L	L	L	L	L	L	L	L	L	L	L	L	L	L	L	L	L	L	L	L	L	L	L	L	L	L	L	L	L	L	L	L	L	L	L	L	L	L	L	L	L	L	L	L	L	L	L	L	L	L	L	L	L	L	L	L	L	L	L	L	L	L	L	L	L	L	L	L	L	L	L	L	L	L	L	L	L	L	L	L	L	L	L	L	L	L	L	L	L	L	L	L	L	L	L	L	L	L	L	L	L	L	L	L	L	L	L	L	L	L	L	L	L	L	L	L	L	L	L	L	L	L	L	L	L	L	L	L	L	L	L	L	L	L	L	L	
220	G	B	A	L	C	L	C	C	L	B	B	B	G	L	A	A	B	B	B	B	C	C	C	L	C	C	C	C	A	A	A	A	A	A	B	B	G	L	A	A	A	A	A	A	B	B	C	C	C	C	C	C	A	A	A	A	B	B	B	B	G	L	L	B	C	C	C	C	A	A	B	B	B	B	C	C	A	A	A	A	B	B	C	C	C	C	A	A	B	B	B	B	C	C	A	A	A	A	B	B	C	C	C	C	A	A	B	B	G	L	L	B	C	C	A	A	B	B	C	C	A	A	B	B	C	C	A	A	B	B	C	C	A	A	B	B	C	C	A	A	B	B	C	C	A	A	B	B	C	C	A	A	B	B	C	C	A	A	B	B	C	C	A	A	B	B	C	C	A	A	B	B	C	C	A	A	B	B	C	C	A	A	B	B	C	C	A	A	B	B	C	C	A	A	B	B	C	C	A	A	B	B	C	C	A	A	B	B	C	C	A	A	B	B	C	C	A	A	B	B	C	L	L	L	L	L	L	L	L	L	L	L	L	L	L	L	L	L	L	L	L	L	L	L	L	L	L	L	L	L	L	L	L	L	L	L	L	L	L	L	L	L	L	L	L	L	L	L	L	L	L	L	L	L	L	L	L	L	L	L	L	L	L	L	L	L	L	L	L	L	L	L	L	L	L	L	L	L	L	L	L	L	L	L	L	L	L	L	L	L	L	L	L	L	L	L	L	L	L	L	L	L	L	L	L	L	L	L	L	L	L	L	L	L	L	L	L	L	L	L	L	L	L	L	L	L	L	L	L	L	L	L	L	L	L	L	L	L	L	L	L	L	L	L	L	L	L	L	L	L	L	L	L	L	
221	G	C	G	L	C	L	C	C	L	B	B	B	B	L	A	B	B	B	B	C	C	C	C	L	C	C	C	A	A	A	A	A	A	B	B	B	B	L	A	A	A	A	A	B	B	C	C	C	C	C	C	A	A	A	A	B	B	B	B	B	B	C	L	L	C	C	C	A	A	B	B	B	B	C	C	A	A	A	A	B	B	C	C	C	C	A	A	B	B	B	B	C	C	A	A	A	A	B	B	C	C	C	C	A	A	B	B	B	B	C	L	L	C	A	A	B	B	C	C	A	A	B	B	C	C	A	A	B	B	C	C	A	A	B	B	C	C	A	A	B	B	C	C	A	A	B	B	C	C	A	A	B	B	C	C	A	A	B	B	C	C	A	A	B	B	C	C	A	A	B	B	C	C	A	A	B	B	C	C	A	A	B	B	C	C	A	A	B	B	C	C	A	A	B	B	C	C	A	A	B	B	C	C	A	A	B	B	C	C	A	A	B	B	C	C	A	A	B	B	C	C	A	L	L	L	L	L	L	L	L	L	L	L	L	L	L	L	L	L	L	L	L	L	L	L	L	L	L	L	L	L	L	L	L	L	L	L	L	L	L	L	L	L	L	L	L	L	L	L	L	L	L	L	L	L	L	L	L	L	L	L	L	L	L	L	L	L	L	L	L	L	L	L	L	L	L	L	L	L	L	L	L	L	L	L	L	L	L	L	L	L	L	L	L	L	L	L	L	L	L	L	L	L	L	L	L	L	L	L	L	L	L	L	L	L	L	L	L	L	L	L	L	L	L	L	L	L	L	L	L	L	L	L	L	L	L	L	L	L	L	L	L	L	L	L	L	L	L	L	L	L	L	L	L	
222	G	B	A	L	C	L	C	C	L	B	B	B	G	L	L	B	B	B	C	C	C	C	C	L	C	C	A	A	A	A	A	A	B	B	B	B	G	L	A	A	A	A	B	B	C	C	C	C	C	C	A	A	A	A	B	B	B	B	B	B	C	C	A	L	C	C	A	A	B	B	B	B	C	C	A	A	A	A	B	B	C	C	C	C	A	A	B	B	B	B	C	C	A	A	A	A	B	B	C	C	C	C	A	A	B	B	B	B	C	C	A	L	A	A	B	B	C	C	A	A	B	B	C	C	A	A	B	B	C	C	A	A	B	B	C	C	A	A	B	B	C	C	A	A	B	B	C	C	A	A	B	B	C	C	A	A	B	B	C	C	A	A	B	B	C	C	A	A	B	B	C	C	A	A	B	B	C	C	A	A	B	B	C	C	A	A	B	B	C	C	A	A	B	B	C	C	A	A	B	B	C	C	A	A	B	B	C	C	A	A	B	B	C	C	A	A	B	B	C	C	A	A	G	L	L	L	L	L	L	L	L	L	L	L	L	L	L	L	L	L	L	L	L	L	L	L	L	L	L	L	L	L	L	L	L	L	L	L	L	L	L	L	L	L	L	L	L	L	L	L	L	L	L	L	L	L	L	L	L	L	L	L	L	L	L	L	L	L	L	L	L	L	L	L	L	L	L	L	L	L	L	L	L	L	L	L	L	L	L	L	L	L	L	L	L	L	L	L	L	L	L	L	L	L	L	L	L	L	L	L	L	L	L	L	L	L	L	L	L	L	L	L	L	L	L	L	L	L	L	L	L	L	L	L	L	L	L	L	L	L	L	L	L	L	L	L	L	L	L	L	L	L	L	L	
223	G	C	G	L	C	L	C	C	L	B	B	B	B	C	L	B	B	C	C	C	C	C	C	L	C	A	A	A	A	A	A	B	B	B	B	B	B	L	A	A	A	B	B	C	C	C	C	C	C	A	A	A	A	B	B	B	B	B	B	C	C	A	A	L	C	A	A	B	B	B	B	C	C	A	A	A	A	B	B	C	C	C	C	A	A	B	B	B	B	C	C	A	A	A	A	B	B	C	C	C	C	A	A	B	B	B	B	C	C	A	A	L	A	B	B	C	C	A	A	B	B	C	C	A	A	B	B	C	C	A	A	B	B	C	C	A	A	B	B	C	C	A	A	B	B	C	C	A	A	B	B	C	C	A	A	B	B	C	C	A	A	B	B	C	C	A	A	B	B	C	C	A	A	B	B	C	C	A	A	B	B	C	C	A	A	B	B	C	C	A	A	B	B	C	C	A	A	B	B	C	C	A	A	B	B	C	C	A	A	B	B	C	C	A	A	B	B	C	C	A	A	B	B	C	L	L	L	L	L	L	L	L	L	L	L	L	L	L	L	L	L	L	L	L	L	L	L	L	L	L	L	L	L	L	L	L	L	L	L	L	L	L	L	L	L	L	L	L	L	L	L	L	L	L	L	L	L	L	L	L	L	L	L	L	L	L	L	L	L	L	L	L	L	L	L	L	L	L	L	L	L	L	L	L	L	L	L	L	L	L	L	L	L	L	L	L	L	L	L	L	L	L	L	L	L	L	L	L	L	L	L	L	L	L	L	L	L	L	L	L	L	L	L	L	L	L	L	L	L	L	L	L	L	L	L	L	L	L	L	L	L	L	L	L	L	L	L	L	L	L	L	L	L	L	
224	G	B	A	L	C	L	C	C	L	B	B	B	C	C	L	B	C	C	C	C	C	C	C	L	A	A	A	A	A	A	B	B	B	B	B	B	G	L	A	A	B	B	C	C	C	C	C	C	A	A	A	A	B	B	B	B	B	B	C	C	A	A	A	L	A	A	B	B	B	B	C	C	A	A	A	A	B	B	C	C	C	C	A	A	B	B	B	B	C	C	A	A	A	A	B	B	C	C	C	C	A	A	B	B	B	B	C	C	A	A	A	L	L	B	C	C	A	A	B	B	C	C	A	A	B	B	C	C	A	A	B	B	C	C	A	A	B	B	C	C	A	A	B	B	C	C	A	A	B	B	C	C	A	A	B	B	C	C	A	A	B	B	C	C	A	A	B	B	C	C	A	A	B	B	C	C	A	A	B	B	C	C	A	A	B	B	C	C	A	A	B	B	C	C	A	A	B	B	C	C	A	A	B	B	C	C	A	A	B	B	C	C	A	A	B	B	C	C	A	A	B	B	C	C	A	L	L	L	L	L	L	L	L	L	L	L	L	L	L	L	L	L	L	L	L	L	L	L	L	L	L	L	L	L	L	L	L	L	L	L	L	L	L	L	L	L	L	L	L	L	L	L	L	L	L	L	L	L	L	L	L	L	L	L	L	L	L	L	L	L	L	L	L	L	L	L	L	L	L	L	L	L	L	L	L	L	L	L	L	L	L	L	L	L	L	L	L	L	L	L	L	L	L	L	L	L	L	L	L	L	L	L	L	L	L	L	L	L	L	L	L	L	L	L	L	L	L	L	L	L	L	L	L	L	L	L	L	L	L	L	L	L	L	L	L	L	L	L	L	L	L	L	L	L	
225	G	C	G	L	C	L	C	C	L	B	B	C	C	C	L	L	C	C	C	C	C	C	C	L	A	A	A	A	A	B	B	B	B	B	B	B	B	L	A	B	B	C	C	C	C	C	C	A	A	A	A	B	B	B	B	B	B	C	C	A	A	A	A	L	A	B	B	B	B	C	C	A	A	A	A	B	B	C	C	C	C	A	A	B	B	B	B	C	C	A	A	A	A	B	B	C	C	C	C	A	A	B	B	B	B	C	C	A	A	A	A	G	L	L	C	A	A	B	B	C	C	A	A	B	B	C	C	A	A	B	B	C	C	A	A	B	B	C	C	A	A	B	B	C	C	A	A	B	B	C	C	A	A	B	B	C	C	A	A	B	B	C	C	A	A	B	B	C	C	A	A	B	B	C	C	A	A	B	B	C	C	A	A	B	B	C	C	A	A	B	B	C	C	A	A	B	B	C	C	A	A	B	B	C	C	A	A	B	B	C	C	A	A	B	B	C	C	A	A	B	B	C	C	A	A	G	L	L	L	L	L	L	L	L	L	L	L	L	L	L	L	L	L	L	L	L	L	L	L	L	L	L	L	L	L	L	L	L	L	L	L	L	L	L	L	L	L	L	L	L	L	L	L	L	L	L	L	L	L	L	L	L	L	L	L	L	L	L	L	L	L	L	L	L	L	L	L	L	L	L	L	L	L	L	L	L	L	L	L	L	L	L	L	L	L	L	L	L	L	L	L	L	L	L	L	L	L	L	L	L	L	L	L	L	L	L	L	L	L	L	L	L	L	L	L	L	L	L	L	L	L	L	L	L	L	L	L	L	L	L	L	L	L	L	L	L	L	L	L	L	L	L	L	L	
226	G	B	A	L	C	L	C	C	L	B	C	C	C	C	A	L	C	C	C	C	C	C	C	L	A	A	A	A	B	B	B	B	B	B	B	B	G	L	L	B	C	C	C	C	C	C	A	A	A	A	B	B	B	B	B	B	C	C	A	A	A	A	A	L	L	B	B	B	C	C	A	A	A	A	B	B	C	C	C	C	A	A	B	B	B	B	C	C	A	A	A	A	B	B	C	C	C	C	A	A	B	B	B	B	C	C	A	A	A	A	B	B	C	L	A	A	B	B	C	C	A	A	B	B	C	C	A	A	B	B	C	C	A	A	B	B	C	C	A	A	B	B	C	C	A	A	B	B	C	C	A	A	B	B	C	C	A	A	B	B	C	C	A	A	B	B	C	C	A	A	B	B	C	C	A	A	B	B	C	C	A	A	B	B	C	C	A	A	B	B	C	C	A	A	B	B	C	C	A	A	B	B	C	C	A	A	B	B	C	C	A	A	B	B	C	C	A	A	B	B	C	C	A	A	B	B	C	L	L	L	L	L	L	L	L	L	L	L	L	L	L	L	L	L	L	L	L	L	L	L	L	L	L	L	L	L	L	L	L	L	L	L	L	L	L	L	L	L	L	L	L	L	L	L	L	L	L	L	L	L	L	L	L	L	L	L	L	L	L	L	L	L	L	L	L	L	L	L	L	L	L	L	L	L	L	L	L	L	L	L	L	L	L	L	L	L	L	L	L	L	L	L	L	L	L	L	L	L	L	L	L	L	L	L	L	L	L	L	L	L	L	L	L	L	L	L	L	L	L	L	L	L	L	L	L	L	L	L	L	L	L	L	L	L	L	L	L	L	L	L	L	L	L	L	
227	G	C	G	L	C	L	C	C	L	L	C	C	C	A	A	L	C	C	C	C	C	C	C	L	A	A	A	B	B	B	B	B	B	B	B	B	B	C	L	L	C	C	C	C	C	A	A	A	A	B	B	B	B	B	B	C	C	A	A	A	A	A	A	G	L	B	B	C	C	A	A	A	A	B	B	C	C	C	C	A	A	B	B	B	B	C	C	A	A	A	A	B	B	C	C	C	C	A	A	B	B	B	B	C	C	A	A	A	A	B	B	C	C	L	A	B	B	C	C	A	A	B	B	C	C	A	A	B	B	C	C	A	A	B	B	C	C	A	A	B	B	C	C	A	A	B	B	C	C	A	A	B	B	C	C	A	A	B	B	C	C	A	A	B	B	C	C	A	A	B	B	C	C	A	A	B	B	C	C	A	A	B	B	C	C	A	A	B	B	C	C	A	A	B	B	C	C	A	A	B	B	C	C	A	A	B	B	C	C	A	A	B	B	C	C	A	A	B	B	C	C	A	A	B	B	C	C	A	L	L	L	L	L	L	L	L	L	L	L	L	L	L	L	L	L	L	L	L	L	L	L	L	L	L	L	L	L	L	L	L	L	L	L	L	L	L	L	L	L	L	L	L	L	L	L	L	L	L	L	L	L	L	L	L	L	L	L	L	L	L	L	L	L	L	L	L	L	L	L	L	L	L	L	L	L	L	L	L	L	L	L	L	L	L	L	L	L	L	L	L	L	L	L	L	L	L	L	L	L	L	L	L	L	L	L	L	L	L	L	L	L	L	L	L	L	L	L	L	L	L	L	L	L	L	L	L	L	L	L	L	L	L	L	L	L	L	L	L	L	L	L	L	L	L	
228	G	B	A	L	C	L	C	C	A	L	C	C	A	A	A	L	C	C	C	C	C	C	C	L	A	A	B	B	B	B	B	B	B	B	B	B	C	C	A	L	C	C	C	C	A	A	A	A	B	B	B	B	B	B	C	C	A	A	A	A	A	A	B	B	L	B	C	C	A	A	A	A	B	B	C	C	C	C	A	A	B	B	B	B	C	C	A	A	A	A	B	B	C	C	C	C	A	A	B	B	B	B	C	C	A	A	A	A	B	B	C	C	C	L	L	B	C	C	A	A	B	B	C	C	A	A	B	B	C	C	A	A	B	B	C	C	A	A	B	B	C	C	A	A	B	B	C	C	A	A	B	B	C	C	A	A	B	B	C	C	A	A	B	B	C	C	A	A	B	B	C	C	A	A	B	B	C	C	A	A	B	B	C	C	A	A	B	B	C	C	A	A	B	B	C	C	A	A	B	B	C	C	A	A	B	B	C	C	A	A	B	B	C	C	A	A	B	B	C	C	A	A	B	B	C	C	A	A	G	L	L	L	L	L	L	L	L	L	L	L	L	L	L	L	L	L	L	L	L	L	L	L	L	L	L	L	L	L	L	L	L	L	L	L	L	L	L	L	L	L	L	L	L	L	L	L	L	L	L	L	L	L	L	L	L	L	L	L	L	L	L	L	L	L	L	L	L	L	L	L	L	L	L	L	L	L	L	L	L	L	L	L	L	L	L	L	L	L	L	L	L	L	L	L	L	L	L	L	L	L	L	L	L	L	L	L	L	L	L	L	L	L	L	L	L	L	L	L	L	L	L	L	L	L	L	L	L	L	L	L	L	L	L	L	L	L	L	L	L	L	L	L	L	L	
229	G	C	G	L	C	L	C	A	A	L	C	A	A	A	A	L	C	C	C	C	C	C	C	L	A	B	B	B	B	B	B	B	B	B	B	C	C	A	A	L	C	C	C	A	A	A	A	B	B	B	B	B	B	C	C	A	A	A	A	A	A	B	B	G	L	L	C	A	A	A	A	B	B	C	C	C	C	A	A	B	B	B	B	C	C	A	A	A	A	B	B	C	C	C	C	A	A	B	B	B	B	C	C	A	A	A	A	B	B	C	C	C	C	A	L	L	C	A	A	B	B	C	C	A	A	B	B	C	C	A	A	B	B	C	C	A	A	B	B	C	C	A	A	B	B	C	C	A	A	B	B	C	C	A	A	B	B	C	C	A	A	B	B	C	C	A	A	B	B	C	C	A	A	B	B	C	C	A	A	B	B	C	C	A	A	B	B	C	C	A	A	B	B	C	C	A	A	B	B	C	C	A	A	B	B	C	C	A	A	B	B	C	C	A	A	B	B	C	C	A	A	B	B	C	C	A	A	B	B	C	L	L	L	L	L	L	L	L	L	L	L	L	L	L	L	L	L	L	L	L	L	L	L	L	L	L	L	L	L	L	L	L	L	L	L	L	L	L	L	L	L	L	L	L	L	L	L	L	L	L	L	L	L	L	L	L	L	L	L	L	L	L	L	L	L	L	L	L	L	L	L	L	L	L	L	L	L	L	L	L	L	L	L	L	L	L	L	L	L	L	L	L	L	L	L	L	L	L	L	L	L	L	L	L	L	L	L	L	L	L	L	L	L	L	L	L	L	L	L	L	L	L	L	L	L	L	L	L	L	L	L	L	L	L	L	L	L	L	L	L	L	L	L	L	
230	G	B	A	L	C	L	A	A	A	L	A	A	A	A	A	L	C	C	C	C	C	C	C	L	L	B	B	B	B	B	B	B	B	B	C	C	A	A	A	L	C	C	A	A	A	A	B	B	B	B	B	B	C	C	A	A	A	A	A	A	B	B	B	B	C	L	A	A	A	A	B	B	C	C	C	C	A	A	B	B	B	B	C	C	A	A	A	A	B	B	C	C	C	C	A	A	B	B	B	B	C	C	A	A	A	A	B	B	C	C	C	C	A	A	G	L	A	A	B	B	C	C	A	A	B	B	C	C	A	A	B	B	C	C	A	A	B	B	C	C	A	A	B	B	C	C	A	A	B	B	C	C	A	A	B	B	C	C	A	A	B	B	C	C	A	A	B	B	C	C	A	A	B	B	C	C	A	A	B	B	C	C	A	A	B	B	C	C	A	A	B	B	C	C	A	A	B	B	C	C	A	A	B	B	C	C	A	A	B	B	C	C	A	A	B	B	C	C	A	A	B	B	C	C	A	A	B	B	C	C	A	L	L	L	L	L	L	L	L	L	L	L	L	L	L	L	L	L	L	L	L	L	L	L	L	L	L	L	L	L	L	L	L	L	L	L	L	L	L	L	L	L	L	L	L	L	L	L	L	L	L	L	L	L	L	L	L	L	L	L	L	L	L	L	L	L	L	L	L	L	L	L	L	L	L	L	L	L	L	L	L	L	L	L	L	L	L	L	L	L	L	L	L	L	L	L	L	L	L	L	L	L	L	L	L	L	L	L	L	L	L	L	L	L	L	L	L	L	L	L	L	L	L	L	L	L	L	L	L	L	L	L	L	L	L	L	L	L	L	L	L	L	L	L	
231	G	C	G	L	C	L	A	A	A	L	A	A	A	A	A	L	C	C	C	C	C	C	C	A	L	B	B	B	B	B	B	B	B	C	C	A	A	A	A	L	C	A	A	A	A	B	B	B	B	B	B	C	C	A	A	A	A	A	A	B	B	B	B	C	C	L	A	A	A	B	B	C	C	C	C	A	A	B	B	B	B	C	C	A	A	A	A	B	B	C	C	C	C	A	A	B	B	B	B	C	C	A	A	A	A	B	B	C	C	C	C	A	A	B	B	L	A	B	B	C	C	A	A	B	B	C	C	A	A	B	B	C	C	A	A	B	B	C	C	A	A	B	B	C	C	A	A	B	B	C	C	A	A	B	B	C	C	A	A	B	B	C	C	A	A	B	B	C	C	A	A	B	B	C	C	A	A	B	B	C	C	A	A	B	B	C	C	A	A	B	B	C	C	A	A	B	B	C	C	A	A	B	B	C	C	A	A	B	B	C	C	A	A	B	B	C	C	A	A	B	B	C	C	A	A	B	B	C	C	A	A	G	L	L	L	L	L	L	L	L	L	L	L	L	L	L	L	L	L	L	L	L	L	L	L	L	L	L	L	L	L	L	L	L	L	L	L	L	L	L	L	L	L	L	L	L	L	L	L	L	L	L	L	L	L	L	L	L	L	L	L	L	L	L	L	L	L	L	L	L	L	L	L	L	L	L	L	L	L	L	L	L	L	L	L	L	L	L	L	L	L	L	L	L	L	L	L	L	L	L	L	L	L	L	L	L	L	L	L	L	L	L	L	L	L	L	L	L	L	L	L	L	L	L	L	L	L	L	L	L	L	L	L	L	L	L	L	L	L	L	L	L	L	L	
232	G	B	A	L	C	L	A	A	A	L	A	A	A	A	A	L	C	C	C	C	C	C	A	A	L	B	B	B	B	B	B	B	C	C	A	A	A	A	A	L	A	A	A	A	B	B	B	B	B	B	C	C	A	A	A	A	A	A	B	B	B	B	C	C	C	L	A	A	B	B	C	C	C	C	A	A	B	B	B	B	C	C	A	A	A	A	B	B	C	C	C	C	A	A	B	B	B	B	C	C	A	A	A	A	B	B	C	C	C	C	A	A	B	B	G	L	L	B	C	C	A	A	B	B	C	C	A	A	B	B	C	C	A	A	B	B	C	C	A	A	B	B	C	C	A	A	B	B	C	C	A	A	B	B	C	C	A	A	B	B	C	C	A	A	B	B	C	C	A	A	B	B	C	C	A	A	B	B	C	C	A	A	B	B	C	C	A	A	B	B	C	C	A	A	B	B	C	C	A	A	B	B	C	C	A	A	B	B	C	C	A	A	B	B	C	C	A	A	B	B	C	C	A	A	B	B	C	C	A	A	B	B	C	L	L	L	L	L	L	L	L	L	L	L	L	L	L	L	L	L	L	L	L	L	L	L	L	L	L	L	L	L	L	L	L	L	L	L	L	L	L	L	L	L	L	L	L	L	L	L	L	L	L	L	L	L	L	L	L	L	L	L	L	L	L	L	L	L	L	L	L	L	L	L	L	L	L	L	L	L	L	L	L	L	L	L	L	L	L	L	L	L	L	L	L	L	L	L	L	L	L	L	L	L	L	L	L	L	L	L	L	L	L	L	L	L	L	L	L	L	L	L	L	L	L	L	L	L	L	L	L	L	L	L	L	L	L	L	L	L	L	L	L	L	
233	G	C	G	L	C	L	A	A	A	L	A	A	A	A	A	L	C	C	C	C	C	A	A	A	L	B	B	B	B	B	B	C	C	A	A	A	A	A	A	L	A	A	A	B	B	B	B	B	B	C	C	A	A	A	A	A	A	B	B	B	B	C	C	C	C	L	A	B	B	C	C	C	C	A	A	B	B	B	B	C	C	A	A	A	A	B	B	C	C	C	C	A	A	B	B	B	B	C	C	A	A	A	A	B	B	C	C	C	C	A	A	B	B	B	B	C	L	L	C	A	A	B	B	C	C	A	A	B	B	C	C	A	A	B	B	C	C	A	A	B	B	C	C	A	A	B	B	C	C	A	A	B	B	C	C	A	A	B	B	C	C	A	A	B	B	C	C	A	A	B	B	C	C	A	A	B	B	C	C	A	A	B	B	C	C	A	A	B	B	C	C	A	A	B	B	C	C	A	A	B	B	C	C	A	A	B	B	C	C	A	A	B	B	C	C	A	A	B	B	C	C	A	A	B	B	C	C	A	A	B	B	C	C	A	L	L	L	L	L	L	L	L	L	L	L	L	L	L	L	L	L	L	L	L	L	L	L	L	L	L	L	L	L	L	L	L	L	L	L	L	L	L	L	L	L	L	L	L	L	L	L	L	L	L	L	L	L	L	L	L	L	L	L	L	L	L	L	L	L	L	L	L	L	L	L	L	L	L	L	L	L	L	L	L	L	L	L	L	L	L	L	L	L	L	L	L	L	L	L	L	L	L	L	L	L	L	L	L	L	L	L	L	L	L	L	L	L	L	L	L	L	L	L	L	L	L	L	L	L	L	L	L	L	L	L	L	L	L	L	L	L	L	L	L	
234	G	B	A	L	C	L	A	A	A	L	A	A	A	A	A	L	C	C	C	C	A	A	A	A	L	B	B	B	B	B	C	C	A	A	A	A	A	A	A	L	A	A	B	B	B	B	B	B	C	C	A	A	A	A	A	A	B	B	B	B	C	C	C	C	C	L	L	B	C	C	C	C	A	A	B	B	B	B	C	C	A	A	A	A	B	B	C	C	C	C	A	A	B	B	B	B	C	C	A	A	A	A	B	B	C	C	C	C	A	A	B	B	B	B	C	C	A	L	A	A	B	B	C	C	A	A	B	B	C	C	A	A	B	B	C	C	A	A	B	B	C	C	A	A	B	B	C	C	A	A	B	B	C	C	A	A	B	B	C	C	A	A	B	B	C	C	A	A	B	B	C	C	A	A	B	B	C	C	A	A	B	B	C	C	A	A	B	B	C	C	A	A	B	B	C	C	A	A	B	B	C	C	A	A	B	B	C	C	A	A	B	B	C	C	A	A	B	B	C	C	A	A	B	B	C	C	A	A	B	B	C	C	A	A	G	L	L	L	L	L	L	L	L	L	L	L	L	L	L	L	L	L	L	L	L	L	L	L	L	L	L	L	L	L	L	L	L	L	L	L	L	L	L	L	L	L	L	L	L	L	L	L	L	L	L	L	L	L	L	L	L	L	L	L	L	L	L	L	L	L	L	L	L	L	L	L	L	L	L	L	L	L	L	L	L	L	L	L	L	L	L	L	L	L	L	L	L	L	L	L	L	L	L	L	L	L	L	L	L	L	L	L	L	L	L	L	L	L	L	L	L	L	L	L	L	L	L	L	L	L	L	L	L	L	L	L	L	L	L	L	L	L	L	L	
235	G	C	G	L	C	L	A	A	A	L	A	A	A	A	A	L	C	C	C	A	A	A	A	A	L	B	B	B	B	C	C	A	A	A	A	A	A	A	A	L	A	B	B	B	B	B	B	C	C	A	A	A	A	A	A	B	B	B	B	C	C	C	C	C	C	A	L	L	C	C	C	A	A	B	B	B	B	C	C	A	A	A	A	B	B	C	C	C	C	A	A	B	B	B	B	C	C	A	A	A	A	B	B	C	C	C	C	A	A	B	B	B	B	C	C	A	A	L	A	B	B	C	C	A	A	B	B	C	C	A	A	B	B	C	C	A	A	B	B	C	C	A	A	B	B	C	C	A	A	B	B	C	C	A	A	B	B	C	C	A	A	B	B	C	C	A	A	B	B	C	C	A	A	B	B	C	C	A	A	B	B	C	C	A	A	B	B	C	C	A	A	B	B	C	C	A	A	B	B	C	C	A	A	B	B	C	C	A	A	B	B	C	C	A	A	B	B	C	C	A	A	B	B	C	C	A	A	B	B	C	C	A	A	B	B	C	L	L	L	L	L	L	L	L	L	L	L	L	L	L	L	L	L	L	L	L	L	L	L	L	L	L	L	L	L	L	L	L	L	L	L	L	L	L	L	L	L	L	L	L	L	L	L	L	L	L	L	L	L	L	L	L	L	L	L	L	L	L	L	L	L	L	L	L	L	L	L	L	L	L	L	L	L	L	L	L	L	L	L	L	L	L	L	L	L	L	L	L	L	L	L	L	L	L	L	L	L	L	L	L	L	L	L	L	L	L	L	L	L	L	L	L	L	L	L	L	L	L	L	L	L	L	L	L	L	L	L	L	L	L	L	L	L	L	
236	G	B	A	L	C	L	A	A	A	L	A	A	A	A	A	L	C	C	A	A	A	A	A	A	L	B	B	B	C	C	A	A	A	A	A	A	A	A	A	L	L	B	B	B	B	B	C	C	A	A	A	A	A	A	B	B	B	B	C	C	C	C	C	C	A	A	G	L	C	C	A	A	B	B	B	B	C	C	A	A	A	A	B	B	C	C	C	C	A	A	B	B	B	B	C	C	A	A	A	A	B	B	C	C	C	C	A	A	B	B	B	B	C	C	A	A	A	L	L	B	C	C	A	A	B	B	C	C	A	A	B	B	C	C	A	A	B	B	C	C	A	A	B	B	C	C	A	A	B	B	C	C	A	A	B	B	C	C	A	A	B	B	C	C	A	A	B	B	C	C	A	A	B	B	C	C	A	A	B	B	C	C	A	A	B	B	C	C	A	A	B	B	C	C	A	A	B	B	C	C	A	A	B	B	C	C	A	A	B	B	C	C	A	A	B	B	C	C	A	A	B	B	C	C	A	A	B	B	C	C	A	A	B	B	C	C	A	L	L	L	L	L	L	L	L	L	L	L	L	L	L	L	L	L	L	L	L	L	L	L	L	L	L	L	L	L	L	L	L	L	L	L	L	L	L	L	L	L	L	L	L	L	L	L	L	L	L	L	L	L	L	L	L	L	L	L	L	L	L	L	L	L	L	L	L	L	L	L	L	L	L	L	L	L	L	L	L	L	L	L	L	L	L	L	L	L	L	L	L	L	L	L	L	L	L	L	L	L	L	L	L	L	L	L	L	L	L	L	L	L	L	L	L	L	L	L	L	L	L	L	L	L	L	L	L	L	L	L	L	L	L	L	L	L	
237	G	C	G	L	C	L	A	A	A	L	A	A	A	A	A	L	C	A	A	A	A	A	A	A	L	B	B	C	C	A	A	A	A	A	A	A	A	A	A	G	L	B	B	B	B	C	C	A	A	A	A	A	A	B	B	B	B	C	C	C	C	C	C	A	A	B	B	L	C	A	A	B	B	B	B	C	C	A	A	A	A	B	B	C	C	C	C	A	A	B	B	B	B	C	C	A	A	A	A	B	B	C	C	C	C	A	A	B	B	B	B	C	C	A	A	A	A	G	L	L	C	A	A	B	B	C	C	A	A	B	B	C	C	A	A	B	B	C	C	A	A	B	B	C	C	A	A	B	B	C	C	A	A	B	B	C	C	A	A	B	B	C	C	A	A	B	B	C	C	A	A	B	B	C	C	A	A	B	B	C	C	A	A	B	B	C	C	A	A	B	B	C	C	A	A	B	B	C	C	A	A	B	B	C	C	A	A	B	B	C	C	A	A	B	B	C	C	A	A	B	B	C	C	A	A	B	B	C	C	A	A	B	B	C	C	A	A	G	L	L	L	L	L	L	L	L	L	L	L	L	L	L	L	L	L	L	L	L	L	L	L	L	L	L	L	L	L	L	L	L	L	L	L	L	L	L	L	L	L	L	L	L	L	L	L	L	L	L	L	L	L	L	L	L	L	L	L	L	L	L	L	L	L	L	L	L	L	L	L	L	L	L	L	L	L	L	L	L	L	L	L	L	L	L	L	L	L	L	L	L	L	L	L	L	L	L	L	L	L	L	L	L	L	L	L	L	L	L	L	L	L	L	L	L	L	L	L	L	L	L	L	L	L	L	L	L	L	L	L	L	L	L	L	L	
238	G	B	A	L	C	L	A	A	A	L	A	A	A	A	A	L	A	A	A	A	A	A	A	A	L	B	C	C	A	A	A	A	A	A	A	A	A	A	B	B	L	B	B	B	C	C	A	A	A	A	A	A	B	B	B	B	C	C	C	C	C	C	A	A	B	B	G	L	A	A	B	B	B	B	C	C	A	A	A	A	B	B	C	C	C	C	A	A	B	B	B	B	C	C	A	A	A	A	B	B	C	C	C	C	A	A	B	B	B	B	C	C	A	A	A	A	B	B	C	L	A	A	B	B	C	C	A	A	B	B	C	C	A	A	B	B	C	C	A	A	B	B	C	C	A	A	B	B	C	C	A	A	B	B	C	C	A	A	B	B	C	C	A	A	B	B	C	C	A	A	B	B	C	C	A	A	B	B	C	C	A	A	B	B	C	C	A	A	B	B	C	C	A	A	B	B	C	C	A	A	B	B	C	C	A	A	B	B	C	C	A	A	B	B	C	C	A	A	B	B	C	C	A	A	B	B	C	C	A	A	B	B	C	C	A	A	B	B	C	L	L	L	L	L	L	L	L	L	L	L	L	L	L	L	L	L	L	L	L	L	L	L	L	L	L	L	L	L	L	L	L	L	L	L	L	L	L	L	L	L	L	L	L	L	L	L	L	L	L	L	L	L	L	L	L	L	L	L	L	L	L	L	L	L	L	L	L	L	L	L	L	L	L	L	L	L	L	L	L	L	L	L	L	L	L	L	L	L	L	L	L	L	L	L	L	L	L	L	L	L	L	L	L	L	L	L	L	L	L	L	L	L	L	L	L	L	L	L	L	L	L	L	L	L	L	L	L	L	L	L	L	L	L	L	
239	G	C	G	L	C	L	A	A	A	L	A	A	A	A	A	L	A	A	A	A	A	A	A	A	L	L	C	A	A	A	A	A	A	A	A	A	A	B	B	G	L	B	B	C	C	A	A	A	A	A	A	B	B	B	B	C	C	C	C	C	C	A	A	B	B	B	B	L	A	B	B	B	B	C	C	A	A	A	A	B	B	C	C	C	C	A	A	B	B	B	B	C	C	A	A	A	A	B	B	C	C	C	C	A	A	B	B	B	B	C	C	A	A	A	A	B	B	C	C	L	A	B	B	C	C	A	A	B	B	C	C	A	A	B	B	C	C	A	A	B	B	C	C	A	A	B	B	C	C	A	A	B	B	C	C	A	A	B	B	C	C	A	A	B	B	C	C	A	A	B	B	C	C	A	A	B	B	C	C	A	A	B	B	C	C	A	A	B	B	C	C	A	A	B	B	C	C	A	A	B	B	C	C	A	A	B	B	C	C	A	A	B	B	C	C	A	A	B	B	C	C	A	A	B	B	C	C	A	A	B	B	C	C	A	A	B	B	C	C	A	L	L	L	L	L	L	L	L	L	L	L	L	L	L	L	L	L	L	L	L	L	L	L	L	L	L	L	L	L	L	L	L	L	L	L	L	L	L	L	L	L	L	L	L	L	L	L	L	L	L	L	L	L	L	L	L	L	L	L	L	L	L	L	L	L	L	L	L	L	L	L	L	L	L	L	L	L	L	L	L	L	L	L	L	L	L	L	L	L	L	L	L	L	L	L	L	L	L	L	L	L	L	L	L	L	L	L	L	L	L	L	L	L	L	L	L	L	L	L	L	L	L	L	L	L	L	L	L	L	L	L	L	L	L	
240	G	B	A	L	C	L	A	A	A	L	A	A	A	A	A	L	A	A	A	A	A	A	A	A	G	L	A	A	A	A	A	A	A	A	A	A	B	B	B	B	L	B	C	C	A	A	A	A	A	A	B	B	B	B	C	C	C	C	C	C	A	A	B	B	B	B	G	L	L	B	B	B	C	C	A	A	A	A	B	B	C	C	C	C	A	A	B	B	B	B	C	C	A	A	A	A	B	B	C	C	C	C	A	A	B	B	B	B	C	C	A	A	A	A	B	B	C	C	C	L	L	B	C	C	A	A	B	B	C	C	A	A	B	B	C	C	A	A	B	B	C	C	A	A	B	B	C	C	A	A	B	B	C	C	A	A	B	B	C	C	A	A	B	B	C	C	A	A	B	B	C	C	A	A	B	B	C	C	A	A	B	B	C	C	A	A	B	B	C	C	A	A	B	B	C	C	A	A	B	B	C	C	A	A	B	B	C	C	A	A	B	B	C	C	A	A	B	B	C	C	A	A	B	B	C	C	A	A	B	B	C	C	A	A	B	B	C	C	A	A	G	L	L	L	L	L	L	L	L	L	L	L	L	L	L	L	L	L	L	L	L	L	L	L	L	L	L	L	L	L	L	L	L	L	L	L	L	L	L	L	L	L	L	L	L	L	L	L	L	L	L	L	L	L	L	L	L	L	L	L	L	L	L	L	L	L	L	L	L	L	L	L	L	L	L	L	L	L	L	L	L	L	L	L	L	L	L	L	L	L	L	L	L	L	L	L	L	L	L	L	L	L	L	L	L	L	L	L	L	L	L	L	L	L	L	L	L	L	L	L	L	L	L	L	L	L	L	L	L	L	L	L	L	L	
241	G	C	G	L	C	L	A	A	A	L	A	A	A	A	A	L	A	A	A	A	A	A	A	B	B	L	A	A	A	A	A	A	A	A	A	B	B	B	B	G	L	L	C	A	A	A	A	A	A	B	B	B	B	C	C	C	C	C	C	A	A	B	B	B	B	B	B	C	L	B	B	C	C	A	A	A	A	B	B	C	C	C	C	A	A	B	B	B	B	C	C	A	A	A	A	B	B	C	C	C	C	A	A	B	B	B	B	C	C	A	A	A	A	B	B	C	C	C	C	A	L	L	C	A	A	B	B	C	C	A	A	B	B	C	C	A	A	B	B	C	C	A	A	B	B	C	C	A	A	B	B	C	C	A	A	B	B	C	C	A	A	B	B	C	C	A	A	B	B	C	C	A	A	B	B	C	C	A	A	B	B	C	C	A	A	B	B	C	C	A	A	B	B	C	C	A	A	B	B	C	C	A	A	B	B	C	C	A	A	B	B	C	C	A	A	B	B	C	C	A	A	B	B	C	C	A	A	B	B	C	C	A	A	B	B	C	C	A	A	B	B	C	L	L	L	L	L	L	L	L	L	L	L	L	L	L	L	L	L	L	L	L	L	L	L	L	L	L	L	L	L	L	L	L	L	L	L	L	L	L	L	L	L	L	L	L	L	L	L	L	L	L	L	L	L	L	L	L	L	L	L	L	L	L	L	L	L	L	L	L	L	L	L	L	L	L	L	L	L	L	L	L	L	L	L	L	L	L	L	L	L	L	L	L	L	L	L	L	L	L	L	L	L	L	L	L	L	L	L	L	L	L	L	L	L	L	L	L	L	L	L	L	L	L	L	L	L	L	L	L	L	L	L	L	
242	G	B	A	L	C	L	A	A	A	L	A	A	A	A	A	L	A	A	A	A	A	A	B	B	G	L	A	A	A	A	A	A	A	A	B	B	B	B	B	B	C	L	A	A	A	A	A	A	B	B	B	B	C	C	C	C	C	C	A	A	B	B	B	B	B	B	C	C	L	B	C	C	A	A	A	A	B	B	C	C	C	C	A	A	B	B	B	B	C	C	A	A	A	A	B	B	C	C	C	C	A	A	B	B	B	B	C	C	A	A	A	A	B	B	C	C	C	C	A	A	G	L	A	A	B	B	C	C	A	A	B	B	C	C	A	A	B	B	C	C	A	A	B	B	C	C	A	A	B	B	C	C	A	A	B	B	C	C	A	A	B	B	C	C	A	A	B	B	C	C	A	A	B	B	C	C	A	A	B	B	C	C	A	A	B	B	C	C	A	A	B	B	C	C	A	A	B	B	C	C	A	A	B	B	C	C	A	A	B	B	C	C	A	A	B	B	C	C	A	A	B	B	C	C	A	A	B	B	C	C	A	A	B	B	C	C	A	A	B	B	C	C	A	L	L	L	L	L	L	L	L	L	L	L	L	L	L	L	L	L	L	L	L	L	L	L	L	L	L	L	L	L	L	L	L	L	L	L	L	L	L	L	L	L	L	L	L	L	L	L	L	L	L	L	L	L	L	L	L	L	L	L	L	L	L	L	L	L	L	L	L	L	L	L	L	L	L	L	L	L	L	L	L	L	L	L	L	L	L	L	L	L	L	L	L	L	L	L	L	L	L	L	L	L	L	L	L	L	L	L	L	L	L	L	L	L	L	L	L	L	L	L	L	L	L	L	L	L	L	L	L	L	L	L	
243	G	C	G	L	C	L	A	A	A	L	A	A	A	A	A	L	A	A	A	A	A	B	B	B	B	L	A	A	A	A	A	A	A	B	B	B	B	B	B	C	C	L	A	A	A	A	A	B	B	B	B	C	C	C	C	C	C	A	A	B	B	B	B	B	B	C	C	C	L	L	C	A	A	A	A	B	B	C	C	C	C	A	A	B	B	B	B	C	C	A	A	A	A	B	B	C	C	C	C	A	A	B	B	B	B	C	C	A	A	A	A	B	B	C	C	C	C	A	A	B	B	L	A	B	B	C	C	A	A	B	B	C	C	A	A	B	B	C	C	A	A	B	B	C	C	A	A	B	B	C	C	A	A	B	B	C	C	A	A	B	B	C	C	A	A	B	B	C	C	A	A	B	B	C	C	A	A	B	B	C	C	A	A	B	B	C	C	A	A	B	B	C	C	A	A	B	B	C	C	A	A	B	B	C	C	A	A	B	B	C	C	A	A	B	B	C	C	A	A	B	B	C	C	A	A	B	B	C	C	A	A	B	B	C	C	A	A	B	B	C	C	A	A	G	L	L	L	L	L	L	L	L	L	L	L	L	L	L	L	L	L	L	L	L	L	L	L	L	L	L	L	L	L	L	L	L	L	L	L	L	L	L	L	L	L	L	L	L	L	L	L	L	L	L	L	L	L	L	L	L	L	L	L	L	L	L	L	L	L	L	L	L	L	L	L	L	L	L	L	L	L	L	L	L	L	L	L	L	L	L	L	L	L	L	L	L	L	L	L	L	L	L	L	L	L	L	L	L	L	L	L	L	L	L	L	L	L	L	L	L	L	L	L	L	L	L	L	L	L	L	L	L	L	L	
244	G	B	A	L	C	L	A	A	A	L	A	A	A	A	A	L	A	A	A	A	B	B	B	B	G	L	A	A	A	A	A	A	B	B	B	B	B	B	C	C	C	L	A	A	A	A	B	B	B	B	C	C	C	C	C	C	A	A	B	B	B	B	B	B	C	C	C	C	A	L	A	A	A	A	B	B	C	C	C	C	A	A	B	B	B	B	C	C	A	A	A	A	B	B	C	C	C	C	A	A	B	B	B	B	C	C	A	A	A	A	B	B	C	C	C	C	A	A	B	B	G	L	L	B	C	C	A	A	B	B	C	C	A	A	B	B	C	C	A	A	B	B	C	C	A	A	B	B	C	C	A	A	B	B	C	C	A	A	B	B	C	C	A	A	B	B	C	C	A	A	B	B	C	C	A	A	B	B	C	C	A	A	B	B	C	C	A	A	B	B	C	C	A	A	B	B	C	C	A	A	B	B	C	C	A	A	B	B	C	C	A	A	B	B	C	C	A	A	B	B	C	C	A	A	B	B	C	C	A	A	B	B	C	C	A	A	B	B	C	C	A	A	B	B	C	L	L	L	L	L	L	L	L	L	L	L	L	L	L	L	L	L	L	L	L	L	L	L	L	L	L	L	L	L	L	L	L	L	L	L	L	L	L	L	L	L	L	L	L	L	L	L	L	L	L	L	L	L	L	L	L	L	L	L	L	L	L	L	L	L	L	L	L	L	L	L	L	L	L	L	L	L	L	L	L	L	L	L	L	L	L	L	L	L	L	L	L	L	L	L	L	L	L	L	L	L	L	L	L	L	L	L	L	L	L	L	L	L	L	L	L	L	L	L	L	L	L	L	L	L	L	L	L	L	
245	G	C	G	L	C	L	A	A	A	L	A	A	A	A	A	L	A	A	A	B	B	B	B	B	B	L	A	A	A	A	A	B	B	B	B	B	B	C	C	C	C	L	A	A	A	B	B	B	B	C	C	C	C	C	C	A	A	B	B	B	B	B	B	C	C	C	C	A	A	L	A	A	A	B	B	C	C	C	C	A	A	B	B	B	B	C	C	A	A	A	A	B	B	C	C	C	C	A	A	B	B	B	B	C	C	A	A	A	A	B	B	C	C	C	C	A	A	B	B	B	B	C	L	L	C	A	A	B	B	C	C	A	A	B	B	C	C	A	A	B	B	C	C	A	A	B	B	C	C	A	A	B	B	C	C	A	A	B	B	C	C	A	A	B	B	C	C	A	A	B	B	C	C	A	A	B	B	C	C	A	A	B	B	C	C	A	A	B	B	C	C	A	A	B	B	C	C	A	A	B	B	C	C	A	A	B	B	C	C	A	A	B	B	C	C	A	A	B	B	C	C	A	A	B	B	C	C	A	A	B	B	C	C	A	A	B	B	C	C	A	A	B	B	C	C	A	L	L	L	L	L	L	L	L	L	L	L	L	L	L	L	L	L	L	L	L	L	L	L	L	L	L	L	L	L	L	L	L	L	L	L	L	L	L	L	L	L	L	L	L	L	L	L	L	L	L	L	L	L	L	L	L	L	L	L	L	L	L	L	L	L	L	L	L	L	L	L	L	L	L	L	L	L	L	L	L	L	L	L	L	L	L	L	L	L	L	L	L	L	L	L	L	L	L	L	L	L	L	L	L	L	L	L	L	L	L	L	L	L	L	L	L	L	L	L	L	L	L	L	L	L	L	L	L	
246	G	B	A	L	C	L	A	A	A	L	A	A	A	A	A	L	A	A	B	B	B	B	B	B	G	L	A	A	A	A	B	B	B	B	B	B	C	C	C	C	C	L	A	A	B	B	B	B	C	C	C	C	C	C	A	A	B	B	B	B	B	B	C	C	C	C	A	A	A	L	A	A	B	B	C	C	C	C	A	A	B	B	B	B	C	C	A	A	A	A	B	B	C	C	C	C	A	A	B	B	B	B	C	C	A	A	A	A	B	B	C	C	C	C	A	A	B	B	B	B	C	C	A	L	A	A	B	B	C	C	A	A	B	B	C	C	A	A	B	B	C	C	A	A	B	B	C	C	A	A	B	B	C	C	A	A	B	B	C	C	A	A	B	B	C	C	A	A	B	B	C	C	A	A	B	B	C	C	A	A	B	B	C	C	A	A	B	B	C	C	A	A	B	B	C	C	A	A	B	B	C	C	A	A	B	B	C	C	A	A	B	B	C	C	A	A	B	B	C	C	A	A	B	B	C	C	A	A	B	B	C	C	A	A	B	B	C	C	A	A	B	B	C	C	A	A	G	L	L	L	L	L	L	L	L	L	L	L	L	L	L	L	L	L	L	L	L	L	L	L	L	L	L	L	L	L	L	L	L	L	L	L	L	L	L	L	L	L	L	L	L	L	L	L	L	L	L	L	L	L	L	L	L	L	L	L	L	L	L	L	L	L	L	L	L	L	L	L	L	L	L	L	L	L	L	L	L	L	L	L	L	L	L	L	L	L	L	L	L	L	L	L	L	L	L	L	L	L	L	L	L	L	L	L	L	L	L	L	L	L	L	L	L	L	L	L	L	L	L	L	L	L	L	L	
247	G	C	G	L	C	L	A	A	A	L	A	A	A	A	A	L	A	B	B	B	B	B	B	B	B	L	A	A	A	B	B	B	B	B	B	C	C	C	C	C	C	L	A	B	B	B	B	C	C	C	C	C	C	A	A	B	B	B	B	B	B	C	C	C	C	A	A	A	A	L	A	B	B	C	C	C	C	A	A	B	B	B	B	C	C	A	A	A	A	B	B	C	C	C	C	A	A	B	B	B	B	C	C	A	A	A	A	B	B	C	C	C	C	A	A	B	B	B	B	C	C	A	A	L	A	B	B	C	C	A	A	B	B	C	C	A	A	B	B	C	C	A	A	B	B	C	C	A	A	B	B	C	C	A	A	B	B	C	C	A	A	B	B	C	C	A	A	B	B	C	C	A	A	B	B	C	C	A	A	B	B	C	C	A	A	B	B	C	C	A	A	B	B	C	C	A	A	B	B	C	C	A	A	B	B	C	C	A	A	B	B	C	C	A	A	B	B	C	C	A	A	B	B	C	C	A	A	B	B	C	C	A	A	B	B	C	C	A	A	B	B	C	C	A	A	B	B	C	L	L	L	L	L	L	L	L	L	L	L	L	L	L	L	L	L	L	L	L	L	L	L	L	L	L	L	L	L	L	L	L	L	L	L	L	L	L	L	L	L	L	L	L	L	L	L	L	L	L	L	L	L	L	L	L	L	L	L	L	L	L	L	L	L	L	L	L	L	L	L	L	L	L	L	L	L	L	L	L	L	L	L	L	L	L	L	L	L	L	L	L	L	L	L	L	L	L	L	L	L	L	L	L	L	L	L	L	L	L	L	L	L	L	L	L	L	L	L	L	L	L	L	L	L	L	
248	G	B	A	L	C	L	A	A	A	L	A	A	A	A	A	L	L	B	B	B	B	B	B	B	G	L	A	A	B	B	B	B	B	B	C	C	C	C	C	C	C	L	L	B	B	B	C	C	C	C	C	C	A	A	B	B	B	B	B	B	C	C	C	C	A	A	A	A	A	L	L	B	C	C	C	C	A	A	B	B	B	B	C	C	A	A	A	A	B	B	C	C	C	C	A	A	B	B	B	B	C	C	A	A	A	A	B	B	C	C	C	C	A	A	B	B	B	B	C	C	A	A	A	L	L	B	C	C	A	A	B	B	C	C	A	A	B	B	C	C	A	A	B	B	C	C	A	A	B	B	C	C	A	A	B	B	C	C	A	A	B	B	C	C	A	A	B	B	C	C	A	A	B	B	C	C	A	A	B	B	C	C	A	A	B	B	C	C	A	A	B	B	C	C	A	A	B	B	C	C	A	A	B	B	C	C	A	A	B	B	C	C	A	A	B	B	C	C	A	A	B	B	C	C	A	A	B	B	C	C	A	A	B	B	C	C	A	A	B	B	C	C	A	A	B	B	C	C	A	L	L	L	L	L	L	L	L	L	L	L	L	L	L	L	L	L	L	L	L	L	L	L	L	L	L	L	L	L	L	L	L	L	L	L	L	L	L	L	L	L	L	L	L	L	L	L	L	L	L	L	L	L	L	L	L	L	L	L	L	L	L	L	L	L	L	L	L	L	L	L	L	L	L	L	L	L	L	L	L	L	L	L	L	L	L	L	L	L	L	L	L	L	L	L	L	L	L	L	L	L	L	L	L	L	L	L	L	L	L	L	L	L	L	L	L	L	L	L	L	L	L	L	L	L	
249	G	C	G	L	C	L	A	A	A	L	A	A	A	A	A	G	L	B	B	B	B	B	B	B	B	L	A	B	B	B	B	B	B	C	C	C	C	C	C	C	C	A	L	B	B	C	C	C	C	C	C	A	A	B	B	B	B	B	B	C	C	C	C	A	A	A	A	A	A	G	L	L	C	C	C	A	A	B	B	B	B	C	C	A	A	A	A	B	B	C	C	C	C	A	A	B	B	B	B	C	C	A	A	A	A	B	B	C	C	C	C	A	A	B	B	B	B	C	C	A	A	A	A	G	L	L	C	A	A	B	B	C	C	A	A	B	B	C	C	A	A	B	B	C	C	A	A	B	B	C	C	A	A	B	B	C	C	A	A	B	B	C	C	A	A	B	B	C	C	A	A	B	B	C	C	A	A	B	B	C	C	A	A	B	B	C	C	A	A	B	B	C	C	A	A	B	B	C	C	A	A	B	B	C	C	A	A	B	B	C	C	A	A	B	B	C	C	A	A	B	B	C	C	A	A	B	B	C	C	A	A	B	B	C	C	A	A	B	B	C	C	A	A	B	B	C	C	A	A	G	L	L	L	L	L	L	L	L	L	L	L	L	L	L	L	L	L	L	L	L	L	L	L	L	L	L	L	L	L	L	L	L	L	L	L	L	L	L	L	L	L	L	L	L	L	L	L	L	L	L	L	L	L	L	L	L	L	L	L	L	L	L	L	L	L	L	L	L	L	L	L	L	L	L	L	L	L	L	L	L	L	L	L	L	L	L	L	L	L	L	L	L	L	L	L	L	L	L	L	L	L	L	L	L	L	L	L	L	L	L	L	L	L	L	L	L	L	L	L	L	L	L	L	L	
250	G	B	A	L	C	L	A	A	A	L	A	A	A	A	B	B	L	B	B	B	B	B	B	B	G	L	L	B	B	B	B	B	C	C	C	C	C	C	C	C	A	A	L	B	C	C	C	C	C	C	A	A	B	B	B	B	B	B	C	C	C	C	A	A	A	A	A	A	B	B	C	L	C	C	A	A	B	B	B	B	C	C	A	A	A	A	B	B	C	C	C	C	A	A	B	B	B	B	C	C	A	A	A	A	B	B	C	C	C	C	A	A	B	B	B	B	C	C	A	A	A	A	B	B	C	L	A	A	B	B	C	C	A	A	B	B	C	C	A	A	B	B	C	C	A	A	B	B	C	C	A	A	B	B	C	C	A	A	B	B	C	C	A	A	B	B	C	C	A	A	B	B	C	C	A	A	B	B	C	C	A	A	B	B	C	C	A	A	B	B	C	C	A	A	B	B	C	C	A	A	B	B	C	C	A	A	B	B	C	C	A	A	B	B	C	C	A	A	B	B	C	C	A	A	B	B	C	C	A	A	B	B	C	C	A	A	B	B	C	C	A	A	B	B	C	C	A	A	B	B	C	L	L	L	L	L	L	L	L	L	L	L	L	L	L	L	L	L	L	L	L	L	L	L	L	L	L	L	L	L	L	L	L	L	L	L	L	L	L	L	L	L	L	L	L	L	L	L	L	L	L	L	L	L	L	L	L	L	L	L	L	L	L	L	L	L	L	L	L	L	L	L	L	L	L	L	L	L	L	L	L	L	L	L	L	L	L	L	L	L	L	L	L	L	L	L	L	L	L	L	L	L	L	L	L	L	L	L	L	L	L	L	L	L	L	L	L	L	L	L	L	L	L	L	
251	G	C	G	L	C	L	A	A	A	L	A	A	A	B	B	G	L	B	B	B	B	B	B	B	B	C	L	B	B	B	B	C	C	C	C	C	C	C	C	A	A	A	L	L	C	C	C	C	C	A	A	B	B	B	B	B	B	C	C	C	C	A	A	A	A	A	A	B	B	C	C	L	C	A	A	B	B	B	B	C	C	A	A	A	A	B	B	C	C	C	C	A	A	B	B	B	B	C	C	A	A	A	A	B	B	C	C	C	C	A	A	B	B	B	B	C	C	A	A	A	A	B	B	C	C	L	A	B	B	C	C	A	A	B	B	C	C	A	A	B	B	C	C	A	A	B	B	C	C	A	A	B	B	C	C	A	A	B	B	C	C	A	A	B	B	C	C	A	A	B	B	C	C	A	A	B	B	C	C	A	A	B	B	C	C	A	A	B	B	C	C	A	A	B	B	C	C	A	A	B	B	C	C	A	A	B	B	C	C	A	A	B	B	C	C	A	A	B	B	C	C	A	A	B	B	C	C	A	A	B	B	C	C	A	A	B	B	C	C	A	A	B	B	C	C	A	A	B	B	C	C	A	L	L	L	L	L	L	L	L	L	L	L	L	L	L	L	L	L	L	L	L	L	L	L	L	L	L	L	L	L	L	L	L	L	L	L	L	L	L	L	L	L	L	L	L	L	L	L	L	L	L	L	L	L	L	L	L	L	L	L	L	L	L	L	L	L	L	L	L	L	L	L	L	L	L	L	L	L	L	L	L	L	L	L	L	L	L	L	L	L	L	L	L	L	L	L	L	L	L	L	L	L	L	L	L	L	L	L	L	L	L	L	L	L	L	L	L	L	L	L	L	L	L	
252	G	B	A	L	C	L	A	A	A	L	A	A	B	B	B	B	L	B	B	B	B	B	B	B	C	C	L	B	B	B	C	C	C	C	C	C	C	C	A	A	A	A	G	L	C	C	C	C	A	A	B	B	B	B	B	B	C	C	C	C	A	A	A	A	A	A	B	B	C	C	C	L	A	A	B	B	B	B	C	C	A	A	A	A	B	B	C	C	C	C	A	A	B	B	B	B	C	C	A	A	A	A	B	B	C	C	C	C	A	A	B	B	B	B	C	C	A	A	A	A	B	B	C	C	C	L	L	B	C	C	A	A	B	B	C	C	A	A	B	B	C	C	A	A	B	B	C	C	A	A	B	B	C	C	A	A	B	B	C	C	A	A	B	B	C	C	A	A	B	B	C	C	A	A	B	B	C	C	A	A	B	B	C	C	A	A	B	B	C	C	A	A	B	B	C	C	A	A	B	B	C	C	A	A	B	B	C	C	A	A	B	B	C	C	A	A	B	B	C	C	A	A	B	B	C	C	A	A	B	B	C	C	A	A	B	B	C	C	A	A	B	B	C	C	A	A	B	B	C	C	A	A	G	L	L	L	L	L	L	L	L	L	L	L	L	L	L	L	L	L	L	L	L	L	L	L	L	L	L	L	L	L	L	L	L	L	L	L	L	L	L	L	L	L	L	L	L	L	L	L	L	L	L	L	L	L	L	L	L	L	L	L	L	L	L	L	L	L	L	L	L	L	L	L	L	L	L	L	L	L	L	L	L	L	L	L	L	L	L	L	L	L	L	L	L	L	L	L	L	L	L	L	L	L	L	L	L	L	L	L	L	L	L	L	L	L	L	L	L	L	L	L	L	L	
253	G	C	G	L	C	L	A	A	A	L	A	B	B	B	B	G	L	B	B	B	B	B	B	C	C	C	L	B	B	C	C	C	C	C	C	C	C	A	A	A	A	B	B	L	C	C	C	A	A	B	B	B	B	B	B	C	C	C	C	A	A	A	A	A	A	B	B	C	C	C	C	L	A	B	B	B	B	C	C	A	A	A	A	B	B	C	C	C	C	A	A	B	B	B	B	C	C	A	A	A	A	B	B	C	C	C	C	A	A	B	B	B	B	C	C	A	A	A	A	B	B	C	C	C	C	A	L	L	C	A	A	B	B	C	C	A	A	B	B	C	C	A	A	B	B	C	C	A	A	B	B	C	C	A	A	B	B	C	C	A	A	B	B	C	C	A	A	B	B	C	C	A	A	B	B	C	C	A	A	B	B	C	C	A	A	B	B	C	C	A	A	B	B	C	C	A	A	B	B	C	C	A	A	B	B	C	C	A	A	B	B	C	C	A	A	B	B	C	C	A	A	B	B	C	C	A	A	B	B	C	C	A	A	B	B	C	C	A	A	B	B	C	C	A	A	B	B	C	C	A	A	B	B	C	L	L	L	L	L	L	L	L	L	L	L	L	L	L	L	L	L	L	L	L	L	L	L	L	L	L	L	L	L	L	L	L	L	L	L	L	L	L	L	L	L	L	L	L	L	L	L	L	L	L	L	L	L	L	L	L	L	L	L	L	L	L	L	L	L	L	L	L	L	L	L	L	L	L	L	L	L	L	L	L	L	L	L	L	L	L	L	L	L	L	L	L	L	L	L	L	L	L	L	L	L	L	L	L	L	L	L	L	L	L	L	L	L	L	L	L	L	L	L	L	
254	G	B	A	L	C	L	A	A	A	L	L	B	B	B	B	B	L	B	B	B	B	B	C	C	C	C	L	B	C	C	C	C	C	C	C	C	A	A	A	A	B	B	G	L	C	C	A	A	B	B	B	B	B	B	C	C	C	C	A	A	A	A	A	A	B	B	C	C	C	C	C	L	L	B	B	B	C	C	A	A	A	A	B	B	C	C	C	C	A	A	B	B	B	B	C	C	A	A	A	A	B	B	C	C	C	C	A	A	B	B	B	B	C	C	A	A	A	A	B	B	C	C	C	C	A	A	G	L	A	A	B	B	C	C	A	A	B	B	C	C	A	A	B	B	C	C	A	A	B	B	C	C	A	A	B	B	C	C	A	A	B	B	C	C	A	A	B	B	C	C	A	A	B	B	C	C	A	A	B	B	C	C	A	A	B	B	C	C	A	A	B	B	C	C	A	A	B	B	C	C	A	A	B	B	C	C	A	A	B	B	C	C	A	A	B	B	C	C	A	A	B	B	C	C	A	A	B	B	C	C	A	A	B	B	C	C	A	A	B	B	C	C	A	A	B	B	C	C	A	A	B	B	C	C	A	L	L	L	L	L	L	L	L	L	L	L	L	L	L	L	L	L	L	L	L	L	L	L	L	L	L	L	L	L	L	L	L	L	L	L	L	L	L	L	L	L	L	L	L	L	L	L	L	L	L	L	L	L	L	L	L	L	L	L	L	L	L	L	L	L	L	L	L	L	L	L	L	L	L	L	L	L	L	L	L	L	L	L	L	L	L	L	L	L	L	L	L	L	L	L	L	L	L	L	L	L	L	L	L	L	L	L	L	L	L	L	L	L	L	L	L	L	L	L	
255	G	C	G	L	C	L	A	A	A	G	L	B	B	B	B	G	L	B	B	B	B	C	C	C	C	C	L	L	C	C	C	C	C	C	C	A	A	A	A	B	B	B	B	L	C	A	A	B	B	B	B	B	B	C	C	C	C	A	A	A	A	A	A	B	B	C	C	C	C	C	C	A	L	B	B	C	C	A	A	A	A	B	B	C	C	C	C	A	A	B	B	B	B	C	C	A	A	A	A	B	B	C	C	C	C	A	A	B	B	B	B	C	C	A	A	A	A	B	B	C	C	C	C	A	A	B	B	L	A	B	B	C	C	A	A	B	B	C	C	A	A	B	B	C	C	A	A	B	B	C	C	A	A	B	B	C	C	A	A	B	B	C	C	A	A	B	B	C	C	A	A	B	B	C	C	A	A	B	B	C	C	A	A	B	B	C	C	A	A	B	B	C	C	A	A	B	B	C	C	A	A	B	B	C	C	A	A	B	B	C	C	A	A	B	B	C	C	A	A	B	B	C	C	A	A	B	B	C	C	A	A	B	B	C	C	A	A	B	B	C	C	A	A	B	B	C	C	A	A	B	B	C	C	A	A	G	L	L	L	L	L	L	L	L	L	L	L	L	L	L	L	L	L	L	L	L	L	L	L	L	L	L	L	L	L	L	L	L	L	L	L	L	L	L	L	L	L	L	L	L	L	L	L	L	L	L	L	L	L	L	L	L	L	L	L	L	L	L	L	L	L	L	L	L	L	L	L	L	L	L	L	L	L	L	L	L	L	L	L	L	L	L	L	L	L	L	L	L	L	L	L	L	L	L	L	L	L	L	L	L	L	L	L	L	L	L	L	L	L	L	L	L	L	L	
256	G	B	A	L	C	L	A	A	B	B	L	B	B	B	B	B	L	B	B	B	C	C	C	C	C	C	A	L	C	C	C	C	C	C	A	A	A	A	B	B	B	B	G	L	A	A	B	B	B	B	B	B	C	C	C	C	A	A	A	A	A	A	B	B	C	C	C	C	C	C	A	A	L	B	C	C	A	A	A	A	B	B	C	C	C	C	A	A	B	B	B	B	C	C	A	A	A	A	B	B	C	C	C	C	A	A	B	B	B	B	C	C	A	A	A	A	B	B	C	C	C	C	A	A	B	B	G	L	L	B	C	C	A	A	B	B	C	C	A	A	B	B	C	C	A	A	B	B	C	C	A	A	B	B	C	C	A	A	B	B	C	C	A	A	B	B	C	C	A	A	B	B	C	C	A	A	B	B	C	C	A	A	B	B	C	C	A	A	B	B	C	C	A	A	B	B	C	C	A	A	B	B	C	C	A	A	B	B	C	C	A	A	B	B	C	C	A	A	B	B	C	C	A	A	B	B	C	C	A	A	B	B	C	C	A	A	B	B	C	C	A	A	B	B	C	C	A	A	B	B	C	C	A	A	B	B	C	L	L	L	L	L	L	L	L	L	L	L	L	L	L	L	L	L	L	L	L	L	L	L	L	L	L	L	L	L	L	L	L	L	L	L	L	L	L	L	L	L	L	L	L	L	L	L	L	L	L	L	L	L	L	L	L	L	L	L	L	L	L	L	L	L	L	L	L	L	L	L	L	L	L	L	L	L	L	L	L	L	L	L	L	L	L	L	L	L	L	L	L	L	L	L	L	L	L	L	L	L	L	L	L	L	L	L	L	L	L	L	L	L	L	L	L	L	
257	G	C	G	L	C	L	A	B	B	G	L	B	B	B	B	G	L	B	B	C	C	C	C	C	C	A	A	L	C	C	C	C	C	A	A	A	A	B	B	B	B	B	B	L	A	B	B	B	B	B	B	C	C	C	C	A	A	A	A	A	A	B	B	C	C	C	C	C	C	A	A	A	L	L	C	A	A	A	A	B	B	C	C	C	C	A	A	B	B	B	B	C	C	A	A	A	A	B	B	C	C	C	C	A	A	B	B	B	B	C	C	A	A	A	A	B	B	C	C	C	C	A	A	B	B	B	B	C	L	L	C	A	A	B	B	C	C	A	A	B	B	C	C	A	A	B	B	C	C	A	A	B	B	C	C	A	A	B	B	C	C	A	A	B	B	C	C	A	A	B	B	C	C	A	A	B	B	C	C	A	A	B	B	C	C	A	A	B	B	C	C	A	A	B	B	C	C	A	A	B	B	C	C	A	A	B	B	C	C	A	A	B	B	C	C	A	A	B	B	C	C	A	A	B	B	C	C	A	A	B	B	C	C	A	A	B	B	C	C	A	A	B	B	C	C	A	A	B	B	C	C	A	A	B	B	C	C	A	L	L	L	L	L	L	L	L	L	L	L	L	L	L	L	L	L	L	L	L	L	L	L	L	L	L	L	L	L	L	L	L	L	L	L	L	L	L	L	L	L	L	L	L	L	L	L	L	L	L	L	L	L	L	L	L	L	L	L	L	L	L	L	L	L	L	L	L	L	L	L	L	L	L	L	L	L	L	L	L	L	L	L	L	L	L	L	L	L	L	L	L	L	L	L	L	L	L	L	L	L	L	L	L	L	L	L	L	L	L	L	L	L	L	L	L	
258	G	B	A	L	C	L	L	B	B	B	L	B	B	B	B	B	L	B	C	C	C	C	C	C	A	A	A	L	C	C	C	C	A	A	A	A	B	B	B	B	B	B	G	L	L	B	B	B	B	B	C	C	C	C	A	A	A	A	A	A	B	B	C	C	C	C	C	C	A	A	A	A	G	L	A	A	A	A	B	B	C	C	C	C	A	A	B	B	B	B	C	C	A	A	A	A	B	B	C	C	C	C	A	A	B	B	B	B	C	C	A	A	A	A	B	B	C	C	C	C	A	A	B	B	B	B	C	C	A	L	A	A	B	B	C	C	A	A	B	B	C	C	A	A	B	B	C	C	A	A	B	B	C	C	A	A	B	B	C	C	A	A	B	B	C	C	A	A	B	B	C	C	A	A	B	B	C	C	A	A	B	B	C	C	A	A	B	B	C	C	A	A	B	B	C	C	A	A	B	B	C	C	A	A	B	B	C	C	A	A	B	B	C	C	A	A	B	B	C	C	A	A	B	B	C	C	A	A	B	B	C	C	A	A	B	B	C	C	A	A	B	B	C	C	A	A	B	B	C	C	A	A	B	B	C	C	A	A	G	L	L	L	L	L	L	L	L	L	L	L	L	L	L	L	L	L	L	L	L	L	L	L	L	L	L	L	L	L	L	L	L	L	L	L	L	L	L	L	L	L	L	L	L	L	L	L	L	L	L	L	L	L	L	L	L	L	L	L	L	L	L	L	L	L	L	L	L	L	L	L	L	L	L	L	L	L	L	L	L	L	L	L	L	L	L	L	L	L	L	L	L	L	L	L	L	L	L	L	L	L	L	L	L	L	L	L	L	L	L	L	L	L	L	L	
259	G	C	G	L	C	A	L	B	B	G	L	B	B	B	B	G	L	L	C	C	C	C	C	A	A	A	A	L	C	C	C	A	A	A	A	B	B	B	B	B	B	B	B	C	L	B	B	B	B	C	C	C	C	A	A	A	A	A	A	B	B	C	C	C	C	C	C	A	A	A	A	B	B	L	A	A	A	B	B	C	C	C	C	A	A	B	B	B	B	C	C	A	A	A	A	B	B	C	C	C	C	A	A	B	B	B	B	C	C	A	A	A	A	B	B	C	C	C	C	A	A	B	B	B	B	C	C	A	A	L	A	B	B	C	C	A	A	B	B	C	C	A	A	B	B	C	C	A	A	B	B	C	C	A	A	B	B	C	C	A	A	B	B	C	C	A	A	B	B	C	C	A	A	B	B	C	C	A	A	B	B	C	C	A	A	B	B	C	C	A	A	B	B	C	C	A	A	B	B	C	C	A	A	B	B	C	C	A	A	B	B	C	C	A	A	B	B	C	C	A	A	B	B	C	C	A	A	B	B	C	C	A	A	B	B	C	C	A	A	B	B	C	C	A	A	B	B	C	C	A	A	B	B	C	C	A	A	B	B	C	L	L	L	L	L	L	L	L	L	L	L	L	L	L	L	L	L	L	L	L	L	L	L	L	L	L	L	L	L	L	L	L	L	L	L	L	L	L	L	L	L	L	L	L	L	L	L	L	L	L	L	L	L	L	L	L	L	L	L	L	L	L	L	L	L	L	L	L	L	L	L	L	L	L	L	L	L	L	L	L	L	L	L	L	L	L	L	L	L	L	L	L	L	L	L	L	L	L	L	L	L	L	L	L	L	L	L	L	L	L	L	L	L	L	
260	G	B	A	L	A	A	L	B	B	B	L	B	B	B	B	B	C	L	C	C	C	C	A	A	A	A	A	L	C	C	A	A	A	A	B	B	B	B	B	B	B	B	C	C	L	B	B	B	C	C	C	C	A	A	A	A	A	A	B	B	C	C	C	C	C	C	A	A	A	A	B	B	G	L	A	A	B	B	C	C	C	C	A	A	B	B	B	B	C	C	A	A	A	A	B	B	C	C	C	C	A	A	B	B	B	B	C	C	A	A	A	A	B	B	C	C	C	C	A	A	B	B	B	B	C	C	A	A	A	L	L	B	C	C	A	A	B	B	C	C	A	A	B	B	C	C	A	A	B	B	C	C	A	A	B	B	C	C	A	A	B	B	C	C	A	A	B	B	C	C	A	A	B	B	C	C	A	A	B	B	C	C	A	A	B	B	C	C	A	A	B	B	C	C	A	A	B	B	C	C	A	A	B	B	C	C	A	A	B	B	C	C	A	A	B	B	C	C	A	A	B	B	C	C	A	A	B	B	C	C	A	A	B	B	C	C	A	A	B	B	C	C	A	A	B	B	C	C	A	A	B	B	C	C	A	A	B	B	C	C	A	L	L	L	L	L	L	L	L	L	L	L	L	L	L	L	L	L	L	L	L	L	L	L	L	L	L	L	L	L	L	L	L	L	L	L	L	L	L	L	L	L	L	L	L	L	L	L	L	L	L	L	L	L	L	L	L	L	L	L	L	L	L	L	L	L	L	L	L	L	L	L	L	L	L	L	L	L	L	L	L	L	L	L	L	L	L	L	L	L	L	L	L	L	L	L	L	L	L	L	L	L	L	L	L	L	L	L	L	L	L	L	L	L	
261	G	C	G	L	A	A	L	B	B	G	L	B	B	B	B	C	C	L	C	C	C	A	A	A	A	A	A	L	C	A	A	A	A	B	B	B	B	B	B	B	B	C	C	C	L	B	B	C	C	C	C	A	A	A	A	A	A	B	B	C	C	C	C	C	C	A	A	A	A	B	B	B	B	L	A	B	B	C	C	C	C	A	A	B	B	B	B	C	C	A	A	A	A	B	B	C	C	C	C	A	A	B	B	B	B	C	C	A	A	A	A	B	B	C	C	C	C	A	A	B	B	B	B	C	C	A	A	A	A	G	L	L	C	A	A	B	B	C	C	A	A	B	B	C	C	A	A	B	B	C	C	A	A	B	B	C	C	A	A	B	B	C	C	A	A	B	B	C	C	A	A	B	B	C	C	A	A	B	B	C	C	A	A	B	B	C	C	A	A	B	B	C	C	A	A	B	B	C	C	A	A	B	B	C	C	A	A	B	B	C	C	A	A	B	B	C	C	A	A	B	B	C	C	A	A	B	B	C	C	A	A	B	B	C	C	A	A	B	B	C	C	A	A	B	B	C	C	A	A	B	B	C	C	A	A	B	B	C	C	A	A	G	L	L	L	L	L	L	L	L	L	L	L	L	L	L	L	L	L	L	L	L	L	L	L	L	L	L	L	L	L	L	L	L	L	L	L	L	L	L	L	L	L	L	L	L	L	L	L	L	L	L	L	L	L	L	L	L	L	L	L	L	L	L	L	L	L	L	L	L	L	L	L	L	L	L	L	L	L	L	L	L	L	L	L	L	L	L	L	L	L	L	L	L	L	L	L	L	L	L	L	L	L	L	L	L	L	L	L	L	L	L	L	L	
262	G	B	A	L	A	A	L	B	B	B	L	B	B	B	C	C	C	L	C	C	A	A	A	A	A	A	A	L	A	A	A	A	B	B	B	B	B	B	B	B	C	C	C	C	L	B	C	C	C	C	A	A	A	A	A	A	B	B	C	C	C	C	C	C	A	A	A	A	B	B	B	B	G	L	L	B	C	C	C	C	A	A	B	B	B	B	C	C	A	A	A	A	B	B	C	C	C	C	A	A	B	B	B	B	C	C	A	A	A	A	B	B	C	C	C	C	A	A	B	B	B	B	C	C	A	A	A	A	B	B	C	L	A	A	B	B	C	C	A	A	B	B	C	C	A	A	B	B	C	C	A	A	B	B	C	C	A	A	B	B	C	C	A	A	B	B	C	C	A	A	B	B	C	C	A	A	B	B	C	C	A	A	B	B	C	C	A	A	B	B	C	C	A	A	B	B	C	C	A	A	B	B	C	C	A	A	B	B	C	C	A	A	B	B	C	C	A	A	B	B	C	C	A	A	B	B	C	C	A	A	B	B	C	C	A	A	B	B	C	C	A	A	B	B	C	C	A	A	B	B	C	C	A	A	B	B	C	C	A	A	B	B	C	L	L	L	L	L	L	L	L	L	L	L	L	L	L	L	L	L	L	L	L	L	L	L	L	L	L	L	L	L	L	L	L	L	L	L	L	L	L	L	L	L	L	L	L	L	L	L	L	L	L	L	L	L	L	L	L	L	L	L	L	L	L	L	L	L	L	L	L	L	L	L	L	L	L	L	L	L	L	L	L	L	L	L	L	L	L	L	L	L	L	L	L	L	L	L	L	L	L	L	L	L	L	L	L	L	L	L	L	L	L	L	
263	G	C	G	L	A	A	L	B	B	G	L	B	B	C	C	C	C	L	C	A	A	A	A	A	A	A	A	L	A	A	A	B	B	B	B	B	B	B	B	C	C	C	C	C	L	L	C	C	C	A	A	A	A	A	A	B	B	C	C	C	C	C	C	A	A	A	A	B	B	B	B	B	B	C	L	L	C	C	C	A	A	B	B	B	B	C	C	A	A	A	A	B	B	C	C	C	C	A	A	B	B	B	B	C	C	A	A	A	A	B	B	C	C	C	C	A	A	B	B	B	B	C	C	A	A	A	A	B	B	C	C	L	A	B	B	C	C	A	A	B	B	C	C	A	A	B	B	C	C	A	A	B	B	C	C	A	A	B	B	C	C	A	A	B	B	C	C	A	A	B	B	C	C	A	A	B	B	C	C	A	A	B	B	C	C	A	A	B	B	C	C	A	A	B	B	C	C	A	A	B	B	C	C	A	A	B	B	C	C	A	A	B	B	C	C	A	A	B	B	C	C	A	A	B	B	C	C	A	A	B	B	C	C	A	A	B	B	C	C	A	A	B	B	C	C	A	A	B	B	C	C	A	A	B	B	C	C	A	A	B	B	C	C	A	L	L	L	L	L	L	L	L	L	L	L	L	L	L	L	L	L	L	L	L	L	L	L	L	L	L	L	L	L	L	L	L	L	L	L	L	L	L	L	L	L	L	L	L	L	L	L	L	L	L	L	L	L	L	L	L	L	L	L	L	L	L	L	L	L	L	L	L	L	L	L	L	L	L	L	L	L	L	L	L	L	L	L	L	L	L	L	L	L	L	L	L	L	L	L	L	L	L	L	L	L	L	L	L	L	L	L	L	L	L	
264	G	B	A	L	A	A	L	B	B	B	L	B	C	C	C	C	C	L	A	A	A	A	A	A	A	A	A	L	A	A	B	B	B	B	B	B	B	B	C	C	C	C	C	C	A	L	C	C	A	A	A	A	A	A	B	B	C	C	C	C	C	C	A	A	A	A	B	B	B	B	B	B	C	C	A	L	C	C	A	A	B	B	B	B	C	C	A	A	A	A	B	B	C	C	C	C	A	A	B	B	B	B	C	C	A	A	A	A	B	B	C	C	C	C	A	A	B	B	B	B	C	C	A	A	A	A	B	B	C	C	C	L	L	B	C	C	A	A	B	B	C	C	A	A	B	B	C	C	A	A	B	B	C	C	A	A	B	B	C	C	A	A	B	B	C	C	A	A	B	B	C	C	A	A	B	B	C	C	A	A	B	B	C	C	A	A	B	B	C	C	A	A	B	B	C	C	A	A	B	B	C	C	A	A	B	B	C	C	A	A	B	B	C	C	A	A	B	B	C	C	A	A	B	B	C	C	A	A	B	B	C	C	A	A	B	B	C	C	A	A	B	B	C	C	A	A	B	B	C	C	A	A	B	B	C	C	A	A	B	B	C	C	A	A	G	L	L	L	L	L	L	L	L	L	L	L	L	L	L	L	L	L	L	L	L	L	L	L	L	L	L	L	L	L	L	L	L	L	L	L	L	L	L	L	L	L	L	L	L	L	L	L	L	L	L	L	L	L	L	L	L	L	L	L	L	L	L	L	L	L	L	L	L	L	L	L	L	L	L	L	L	L	L	L	L	L	L	L	L	L	L	L	L	L	L	L	L	L	L	L	L	L	L	L	L	L	L	L	L	L	L	L	L	L	
265	G	C	G	L	A	A	L	B	B	G	L	L	C	C	C	C	C	L	A	A	A	A	A	A	A	A	A	L	A	B	B	B	B	B	B	B	B	C	C	C	C	C	C	A	A	L	C	A	A	A	A	A	A	B	B	C	C	C	C	C	C	A	A	A	A	B	B	B	B	B	B	C	C	A	A	L	C	A	A	B	B	B	B	C	C	A	A	A	A	B	B	C	C	C	C	A	A	B	B	B	B	C	C	A	A	A	A	B	B	C	C	C	C	A	A	B	B	B	B	C	C	A	A	A	A	B	B	C	C	C	C	A	L	L	C	A	A	B	B	C	C	A	A	B	B	C	C	A	A	B	B	C	C	A	A	B	B	C	C	A	A	B	B	C	C	A	A	B	B	C	C	A	A	B	B	C	C	A	A	B	B	C	C	A	A	B	B	C	C	A	A	B	B	C	C	A	A	B	B	C	C	A	A	B	B	C	C	A	A	B	B	C	C	A	A	B	B	C	C	A	A	B	B	C	C	A	A	B	B	C	C	A	A	B	B	C	C	A	A	B	B	C	C	A	A	B	B	C	C	A	A	B	B	C	C	A	A	B	B	C	C	A	A	B	B	C	L	L	L	L	L	L	L	L	L	L	L	L	L	L	L	L	L	L	L	L	L	L	L	L	L	L	L	L	L	L	L	L	L	L	L	L	L	L	L	L	L	L	L	L	L	L	L	L	L	L	L	L	L	L	L	L	L	L	L	L	L	L	L	L	L	L	L	L	L	L	L	L	L	L	L	L	L	L	L	L	L	L	L	L	L	L	L	L	L	L	L	L	L	L	L	L	L	L	L	L	L	L	L	L	L	L	L	L	
266	G	B	A	L	A	A	L	B	B	B	C	L	C	C	C	C	C	L	A	A	A	A	A	A	A	A	A	L	L	B	B	B	B	B	B	B	C	C	C	C	C	C	A	A	A	L	A	A	A	A	A	A	B	B	C	C	C	C	C	C	A	A	A	A	B	B	B	B	B	B	C	C	A	A	A	L	A	A	B	B	B	B	C	C	A	A	A	A	B	B	C	C	C	C	A	A	B	B	B	B	C	C	A	A	A	A	B	B	C	C	C	C	A	A	B	B	B	B	C	C	A	A	A	A	B	B	C	C	C	C	A	A	G	L	A	A	B	B	C	C	A	A	B	B	C	C	A	A	B	B	C	C	A	A	B	B	C	C	A	A	B	B	C	C	A	A	B	B	C	C	A	A	B	B	C	C	A	A	B	B	C	C	A	A	B	B	C	C	A	A	B	B	C	C	A	A	B	B	C	C	A	A	B	B	C	C	A	A	B	B	C	C	A	A	B	B	C	C	A	A	B	B	C	C	A	A	B	B	C	C	A	A	B	B	C	C	A	A	B	B	C	C	A	A	B	B	C	C	A	A	B	B	C	C	A	A	B	B	C	C	A	A	B	B	C	C	A	L	L	L	L	L	L	L	L	L	L	L	L	L	L	L	L	L	L	L	L	L	L	L	L	L	L	L	L	L	L	L	L	L	L	L	L	L	L	L	L	L	L	L	L	L	L	L	L	L	L	L	L	L	L	L	L	L	L	L	L	L	L	L	L	L	L	L	L	L	L	L	L	L	L	L	L	L	L	L	L	L	L	L	L	L	L	L	L	L	L	L	L	L	L	L	L	L	L	L	L	L	L	L	L	L	L	L	
267	G	C	G	L	A	A	L	B	B	C	C	L	C	C	C	C	C	L	A	A	A	A	A	A	A	A	A	G	L	B	B	B	B	B	B	C	C	C	C	C	C	A	A	A	A	L	A	A	A	A	A	B	B	C	C	C	C	C	C	A	A	A	A	B	B	B	B	B	B	C	C	A	A	A	A	L	A	B	B	B	B	C	C	A	A	A	A	B	B	C	C	C	C	A	A	B	B	B	B	C	C	A	A	A	A	B	B	C	C	C	C	A	A	B	B	B	B	C	C	A	A	A	A	B	B	C	C	C	C	A	A	B	B	L	A	B	B	C	C	A	A	B	B	C	C	A	A	B	B	C	C	A	A	B	B	C	C	A	A	B	B	C	C	A	A	B	B	C	C	A	A	B	B	C	C	A	A	B	B	C	C	A	A	B	B	C	C	A	A	B	B	C	C	A	A	B	B	C	C	A	A	B	B	C	C	A	A	B	B	C	C	A	A	B	B	C	C	A	A	B	B	C	C	A	A	B	B	C	C	A	A	B	B	C	C	A	A	B	B	C	C	A	A	B	B	C	C	A	A	B	B	C	C	A	A	B	B	C	C	A	A	B	B	C	C	A	A	G	L	L	L	L	L	L	L	L	L	L	L	L	L	L	L	L	L	L	L	L	L	L	L	L	L	L	L	L	L	L	L	L	L	L	L	L	L	L	L	L	L	L	L	L	L	L	L	L	L	L	L	L	L	L	L	L	L	L	L	L	L	L	L	L	L	L	L	L	L	L	L	L	L	L	L	L	L	L	L	L	L	L	L	L	L	L	L	L	L	L	L	L	L	L	L	L	L	L	L	L	L	L	L	L	L	L	
268	G	B	A	L	A	A	L	B	C	C	C	L	C	C	C	C	C	L	A	A	A	A	A	A	A	A	B	B	L	B	B	B	B	B	C	C	C	C	C	C	A	A	A	A	A	L	A	A	A	A	B	B	C	C	C	C	C	C	A	A	A	A	B	B	B	B	B	B	C	C	A	A	A	A	A	L	L	B	B	B	C	C	A	A	A	A	B	B	C	C	C	C	A	A	B	B	B	B	C	C	A	A	A	A	B	B	C	C	C	C	A	A	B	B	B	B	C	C	A	A	A	A	B	B	C	C	C	C	A	A	B	B	G	L	L	B	C	C	A	A	B	B	C	C	A	A	B	B	C	C	A	A	B	B	C	C	A	A	B	B	C	C	A	A	B	B	C	C	A	A	B	B	C	C	A	A	B	B	C	C	A	A	B	B	C	C	A	A	B	B	C	C	A	A	B	B	C	C	A	A	B	B	C	C	A	A	B	B	C	C	A	A	B	B	C	C	A	A	B	B	C	C	A	A	B	B	C	C	A	A	B	B	C	C	A	A	B	B	C	C	A	A	B	B	C	C	A	A	B	B	C	C	A	A	B	B	C	C	A	A	B	B	C	C	A	A	B	B	C	L	L	L	L	L	L	L	L	L	L	L	L	L	L	L	L	L	L	L	L	L	L	L	L	L	L	L	L	L	L	L	L	L	L	L	L	L	L	L	L	L	L	L	L	L	L	L	L	L	L	L	L	L	L	L	L	L	L	L	L	L	L	L	L	L	L	L	L	L	L	L	L	L	L	L	L	L	L	L	L	L	L	L	L	L	L	L	L	L	L	L	L	L	L	L	L	L	L	L	L	L	L	L	L	L	
269	G	C	G	L	A	A	L	L	C	C	C	L	C	C	C	C	C	L	A	A	A	A	A	A	A	B	B	G	L	B	B	B	B	C	C	C	C	C	C	A	A	A	A	A	A	L	A	A	A	B	B	C	C	C	C	C	C	A	A	A	A	B	B	B	B	B	B	C	C	A	A	A	A	A	A	G	L	B	B	C	C	A	A	A	A	B	B	C	C	C	C	A	A	B	B	B	B	C	C	A	A	A	A	B	B	C	C	C	C	A	A	B	B	B	B	C	C	A	A	A	A	B	B	C	C	C	C	A	A	B	B	B	B	C	L	L	C	A	A	B	B	C	C	A	A	B	B	C	C	A	A	B	B	C	C	A	A	B	B	C	C	A	A	B	B	C	C	A	A	B	B	C	C	A	A	B	B	C	C	A	A	B	B	C	C	A	A	B	B	C	C	A	A	B	B	C	C	A	A	B	B	C	C	A	A	B	B	C	C	A	A	B	B	C	C	A	A	B	B	C	C	A	A	B	B	C	C	A	A	B	B	C	C	A	A	B	B	C	C	A	A	B	B	C	C	A	A	B	B	C	C	A	A	B	B	C	C	A	A	B	B	C	C	A	A	B	B	C	C	A	L	L	L	L	L	L	L	L	L	L	L	L	L	L	L	L	L	L	L	L	L	L	L	L	L	L	L	L	L	L	L	L	L	L	L	L	L	L	L	L	L	L	L	L	L	L	L	L	L	L	L	L	L	L	L	L	L	L	L	L	L	L	L	L	L	L	L	L	L	L	L	L	L	L	L	L	L	L	L	L	L	L	L	L	L	L	L	L	L	L	L	L	L	L	L	L	L	L	L	L	L	L	L	L	
270	G	B	A	L	A	A	G	L	C	C	C	L	C	C	C	C	C	L	A	A	A	A	A	A	B	B	B	B	L	B	B	B	C	C	C	C	C	C	A	A	A	A	A	A	A	L	A	A	B	B	C	C	C	C	C	C	A	A	A	A	B	B	B	B	B	B	C	C	A	A	A	A	A	A	B	B	L	B	C	C	A	A	A	A	B	B	C	C	C	C	A	A	B	B	B	B	C	C	A	A	A	A	B	B	C	C	C	C	A	A	B	B	B	B	C	C	A	A	A	A	B	B	C	C	C	C	A	A	B	B	B	B	C	C	A	L	A	A	B	B	C	C	A	A	B	B	C	C	A	A	B	B	C	C	A	A	B	B	C	C	A	A	B	B	C	C	A	A	B	B	C	C	A	A	B	B	C	C	A	A	B	B	C	C	A	A	B	B	C	C	A	A	B	B	C	C	A	A	B	B	C	C	A	A	B	B	C	C	A	A	B	B	C	C	A	A	B	B	C	C	A	A	B	B	C	C	A	A	B	B	C	C	A	A	B	B	C	C	A	A	B	B	C	C	A	A	B	B	C	C	A	A	B	B	C	C	A	A	B	B	C	C	A	A	B	B	C	C	A	A	G	L	L	L	L	L	L	L	L	L	L	L	L	L	L	L	L	L	L	L	L	L	L	L	L	L	L	L	L	L	L	L	L	L	L	L	L	L	L	L	L	L	L	L	L	L	L	L	L	L	L	L	L	L	L	L	L	L	L	L	L	L	L	L	L	L	L	L	L	L	L	L	L	L	L	L	L	L	L	L	L	L	L	L	L	L	L	L	L	L	L	L	L	L	L	L	L	L	L	L	L	L	L	L	
271	G	C	G	L	A	B	B	L	C	C	C	L	C	C	C	C	C	L	A	A	A	A	A	B	B	B	B	G	L	B	B	C	C	C	C	C	C	A	A	A	A	A	A	A	A	L	A	B	B	C	C	C	C	C	C	A	A	A	A	B	B	B	B	B	B	C	C	A	A	A	A	A	A	B	B	G	L	L	C	A	A	A	A	B	B	C	C	C	C	A	A	B	B	B	B	C	C	A	A	A	A	B	B	C	C	C	C	A	A	B	B	B	B	C	C	A	A	A	A	B	B	C	C	C	C	A	A	B	B	B	B	C	C	A	A	L	A	B	B	C	C	A	A	B	B	C	C	A	A	B	B	C	C	A	A	B	B	C	C	A	A	B	B	C	C	A	A	B	B	C	C	A	A	B	B	C	C	A	A	B	B	C	C	A	A	B	B	C	C	A	A	B	B	C	C	A	A	B	B	C	C	A	A	B	B	C	C	A	A	B	B	C	C	A	A	B	B	C	C	A	A	B	B	C	C	A	A	B	B	C	C	A	A	B	B	C	C	A	A	B	B	C	C	A	A	B	B	C	C	A	A	B	B	C	C	A	A	B	B	C	C	A	A	B	B	C	C	A	A	B	B	C	L	L	L	L	L	L	L	L	L	L	L	L	L	L	L	L	L	L	L	L	L	L	L	L	L	L	L	L	L	L	L	L	L	L	L	L	L	L	L	L	L	L	L	L	L	L	L	L	L	L	L	L	L	L	L	L	L	L	L	L	L	L	L	L	L	L	L	L	L	L	L	L	L	L	L	L	L	L	L	L	L	L	L	L	L	L	L	L	L	L	L	L	L	L	L	L	L	L	L	L	L	L	
272	G	B	A	L	L	B	G	L	C	C	C	L	C	C	C	C	C	L	A	A	A	A	B	B	B	B	B	B	L	B	C	C	C	C	C	C	A	A	A	A	A	A	A	A	A	L	L	B	C	C	C	C	C	C	A	A	A	A	B	B	B	B	B	B	C	C	A	A	A	A	A	A	B	B	B	B	C	L	A	A	A	A	B	B	C	C	C	C	A	A	B	B	B	B	C	C	A	A	A	A	B	B	C	C	C	C	A	A	B	B	B	B	C	C	A	A	A	A	B	B	C	C	C	C	A	A	B	B	B	B	C	C	A	A	A	L	L	B	C	C	A	A	B	B	C	C	A	A	B	B	C	C	A	A	B	B	C	C	A	A	B	B	C	C	A	A	B	B	C	C	A	A	B	B	C	C	A	A	B	B	C	C	A	A	B	B	C	C	A	A	B	B	C	C	A	A	B	B	C	C	A	A	B	B	C	C	A	A	B	B	C	C	A	A	B	B	C	C	A	A	B	B	C	C	A	A	B	B	C	C	A	A	B	B	C	C	A	A	B	B	C	C	A	A	B	B	C	C	A	A	B	B	C	C	A	A	B	B	C	C	A	A	B	B	C	C	A	A	B	B	C	C	A	L	L	L	L	L	L	L	L	L	L	L	L	L	L	L	L	L	L	L	L	L	L	L	L	L	L	L	L	L	L	L	L	L	L	L	L	L	L	L	L	L	L	L	L	L	L	L	L	L	L	L	L	L	L	L	L	L	L	L	L	L	L	L	L	L	L	L	L	L	L	L	L	L	L	L	L	L	L	L	L	L	L	L	L	L	L	L	L	L	L	L	L	L	L	L	L	L	L	L	L	L	
273	G	C	G	G	L	B	B	L	C	C	C	L	C	C	C	C	C	L	A	A	A	B	B	B	B	B	B	G	L	L	C	C	C	C	C	A	A	A	A	A	A	A	A	A	A	G	L	L	C	C	C	C	C	A	A	A	A	B	B	B	B	B	B	C	C	A	A	A	A	A	A	B	B	B	B	C	C	L	A	A	A	B	B	C	C	C	C	A	A	B	B	B	B	C	C	A	A	A	A	B	B	C	C	C	C	A	A	B	B	B	B	C	C	A	A	A	A	B	B	C	C	C	C	A	A	B	B	B	B	C	C	A	A	A	A	G	L	L	C	A	A	B	B	C	C	A	A	B	B	C	C	A	A	B	B	C	C	A	A	B	B	C	C	A	A	B	B	C	C	A	A	B	B	C	C	A	A	B	B	C	C	A	A	B	B	C	C	A	A	B	B	C	C	A	A	B	B	C	C	A	A	B	B	C	C	A	A	B	B	C	C	A	A	B	B	C	C	A	A	B	B	C	C	A	A	B	B	C	C	A	A	B	B	C	C	A	A	B	B	C	C	A	A	B	B	C	C	A	A	B	B	C	C	A	A	B	B	C	C	A	A	B	B	C	C	A	A	B	B	C	C	A	A	G	L	L	L	L	L	L	L	L	L	L	L	L	L	L	L	L	L	L	L	L	L	L	L	L	L	L	L	L	L	L	L	L	L	L	L	L	L	L	L	L	L	L	L	L	L	L	L	L	L	L	L	L	L	L	L	L	L	L	L	L	L	L	L	L	L	L	L	L	L	L	L	L	L	L	L	L	L	L	L	L	L	L	L	L	L	L	L	L	L	L	L	L	L	L	L	L	L	L	L	L	
274	G	B	A	B	L	B	G	L	C	C	C	L	C	C	C	C	C	L	A	A	B	B	B	B	B	B	B	B	C	L	C	C	C	C	A	A	A	A	A	A	A	A	A	A	B	B	C	L	C	C	C	C	A	A	A	A	B	B	B	B	B	B	C	C	A	A	A	A	A	A	B	B	B	B	C	C	C	L	A	A	B	B	C	C	C	C	A	A	B	B	B	B	C	C	A	A	A	A	B	B	C	C	C	C	A	A	B	B	B	B	C	C	A	A	A	A	B	B	C	C	C	C	A	A	B	B	B	B	C	C	A	A	A	A	B	B	C	L	A	A	B	B	C	C	A	A	B	B	C	C	A	A	B	B	C	C	A	A	B	B	C	C	A	A	B	B	C	C	A	A	B	B	C	C	A	A	B	B	C	C	A	A	B	B	C	C	A	A	B	B	C	C	A	A	B	B	C	C	A	A	B	B	C	C	A	A	B	B	C	C	A	A	B	B	C	C	A	A	B	B	C	C	A	A	B	B	C	C	A	A	B	B	C	C	A	A	B	B	C	C	A	A	B	B	C	C	A	A	B	B	C	C	A	A	B	B	C	C	A	A	B	B	C	C	A	A	B	B	C	C	A	A	B	B	C	L	L	L	L	L	L	L	L	L	L	L	L	L	L	L	L	L	L	L	L	L	L	L	L	L	L	L	L	L	L	L	L	L	L	L	L	L	L	L	L	L	L	L	L	L	L	L	L	L	L	L	L	L	L	L	L	L	L	L	L	L	L	L	L	L	L	L	L	L	L	L	L	L	L	L	L	L	L	L	L	L	L	L	L	L	L	L	L	L	L	L	L	L	L	L	L	L	L	L	
275	G	C	G	G	L	B	B	L	C	C	C	L	C	C	C	C	C	L	A	B	B	B	B	B	B	B	B	C	C	L	C	C	C	A	A	A	A	A	A	A	A	A	A	B	B	C	C	L	C	C	C	A	A	A	A	B	B	B	B	B	B	C	C	A	A	A	A	A	A	B	B	B	B	C	C	C	C	L	A	B	B	C	C	C	C	A	A	B	B	B	B	C	C	A	A	A	A	B	B	C	C	C	C	A	A	B	B	B	B	C	C	A	A	A	A	B	B	C	C	C	C	A	A	B	B	B	B	C	C	A	A	A	A	B	B	C	C	L	A	B	B	C	C	A	A	B	B	C	C	A	A	B	B	C	C	A	A	B	B	C	C	A	A	B	B	C	C	A	A	B	B	C	C	A	A	B	B	C	C	A	A	B	B	C	C	A	A	B	B	C	C	A	A	B	B	C	C	A	A	B	B	C	C	A	A	B	B	C	C	A	A	B	B	C	C	A	A	B	B	C	C	A	A	B	B	C	C	A	A	B	B	C	C	A	A	B	B	C	C	A	A	B	B	C	C	A	A	B	B	C	C	A	A	B	B	C	C	A	A	B	B	C	C	A	A	B	B	C	C	A	A	B	B	C	C	A	L	L	L	L	L	L	L	L	L	L	L	L	L	L	L	L	L	L	L	L	L	L	L	L	L	L	L	L	L	L	L	L	L	L	L	L	L	L	L	L	L	L	L	L	L	L	L	L	L	L	L	L	L	L	L	L	L	L	L	L	L	L	L	L	L	L	L	L	L	L	L	L	L	L	L	L	L	L	L	L	L	L	L	L	L	L	L	L	L	L	L	L	L	L	L	L	L	L	
276	G	B	A	B	L	B	G	L	C	C	C	L	C	C	C	C	C	L	L	B	B	B	B	B	B	B	C	C	C	L	C	C	A	A	A	A	A	A	A	A	A	A	B	B	C	C	C	L	C	C	A	A	A	A	B	B	B	B	B	B	C	C	A	A	A	A	A	A	B	B	B	B	C	C	C	C	C	L	L	B	C	C	C	C	A	A	B	B	B	B	C	C	A	A	A	A	B	B	C	C	C	C	A	A	B	B	B	B	C	C	A	A	A	A	B	B	C	C	C	C	A	A	B	B	B	B	C	C	A	A	A	A	B	B	C	C	C	L	L	B	C	C	A	A	B	B	C	C	A	A	B	B	C	C	A	A	B	B	C	C	A	A	B	B	C	C	A	A	B	B	C	C	A	A	B	B	C	C	A	A	B	B	C	C	A	A	B	B	C	C	A	A	B	B	C	C	A	A	B	B	C	C	A	A	B	B	C	C	A	A	B	B	C	C	A	A	B	B	C	C	A	A	B	B	C	C	A	A	B	B	C	C	A	A	B	B	C	C	A	A	B	B	C	C	A	A	B	B	C	C	A	A	B	B	C	C	A	A	B	B	C	C	A	A	B	B	C	C	A	A	B	B	C	C	A	A	G	L	L	L	L	L	L	L	L	L	L	L	L	L	L	L	L	L	L	L	L	L	L	L	L	L	L	L	L	L	L	L	L	L	L	L	L	L	L	L	L	L	L	L	L	L	L	L	L	L	L	L	L	L	L	L	L	L	L	L	L	L	L	L	L	L	L	L	L	L	L	L	L	L	L	L	L	L	L	L	L	L	L	L	L	L	L	L	L	L	L	L	L	L	L	L	L	L	
277	G	C	G	G	L	B	B	L	C	C	C	L	C	C	C	C	C	A	L	B	B	B	B	B	B	C	C	C	C	L	C	A	A	A	A	A	A	A	A	A	A	B	B	C	C	C	C	L	C	A	A	A	A	B	B	B	B	B	B	C	C	A	A	A	A	A	A	B	B	B	B	C	C	C	C	C	C	A	L	L	C	C	C	A	A	B	B	B	B	C	C	A	A	A	A	B	B	C	C	C	C	A	A	B	B	B	B	C	C	A	A	A	A	B	B	C	C	C	C	A	A	B	B	B	B	C	C	A	A	A	A	B	B	C	C	C	C	A	L	L	C	A	A	B	B	C	C	A	A	B	B	C	C	A	A	B	B	C	C	A	A	B	B	C	C	A	A	B	B	C	C	A	A	B	B	C	C	A	A	B	B	C	C	A	A	B	B	C	C	A	A	B	B	C	C	A	A	B	B	C	C	A	A	B	B	C	C	A	A	B	B	C	C	A	A	B	B	C	C	A	A	B	B	C	C	A	A	B	B	C	C	A	A	B	B	C	C	A	A	B	B	C	C	A	A	B	B	C	C	A	A	B	B	C	C	A	A	B	B	C	C	A	A	B	B	C	C	A	A	B	B	C	C	A	A	B	B	C	L	L	L	L	L	L	L	L	L	L	L	L	L	L	L	L	L	L	L	L	L	L	L	L	L	L	L	L	L	L	L	L	L	L	L	L	L	L	L	L	L	L	L	L	L	L	L	L	L	L	L	L	L	L	L	L	L	L	L	L	L	L	L	L	L	L	L	L	L	L	L	L	L	L	L	L	L	L	L	L	L	L	L	L	L	L	L	L	L	L	L	L	L	L	L	L	
278	G	B	A	B	L	B	G	L	C	C	C	L	C	C	C	C	A	A	L	B	B	B	B	B	C	C	C	C	C	L	A	A	A	A	A	A	A	A	A	A	B	B	C	C	C	C	C	L	A	A	A	A	B	B	B	B	B	B	C	C	A	A	A	A	A	A	B	B	B	B	C	C	C	C	C	C	A	A	G	L	C	C	A	A	B	B	B	B	C	C	A	A	A	A	B	B	C	C	C	C	A	A	B	B	B	B	C	C	A	A	A	A	B	B	C	C	C	C	A	A	B	B	B	B	C	C	A	A	A	A	B	B	C	C	C	C	A	A	G	L	A	A	B	B	C	C	A	A	B	B	C	C	A	A	B	B	C	C	A	A	B	B	C	C	A	A	B	B	C	C	A	A	B	B	C	C	A	A	B	B	C	C	A	A	B	B	C	C	A	A	B	B	C	C	A	A	B	B	C	C	A	A	B	B	C	C	A	A	B	B	C	C	A	A	B	B	C	C	A	A	B	B	C	C	A	A	B	B	C	C	A	A	B	B	C	C	A	A	B	B	C	C	A	A	B	B	C	C	A	A	B	B	C	C	A	A	B	B	C	C	A	A	B	B	C	C	A	A	B	B	C	C	A	A	B	B	C	C	A	L	L	L	L	L	L	L	L	L	L	L	L	L	L	L	L	L	L	L	L	L	L	L	L	L	L	L	L	L	L	L	L	L	L	L	L	L	L	L	L	L	L	L	L	L	L	L	L	L	L	L	L	L	L	L	L	L	L	L	L	L	L	L	L	L	L	L	L	L	L	L	L	L	L	L	L	L	L	L	L	L	L	L	L	L	L	L	L	L	L	L	L	L	L	L	
279	G	C	G	G	L	B	B	L	C	C	C	L	C	C	C	A	A	A	L	B	B	B	B	C	C	C	C	C	C	L	A	A	A	A	A	A	A	A	A	B	B	C	C	C	C	C	C	L	A	A	A	B	B	B	B	B	B	C	C	A	A	A	A	A	A	B	B	B	B	C	C	C	C	C	C	A	A	B	B	L	C	A	A	B	B	B	B	C	C	A	A	A	A	B	B	C	C	C	C	A	A	B	B	B	B	C	C	A	A	A	A	B	B	C	C	C	C	A	A	B	B	B	B	C	C	A	A	A	A	B	B	C	C	C	C	A	A	B	B	L	A	B	B	C	C	A	A	B	B	C	C	A	A	B	B	C	C	A	A	B	B	C	C	A	A	B	B	C	C	A	A	B	B	C	C	A	A	B	B	C	C	A	A	B	B	C	C	A	A	B	B	C	C	A	A	B	B	C	C	A	A	B	B	C	C	A	A	B	B	C	C	A	A	B	B	C	C	A	A	B	B	C	C	A	A	B	B	C	C	A	A	B	B	C	C	A	A	B	B	C	C	A	A	B	B	C	C	A	A	B	B	C	C	A	A	B	B	C	C	A	A	B	B	C	C	A	A	B	B	C	C	A	A	B	B	C	C	A	A	G	L	L	L	L	L	L	L	L	L	L	L	L	L	L	L	L	L	L	L	L	L	L	L	L	L	L	L	L	L	L	L	L	L	L	L	L	L	L	L	L	L	L	L	L	L	L	L	L	L	L	L	L	L	L	L	L	L	L	L	L	L	L	L	L	L	L	L	L	L	L	L	L	L	L	L	L	L	L	L	L	L	L	L	L	L	L	L	L	L	L	L	L	L	L	
280	G	B	A	B	L	B	G	L	C	C	C	L	C	C	A	A	A	A	L	B	B	B	C	C	C	C	C	C	C	L	A	A	A	A	A	A	A	A	B	B	C	C	C	C	C	C	C	L	A	A	B	B	B	B	B	B	C	C	A	A	A	A	A	A	B	B	B	B	C	C	C	C	C	C	A	A	B	B	G	L	A	A	B	B	B	B	C	C	A	A	A	A	B	B	C	C	C	C	A	A	B	B	B	B	C	C	A	A	A	A	B	B	C	C	C	C	A	A	B	B	B	B	C	C	A	A	A	A	B	B	C	C	C	C	A	A	B	B	G	L	L	B	C	C	A	A	B	B	C	C	A	A	B	B	C	C	A	A	B	B	C	C	A	A	B	B	C	C	A	A	B	B	C	C	A	A	B	B	C	C	A	A	B	B	C	C	A	A	B	B	C	C	A	A	B	B	C	C	A	A	B	B	C	C	A	A	B	B	C	C	A	A	B	B	C	C	A	A	B	B	C	C	A	A	B	B	C	C	A	A	B	B	C	C	A	A	B	B	C	C	A	A	B	B	C	C	A	A	B	B	C	C	A	A	B	B	C	C	A	A	B	B	C	C	A	A	B	B	C	C	A	A	B	B	C	C	A	A	B	B	C	L	L	L	L	L	L	L	L	L	L	L	L	L	L	L	L	L	L	L	L	L	L	L	L	L	L	L	L	L	L	L	L	L	L	L	L	L	L	L	L	L	L	L	L	L	L	L	L	L	L	L	L	L	L	L	L	L	L	L	L	L	L	L	L	L	L	L	L	L	L	L	L	L	L	L	L	L	L	L	L	L	L	L	L	L	L	L	L	L	L	L	L	L	
281	G	C	G	G	L	B	B	L	C	C	C	L	C	A	A	A	A	A	L	B	B	C	C	C	C	C	C	C	C	L	A	A	A	A	A	A	A	B	B	C	C	C	C	C	C	C	C	L	A	B	B	B	B	B	B	C	C	A	A	A	A	A	A	B	B	B	B	C	C	C	C	C	C	A	A	B	B	B	B	L	A	B	B	B	B	C	C	A	A	A	A	B	B	C	C	C	C	A	A	B	B	B	B	C	C	A	A	A	A	B	B	C	C	C	C	A	A	B	B	B	B	C	C	A	A	A	A	B	B	C	C	C	C	A	A	B	B	B	B	C	L	L	C	A	A	B	B	C	C	A	A	B	B	C	C	A	A	B	B	C	C	A	A	B	B	C	C	A	A	B	B	C	C	A	A	B	B	C	C	A	A	B	B	C	C	A	A	B	B	C	C	A	A	B	B	C	C	A	A	B	B	C	C	A	A	B	B	C	C	A	A	B	B	C	C	A	A	B	B	C	C	A	A	B	B	C	C	A	A	B	B	C	C	A	A	B	B	C	C	A	A	B	B	C	C	A	A	B	B	C	C	A	A	B	B	C	C	A	A	B	B	C	C	A	A	B	B	C	C	A	A	B	B	C	C	A	A	B	B	C	C	A	L	L	L	L	L	L	L	L	L	L	L	L	L	L	L	L	L	L	L	L	L	L	L	L	L	L	L	L	L	L	L	L	L	L	L	L	L	L	L	L	L	L	L	L	L	L	L	L	L	L	L	L	L	L	L	L	L	L	L	L	L	L	L	L	L	L	L	L	L	L	L	L	L	L	L	L	L	L	L	L	L	L	L	L	L	L	L	L	L	L	L	L	
282	G	B	A	B	L	B	G	L	C	C	C	L	A	A	A	A	A	A	L	B	C	C	C	C	C	C	C	C	C	L	A	A	A	A	A	A	B	B	C	C	C	C	C	C	C	C	C	L	L	B	B	B	B	B	C	C	A	A	A	A	A	A	B	B	B	B	C	C	C	C	C	C	A	A	B	B	B	B	G	L	L	B	B	B	C	C	A	A	A	A	B	B	C	C	C	C	A	A	B	B	B	B	C	C	A	A	A	A	B	B	C	C	C	C	A	A	B	B	B	B	C	C	A	A	A	A	B	B	C	C	C	C	A	A	B	B	B	B	C	C	A	L	A	A	B	B	C	C	A	A	B	B	C	C	A	A	B	B	C	C	A	A	B	B	C	C	A	A	B	B	C	C	A	A	B	B	C	C	A	A	B	B	C	C	A	A	B	B	C	C	A	A	B	B	C	C	A	A	B	B	C	C	A	A	B	B	C	C	A	A	B	B	C	C	A	A	B	B	C	C	A	A	B	B	C	C	A	A	B	B	C	C	A	A	B	B	C	C	A	A	B	B	C	C	A	A	B	B	C	C	A	A	B	B	C	C	A	A	B	B	C	C	A	A	B	B	C	C	A	A	B	B	C	C	A	A	B	B	C	C	A	A	G	L	L	L	L	L	L	L	L	L	L	L	L	L	L	L	L	L	L	L	L	L	L	L	L	L	L	L	L	L	L	L	L	L	L	L	L	L	L	L	L	L	L	L	L	L	L	L	L	L	L	L	L	L	L	L	L	L	L	L	L	L	L	L	L	L	L	L	L	L	L	L	L	L	L	L	L	L	L	L	L	L	L	L	L	L	L	L	L	L	L	L	
283	G	C	G	G	L	B	B	L	C	C	C	L	A	A	A	A	A	A	L	L	C	C	C	C	C	C	C	C	C	L	A	A	A	A	A	B	B	C	C	C	C	C	C	C	C	C	C	A	L	B	B	B	B	C	C	A	A	A	A	A	A	B	B	B	B	C	C	C	C	C	C	A	A	B	B	B	B	B	B	C	L	B	B	C	C	A	A	A	A	B	B	C	C	C	C	A	A	B	B	B	B	C	C	A	A	A	A	B	B	C	C	C	C	A	A	B	B	B	B	C	C	A	A	A	A	B	B	C	C	C	C	A	A	B	B	B	B	C	C	A	A	L	A	B	B	C	C	A	A	B	B	C	C	A	A	B	B	C	C	A	A	B	B	C	C	A	A	B	B	C	C	A	A	B	B	C	C	A	A	B	B	C	C	A	A	B	B	C	C	A	A	B	B	C	C	A	A	B	B	C	C	A	A	B	B	C	C	A	A	B	B	C	C	A	A	B	B	C	C	A	A	B	B	C	C	A	A	B	B	C	C	A	A	B	B	C	C	A	A	B	B	C	C	A	A	B	B	C	C	A	A	B	B	C	C	A	A	B	B	C	C	A	A	B	B	C	C	A	A	B	B	C	C	A	A	B	B	C	C	A	A	B	B	C	L	L	L	L	L	L	L	L	L	L	L	L	L	L	L	L	L	L	L	L	L	L	L	L	L	L	L	L	L	L	L	L	L	L	L	L	L	L	L	L	L	L	L	L	L	L	L	L	L	L	L	L	L	L	L	L	L	L	L	L	L	L	L	L	L	L	L	L	L	L	L	L	L	L	L	L	L	L	L	L	L	L	L	L	L	L	L	L	L	L	
284	G	B	A	B	L	B	G	L	C	C	C	L	A	A	A	A	A	A	G	L	C	C	C	C	C	C	C	C	C	L	A	A	A	A	B	B	C	C	C	C	C	C	C	C	C	C	A	A	L	B	B	B	C	C	A	A	A	A	A	A	B	B	B	B	C	C	C	C	C	C	A	A	B	B	B	B	B	B	C	C	L	B	C	C	A	A	A	A	B	B	C	C	C	C	A	A	B	B	B	B	C	C	A	A	A	A	B	B	C	C	C	C	A	A	B	B	B	B	C	C	A	A	A	A	B	B	C	C	C	C	A	A	B	B	B	B	C	C	A	A	A	L	L	B	C	C	A	A	B	B	C	C	A	A	B	B	C	C	A	A	B	B	C	C	A	A	B	B	C	C	A	A	B	B	C	C	A	A	B	B	C	C	A	A	B	B	C	C	A	A	B	B	C	C	A	A	B	B	C	C	A	A	B	B	C	C	A	A	B	B	C	C	A	A	B	B	C	C	A	A	B	B	C	C	A	A	B	B	C	C	A	A	B	B	C	C	A	A	B	B	C	C	A	A	B	B	C	C	A	A	B	B	C	C	A	A	B	B	C	C	A	A	B	B	C	C	A	A	B	B	C	C	A	A	B	B	C	C	A	A	B	B	C	C	A	L	L	L	L	L	L	L	L	L	L	L	L	L	L	L	L	L	L	L	L	L	L	L	L	L	L	L	L	L	L	L	L	L	L	L	L	L	L	L	L	L	L	L	L	L	L	L	L	L	L	L	L	L	L	L	L	L	L	L	L	L	L	L	L	L	L	L	L	L	L	L	L	L	L	L	L	L	L	L	L	L	L	L	L	L	L	L	L	L	
285	G	C	G	G	L	B	B	L	C	C	C	L	A	A	A	A	A	B	B	L	C	C	C	C	C	C	C	C	C	L	A	A	A	B	B	C	C	C	C	C	C	C	C	C	C	A	A	A	L	B	B	C	C	A	A	A	A	A	A	B	B	B	B	C	C	C	C	C	C	A	A	B	B	B	B	B	B	C	C	C	L	L	C	A	A	A	A	B	B	C	C	C	C	A	A	B	B	B	B	C	C	A	A	A	A	B	B	C	C	C	C	A	A	B	B	B	B	C	C	A	A	A	A	B	B	C	C	C	C	A	A	B	B	B	B	C	C	A	A	A	A	G	L	L	C	A	A	B	B	C	C	A	A	B	B	C	C	A	A	B	B	C	C	A	A	B	B	C	C	A	A	B	B	C	C	A	A	B	B	C	C	A	A	B	B	C	C	A	A	B	B	C	C	A	A	B	B	C	C	A	A	B	B	C	C	A	A	B	B	C	C	A	A	B	B	C	C	A	A	B	B	C	C	A	A	B	B	C	C	A	A	B	B	C	C	A	A	B	B	C	C	A	A	B	B	C	C	A	A	B	B	C	C	A	A	B	B	C	C	A	A	B	B	C	C	A	A	B	B	C	C	A	A	B	B	C	C	A	A	B	B	C	C	A	A	G	L	L	L	L	L	L	L	L	L	L	L	L	L	L	L	L	L	L	L	L	L	L	L	L	L	L	L	L	L	L	L	L	L	L	L	L	L	L	L	L	L	L	L	L	L	L	L	L	L	L	L	L	L	L	L	L	L	L	L	L	L	L	L	L	L	L	L	L	L	L	L	L	L	L	L	L	L	L	L	L	L	L	L	L	L	L	L	L	
286	G	B	A	B	L	B	G	L	C	C	C	L	A	A	A	A	B	B	G	L	C	C	C	C	C	C	C	C	C	L	A	A	B	B	C	C	C	C	C	C	C	C	C	C	A	A	A	A	L	B	C	C	A	A	A	A	A	A	B	B	B	B	C	C	C	C	C	C	A	A	B	B	B	B	B	B	C	C	C	C	A	L	A	A	A	A	B	B	C	C	C	C	A	A	B	B	B	B	C	C	A	A	A	A	B	B	C	C	C	C	A	A	B	B	B	B	C	C	A	A	A	A	B	B	C	C	C	C	A	A	B	B	B	B	C	C	A	A	A	A	B	B	C	L	A	A	B	B	C	C	A	A	B	B	C	C	A	A	B	B	C	C	A	A	B	B	C	C	A	A	B	B	C	C	A	A	B	B	C	C	A	A	B	B	C	C	A	A	B	B	C	C	A	A	B	B	C	C	A	A	B	B	C	C	A	A	B	B	C	C	A	A	B	B	C	C	A	A	B	B	C	C	A	A	B	B	C	C	A	A	B	B	C	C	A	A	B	B	C	C	A	A	B	B	C	C	A	A	B	B	C	C	A	A	B	B	C	C	A	A	B	B	C	C	A	A	B	B	C	C	A	A	B	B	C	C	A	A	B	B	C	C	A	A	B	B	C	L	L	L	L	L	L	L	L	L	L	L	L	L	L	L	L	L	L	L	L	L	L	L	L	L	L	L	L	L	L	L	L	L	L	L	L	L	L	L	L	L	L	L	L	L	L	L	L	L	L	L	L	L	L	L	L	L	L	L	L	L	L	L	L	L	L	L	L	L	L	L	L	L	L	L	L	L	L	L	L	L	L	L	L	L	L	L	
287	G	C	G	G	L	B	B	L	C	C	C	L	A	A	A	B	B	B	B	L	C	C	C	C	C	C	C	C	C	L	A	B	B	C	C	C	C	C	C	C	C	C	C	A	A	A	A	A	L	L	C	A	A	A	A	A	A	B	B	B	B	C	C	C	C	C	C	A	A	B	B	B	B	B	B	C	C	C	C	A	A	L	A	A	A	B	B	C	C	C	C	A	A	B	B	B	B	C	C	A	A	A	A	B	B	C	C	C	C	A	A	B	B	B	B	C	C	A	A	A	A	B	B	C	C	C	C	A	A	B	B	B	B	C	C	A	A	A	A	B	B	C	C	L	A	B	B	C	C	A	A	B	B	C	C	A	A	B	B	C	C	A	A	B	B	C	C	A	A	B	B	C	C	A	A	B	B	C	C	A	A	B	B	C	C	A	A	B	B	C	C	A	A	B	B	C	C	A	A	B	B	C	C	A	A	B	B	C	C	A	A	B	B	C	C	A	A	B	B	C	C	A	A	B	B	C	C	A	A	B	B	C	C	A	A	B	B	C	C	A	A	B	B	C	C	A	A	B	B	C	C	A	A	B	B	C	C	A	A	B	B	C	C	A	A	B	B	C	C	A	A	B	B	C	C	A	A	B	B	C	C	A	A	B	B	C	C	A	L	L	L	L	L	L	L	L	L	L	L	L	L	L	L	L	L	L	L	L	L	L	L	L	L	L	L	L	L	L	L	L	L	L	L	L	L	L	L	L	L	L	L	L	L	L	L	L	L	L	L	L	L	L	L	L	L	L	L	L	L	L	L	L	L	L	L	L	L	L	L	L	L	L	L	L	L	L	L	L	L	L	L	L	L	L	
288	G	B	A	B	L	B	G	L	C	C	C	L	A	A	B	B	B	B	G	L	C	C	C	C	C	C	C	C	C	L	L	B	C	C	C	C	C	C	C	C	C	C	A	A	A	A	A	A	G	L	A	A	A	A	A	A	B	B	B	B	C	C	C	C	C	C	A	A	B	B	B	B	B	B	C	C	C	C	A	A	A	L	A	A	B	B	C	C	C	C	A	A	B	B	B	B	C	C	A	A	A	A	B	B	C	C	C	C	A	A	B	B	B	B	C	C	A	A	A	A	B	B	C	C	C	C	A	A	B	B	B	B	C	C	A	A	A	A	B	B	C	C	C	L	L	B	C	C	A	A	B	B	C	C	A	A	B	B	C	C	A	A	B	B	C	C	A	A	B	B	C	C	A	A	B	B	C	C	A	A	B	B	C	C	A	A	B	B	C	C	A	A	B	B	C	C	A	A	B	B	C	C	A	A	B	B	C	C	A	A	B	B	C	C	A	A	B	B	C	C	A	A	B	B	C	C	A	A	B	B	C	C	A	A	B	B	C	C	A	A	B	B	C	C	A	A	B	B	C	C	A	A	B	B	C	C	A	A	B	B	C	C	A	A	B	B	C	C	A	A	B	B	C	C	A	A	B	B	C	C	A	A	B	B	C	C	A	A	G	L	L	L	L	L	L	L	L	L	L	L	L	L	L	L	L	L	L	L	L	L	L	L	L	L	L	L	L	L	L	L	L	L	L	L	L	L	L	L	L	L	L	L	L	L	L	L	L	L	L	L	L	L	L	L	L	L	L	L	L	L	L	L	L	L	L	L	L	L	L	L	L	L	L	L	L	L	L	L	L	L	L	L	L	L	
289	G	C	G	G	L	B	B	L	C	C	C	L	A	B	B	B	B	B	B	L	C	C	C	C	C	C	C	C	C	A	L	L	C	C	C	C	C	C	C	C	C	A	A	A	A	A	A	B	B	L	A	A	A	A	A	B	B	B	B	C	C	C	C	C	C	A	A	B	B	B	B	B	B	C	C	C	C	A	A	A	A	L	A	B	B	C	C	C	C	A	A	B	B	B	B	C	C	A	A	A	A	B	B	C	C	C	C	A	A	B	B	B	B	C	C	A	A	A	A	B	B	C	C	C	C	A	A	B	B	B	B	C	C	A	A	A	A	B	B	C	C	C	C	A	L	L	C	A	A	B	B	C	C	A	A	B	B	C	C	A	A	B	B	C	C	A	A	B	B	C	C	A	A	B	B	C	C	A	A	B	B	C	C	A	A	B	B	C	C	A	A	B	B	C	C	A	A	B	B	C	C	A	A	B	B	C	C	A	A	B	B	C	C	A	A	B	B	C	C	A	A	B	B	C	C	A	A	B	B	C	C	A	A	B	B	C	C	A	A	B	B	C	C	A	A	B	B	C	C	A	A	B	B	C	C	A	A	B	B	C	C	A	A	B	B	C	C	A	A	B	B	C	C	A	A	B	B	C	C	A	A	B	B	C	C	A	A	B	B	C	L	L	L	L	L	L	L	L	L	L	L	L	L	L	L	L	L	L	L	L	L	L	L	L	L	L	L	L	L	L	L	L	L	L	L	L	L	L	L	L	L	L	L	L	L	L	L	L	L	L	L	L	L	L	L	L	L	L	L	L	L	L	L	L	L	L	L	L	L	L	L	L	L	L	L	L	L	L	L	L	L	L	L	L	
290	G	B	A	B	L	B	G	L	C	C	C	L	L	B	B	B	B	B	G	L	C	C	C	C	C	C	C	C	A	A	G	L	C	C	C	C	C	C	C	C	A	A	A	A	A	A	B	B	G	L	A	A	A	A	B	B	B	B	C	C	C	C	C	C	A	A	B	B	B	B	B	B	C	C	C	C	A	A	A	A	A	L	L	B	C	C	C	C	A	A	B	B	B	B	C	C	A	A	A	A	B	B	C	C	C	C	A	A	B	B	B	B	C	C	A	A	A	A	B	B	C	C	C	C	A	A	B	B	B	B	C	C	A	A	A	A	B	B	C	C	C	C	A	A	G	L	A	A	B	B	C	C	A	A	B	B	C	C	A	A	B	B	C	C	A	A	B	B	C	C	A	A	B	B	C	C	A	A	B	B	C	C	A	A	B	B	C	C	A	A	B	B	C	C	A	A	B	B	C	C	A	A	B	B	C	C	A	A	B	B	C	C	A	A	B	B	C	C	A	A	B	B	C	C	A	A	B	B	C	C	A	A	B	B	C	C	A	A	B	B	C	C	A	A	B	B	C	C	A	A	B	B	C	C	A	A	B	B	C	C	A	A	B	B	C	C	A	A	B	B	C	C	A	A	B	B	C	C	A	A	B	B	C	C	A	A	B	B	C	C	A	L	L	L	L	L	L	L	L	L	L	L	L	L	L	L	L	L	L	L	L	L	L	L	L	L	L	L	L	L	L	L	L	L	L	L	L	L	L	L	L	L	L	L	L	L	L	L	L	L	L	L	L	L	L	L	L	L	L	L	L	L	L	L	L	L	L	L	L	L	L	L	L	L	L	L	L	L	L	L	L	L	L	L	
291	G	C	G	G	L	B	B	L	C	C	C	A	L	B	B	B	B	B	B	L	C	C	C	C	C	C	C	A	A	B	B	L	C	C	C	C	C	C	C	A	A	A	A	A	A	B	B	B	B	L	A	A	A	B	B	B	B	C	C	C	C	C	C	A	A	B	B	B	B	B	B	C	C	C	C	A	A	A	A	A	A	G	L	L	C	C	C	A	A	B	B	B	B	C	C	A	A	A	A	B	B	C	C	C	C	A	A	B	B	B	B	C	C	A	A	A	A	B	B	C	C	C	C	A	A	B	B	B	B	C	C	A	A	A	A	B	B	C	C	C	C	A	A	B	B	L	A	B	B	C	C	A	A	B	B	C	C	A	A	B	B	C	C	A	A	B	B	C	C	A	A	B	B	C	C	A	A	B	B	C	C	A	A	B	B	C	C	A	A	B	B	C	C	A	A	B	B	C	C	A	A	B	B	C	C	A	A	B	B	C	C	A	A	B	B	C	C	A	A	B	B	C	C	A	A	B	B	C	C	A	A	B	B	C	C	A	A	B	B	C	C	A	A	B	B	C	C	A	A	B	B	C	C	A	A	B	B	C	C	A	A	B	B	C	C	A	A	B	B	C	C	A	A	B	B	C	C	A	A	B	B	C	C	A	A	B	B	C	C	A	A	G	L	L	L	L	L	L	L	L	L	L	L	L	L	L	L	L	L	L	L	L	L	L	L	L	L	L	L	L	L	L	L	L	L	L	L	L	L	L	L	L	L	L	L	L	L	L	L	L	L	L	L	L	L	L	L	L	L	L	L	L	L	L	L	L	L	L	L	L	L	L	L	L	L	L	L	L	L	L	L	L	L	L	
292	G	B	A	B	L	B	G	L	C	C	A	A	L	B	B	B	B	B	G	L	C	C	C	C	C	C	A	A	B	B	G	L	C	C	C	C	C	C	A	A	A	A	A	A	B	B	B	B	G	L	A	A	B	B	B	B	C	C	C	C	C	C	A	A	B	B	B	B	B	B	C	C	C	C	A	A	A	A	A	A	B	B	C	L	C	C	A	A	B	B	B	B	C	C	A	A	A	A	B	B	C	C	C	C	A	A	B	B	B	B	C	C	A	A	A	A	B	B	C	C	C	C	A	A	B	B	B	B	C	C	A	A	A	A	B	B	C	C	C	C	A	A	B	B	G	L	L	B	C	C	A	A	B	B	C	C	A	A	B	B	C	C	A	A	B	B	C	C	A	A	B	B	C	C	A	A	B	B	C	C	A	A	B	B	C	C	A	A	B	B	C	C	A	A	B	B	C	C	A	A	B	B	C	C	A	A	B	B	C	C	A	A	B	B	C	C	A	A	B	B	C	C	A	A	B	B	C	C	A	A	B	B	C	C	A	A	B	B	C	C	A	A	B	B	C	C	A	A	B	B	C	C	A	A	B	B	C	C	A	A	B	B	C	C	A	A	B	B	C	C	A	A	B	B	C	C	A	A	B	B	C	C	A	A	B	B	C	C	A	A	B	B	C	L	L	L	L	L	L	L	L	L	L	L	L	L	L	L	L	L	L	L	L	L	L	L	L	L	L	L	L	L	L	L	L	L	L	L	L	L	L	L	L	L	L	L	L	L	L	L	L	L	L	L	L	L	L	L	L	L	L	L	L	L	L	L	L	L	L	L	L	L	L	L	L	L	L	L	L	L	L	L	L	L	
293	G	C	G	G	L	B	B	L	C	A	A	A	L	B	B	B	B	B	B	L	C	C	C	C	C	A	A	B	B	B	B	L	C	C	C	C	C	A	A	A	A	A	A	B	B	B	B	B	B	L	A	B	B	B	B	C	C	C	C	C	C	A	A	B	B	B	B	B	B	C	C	C	C	A	A	A	A	A	A	B	B	C	C	L	C	A	A	B	B	B	B	C	C	A	A	A	A	B	B	C	C	C	C	A	A	B	B	B	B	C	C	A	A	A	A	B	B	C	C	C	C	A	A	B	B	B	B	C	C	A	A	A	A	B	B	C	C	C	C	A	A	B	B	B	B	C	L	L	C	A	A	B	B	C	C	A	A	B	B	C	C	A	A	B	B	C	C	A	A	B	B	C	C	A	A	B	B	C	C	A	A	B	B	C	C	A	A	B	B	C	C	A	A	B	B	C	C	A	A	B	B	C	C	A	A	B	B	C	C	A	A	B	B	C	C	A	A	B	B	C	C	A	A	B	B	C	C	A	A	B	B	C	C	A	A	B	B	C	C	A	A	B	B	C	C	A	A	B	B	C	C	A	A	B	B	C	C	A	A	B	B	C	C	A	A	B	B	C	C	A	A	B	B	C	C	A	A	B	B	C	C	A	A	B	B	C	C	A	A	B	B	C	C	A	L	L	L	L	L	L	L	L	L	L	L	L	L	L	L	L	L	L	L	L	L	L	L	L	L	L	L	L	L	L	L	L	L	L	L	L	L	L	L	L	L	L	L	L	L	L	L	L	L	L	L	L	L	L	L	L	L	L	L	L	L	L	L	L	L	L	L	L	L	L	L	L	L	L	L	L	L	L	L	L	
294	G	B	A	B	L	B	G	L	A	A	A	A	L	B	B	B	B	B	G	L	C	C	C	C	A	A	B	B	B	B	G	L	C	C	C	C	A	A	A	A	A	A	B	B	B	B	B	B	G	L	L	B	B	B	C	C	C	C	C	C	A	A	B	B	B	B	B	B	C	C	C	C	A	A	A	A	A	A	B	B	C	C	C	L	A	A	B	B	B	B	C	C	A	A	A	A	B	B	C	C	C	C	A	A	B	B	B	B	C	C	A	A	A	A	B	B	C	C	C	C	A	A	B	B	B	B	C	C	A	A	A	A	B	B	C	C	C	C	A	A	B	B	B	B	C	C	A	L	A	A	B	B	C	C	A	A	B	B	C	C	A	A	B	B	C	C	A	A	B	B	C	C	A	A	B	B	C	C	A	A	B	B	C	C	A	A	B	B	C	C	A	A	B	B	C	C	A	A	B	B	C	C	A	A	B	B	C	C	A	A	B	B	C	C	A	A	B	B	C	C	A	A	B	B	C	C	A	A	B	B	C	C	A	A	B	B	C	C	A	A	B	B	C	C	A	A	B	B	C	C	A	A	B	B	C	C	A	A	B	B	C	C	A	A	B	B	C	C	A	A	B	B	C	C	A	A	B	B	C	C	A	A	B	B	C	C	A	A	B	B	C	C	A	A	G	L	L	L	L	L	L	L	L	L	L	L	L	L	L	L	L	L	L	L	L	L	L	L	L	L	L	L	L	L	L	L	L	L	L	L	L	L	L	L	L	L	L	L	L	L	L	L	L	L	L	L	L	L	L	L	L	L	L	L	L	L	L	L	L	L	L	L	L	L	L	L	L	L	L	L	L	L	L	L	
295	G	C	G	G	L	B	B	L	A	A	A	A	L	B	B	B	B	B	B	L	C	C	C	A	A	B	B	B	B	B	B	L	C	C	C	A	A	A	A	A	A	B	B	B	B	B	B	B	B	C	L	B	B	C	C	C	C	C	C	A	A	B	B	B	B	B	B	C	C	C	C	A	A	A	A	A	A	B	B	C	C	C	C	L	A	B	B	B	B	C	C	A	A	A	A	B	B	C	C	C	C	A	A	B	B	B	B	C	C	A	A	A	A	B	B	C	C	C	C	A	A	B	B	B	B	C	C	A	A	A	A	B	B	C	C	C	C	A	A	B	B	B	B	C	C	A	A	L	A	B	B	C	C	A	A	B	B	C	C	A	A	B	B	C	C	A	A	B	B	C	C	A	A	B	B	C	C	A	A	B	B	C	C	A	A	B	B	C	C	A	A	B	B	C	C	A	A	B	B	C	C	A	A	B	B	C	C	A	A	B	B	C	C	A	A	B	B	C	C	A	A	B	B	C	C	A	A	B	B	C	C	A	A	B	B	C	C	A	A	B	B	C	C	A	A	B	B	C	C	A	A	B	B	C	C	A	A	B	B	C	C	A	A	B	B	C	C	A	A	B	B	C	C	A	A	B	B	C	C	A	A	B	B	C	C	A	A	B	B	C	C	A	A	B	B	C	L	L	L	L	L	L	L	L	L	L	L	L	L	L	L	L	L	L	L	L	L	L	L	L	L	L	L	L	L	L	L	L	L	L	L	L	L	L	L	L	L	L	L	L	L	L	L	L	L	L	L	L	L	L	L	L	L	L	L	L	L	L	L	L	L	L	L	L	L	L	L	L	L	L	L	L	L	L	
296	G	B	A	B	L	B	G	L	A	A	A	A	L	B	B	B	B	B	G	L	C	C	A	A	B	B	B	B	B	B	G	L	C	C	A	A	A	A	A	A	B	B	B	B	B	B	B	B	C	C	L	B	C	C	C	C	C	C	A	A	B	B	B	B	B	B	C	C	C	C	A	A	A	A	A	A	B	B	C	C	C	C	C	L	L	B	B	B	C	C	A	A	A	A	B	B	C	C	C	C	A	A	B	B	B	B	C	C	A	A	A	A	B	B	C	C	C	C	A	A	B	B	B	B	C	C	A	A	A	A	B	B	C	C	C	C	A	A	B	B	B	B	C	C	A	A	A	L	L	B	C	C	A	A	B	B	C	C	A	A	B	B	C	C	A	A	B	B	C	C	A	A	B	B	C	C	A	A	B	B	C	C	A	A	B	B	C	C	A	A	B	B	C	C	A	A	B	B	C	C	A	A	B	B	C	C	A	A	B	B	C	C	A	A	B	B	C	C	A	A	B	B	C	C	A	A	B	B	C	C	A	A	B	B	C	C	A	A	B	B	C	C	A	A	B	B	C	C	A	A	B	B	C	C	A	A	B	B	C	C	A	A	B	B	C	C	A	A	B	B	C	C	A	A	B	B	C	C	A	A	B	B	C	C	A	A	B	B	C	C	A	A	B	B	C	C	A	L	L	L	L	L	L	L	L	L	L	L	L	L	L	L	L	L	L	L	L	L	L	L	L	L	L	L	L	L	L	L	L	L	L	L	L	L	L	L	L	L	L	L	L	L	L	L	L	L	L	L	L	L	L	L	L	L	L	L	L	L	L	L	L	L	L	L	L	L	L	L	L	L	L	L	L	L	
297	G	C	G	G	L	B	B	L	A	A	A	A	L	B	B	B	B	B	B	L	C	A	A	B	B	B	B	B	B	B	B	L	C	A	A	A	A	A	A	B	B	B	B	B	B	B	B	C	C	C	L	L	C	C	C	C	C	A	A	B	B	B	B	B	B	C	C	C	C	A	A	A	A	A	A	B	B	C	C	C	C	C	C	A	L	B	B	C	C	A	A	A	A	B	B	C	C	C	C	A	A	B	B	B	B	C	C	A	A	A	A	B	B	C	C	C	C	A	A	B	B	B	B	C	C	A	A	A	A	B	B	C	C	C	C	A	A	B	B	B	B	C	C	A	A	A	A	G	L	L	C	A	A	B	B	C	C	A	A	B	B	C	C	A	A	B	B	C	C	A	A	B	B	C	C	A	A	B	B	C	C	A	A	B	B	C	C	A	A	B	B	C	C	A	A	B	B	C	C	A	A	B	B	C	C	A	A	B	B	C	C	A	A	B	B	C	C	A	A	B	B	C	C	A	A	B	B	C	C	A	A	B	B	C	C	A	A	B	B	C	C	A	A	B	B	C	C	A	A	B	B	C	C	A	A	B	B	C	C	A	A	B	B	C	C	A	A	B	B	C	C	A	A	B	B	C	C	A	A	B	B	C	C	A	A	B	B	C	C	A	A	B	B	C	C	A	A	G	L	L	L	L	L	L	L	L	L	L	L	L	L	L	L	L	L	L	L	L	L	L	L	L	L	L	L	L	L	L	L	L	L	L	L	L	L	L	L	L	L	L	L	L	L	L	L	L	L	L	L	L	L	L	L	L	L	L	L	L	L	L	L	L	L	L	L	L	L	L	L	L	L	L	L	L	
298	G	B	A	B	L	B	G	L	A	A	A	A	L	B	B	B	B	B	G	L	A	A	B	B	B	B	B	B	B	B	G	L	A	A	A	A	A	A	B	B	B	B	B	B	B	B	C	C	C	C	A	L	C	C	C	C	A	A	B	B	B	B	B	B	C	C	C	C	A	A	A	A	A	A	B	B	C	C	C	C	C	C	A	A	L	B	C	C	A	A	A	A	B	B	C	C	C	C	A	A	B	B	B	B	C	C	A	A	A	A	B	B	C	C	C	C	A	A	B	B	B	B	C	C	A	A	A	A	B	B	C	C	C	C	A	A	B	B	B	B	C	C	A	A	A	A	B	B	C	L	A	A	B	B	C	C	A	A	B	B	C	C	A	A	B	B	C	C	A	A	B	B	C	C	A	A	B	B	C	C	A	A	B	B	C	C	A	A	B	B	C	C	A	A	B	B	C	C	A	A	B	B	C	C	A	A	B	B	C	C	A	A	B	B	C	C	A	A	B	B	C	C	A	A	B	B	C	C	A	A	B	B	C	C	A	A	B	B	C	C	A	A	B	B	C	C	A	A	B	B	C	C	A	A	B	B	C	C	A	A	B	B	C	C	A	A	B	B	C	C	A	A	B	B	C	C	A	A	B	B	C	C	A	A	B	B	C	C	A	A	B	B	C	C	A	A	B	B	C	L	L	L	L	L	L	L	L	L	L	L	L	L	L	L	L	L	L	L	L	L	L	L	L	L	L	L	L	L	L	L	L	L	L	L	L	L	L	L	L	L	L	L	L	L	L	L	L	L	L	L	L	L	L	L	L	L	L	L	L	L	L	L	L	L	L	L	L	L	L	L	L	L	L	L	
299	G	C	G	G	L	B	B	L	A	A	A	A	L	B	B	B	B	B	B	L	A	B	B	B	B	B	B	B	B	B	B	L	A	A	A	A	A	B	B	B	B	B	B	B	B	C	C	C	C	A	A	L	C	C	C	A	A	B	B	B	B	B	B	C	C	C	C	A	A	A	A	A	A	B	B	C	C	C	C	C	C	A	A	A	L	L	C	A	A	A	A	B	B	C	C	C	C	A	A	B	B	B	B	C	C	A	A	A	A	B	B	C	C	C	C	A	A	B	B	B	B	C	C	A	A	A	A	B	B	C	C	C	C	A	A	B	B	B	B	C	C	A	A	A	A	B	B	C	C	L	A	B	B	C	C	A	A	B	B	C	C	A	A	B	B	C	C	A	A	B	B	C	C	A	A	B	B	C	C	A	A	B	B	C	C	A	A	B	B	C	C	A	A	B	B	C	C	A	A	B	B	C	C	A	A	B	B	C	C	A	A	B	B	C	C	A	A	B	B	C	C	A	A	B	B	C	C	A	A	B	B	C	C	A	A	B	B	C	C	A	A	B	B	C	C	A	A	B	B	C	C	A	A	B	B	C	C	A	A	B	B	C	C	A	A	B	B	C	C	A	A	B	B	C	C	A	A	B	B	C	C	A	A	B	B	C	C	A	A	B	B	C	C	A	A	B	B	C	C	A	L	L	L	L	L	L	L	L	L	L	L	L	L	L	L	L	L	L	L	L	L	L	L	L	L	L	L	L	L	L	L	L	L	L	L	L	L	L	L	L	L	L	L	L	L	L	L	L	L	L	L	L	L	L	L	L	L	L	L	L	L	L	L	L	L	L	L	L	L	L	L	L	L	L	
300	G	B	A	B	L	B	G	L	A	A	A	A	L	B	B	B	B	B	G	L	L	B	B	B	B	B	B	B	B	B	G	L	A	A	A	A	B	B	B	B	B	B	B	B	C	C	C	C	A	A	A	L	C	C	A	A	B	B	B	B	B	B	C	C	C	C	A	A	A	A	A	A	B	B	C	C	C	C	C	C	A	A	A	A	G	L	A	A	A	A	B	B	C	C	C	C	A	A	B	B	B	B	C	C	A	A	A	A	B	B	C	C	C	C	A	A	B	B	B	B	C	C	A	A	A	A	B	B	C	C	C	C	A	A	B	B	B	B	C	C	A	A	A	A	B	B	C	C	C	L	L	B	C	C	A	A	B	B	C	C	A	A	B	B	C	C	A	A	B	B	C	C	A	A	B	B	C	C	A	A	B	B	C	C	A	A	B	B	C	C	A	A	B	B	C	C	A	A	B	B	C	C	A	A	B	B	C	C	A	A	B	B	C	C	A	A	B	B	C	C	A	A	B	B	C	C	A	A	B	B	C	C	A	A	B	B	C	C	A	A	B	B	C	C	A	A	B	B	C	C	A	A	B	B	C	C	A	A	B	B	C	C	A	A	B	B	C	C	A	A	B	B	C	C	A	A	B	B	C	C	A	A	B	B	C	C	A	A	B	B	C	C	A	A	B	B	C	C	A	A	G	L	L	L	L	L	L	L	L	L	L	L	L	L	L	L	L	L	L	L	L	L	L	L	L	L	L	L	L	L	L	L	L	L	L	L	L	L	L	L	L	L	L	L	L	L	L	L	L	L	L	L	L	L	L	L	L	L	L	L	L	L	L	L	L	L	L	L	L	L	L	L	L	L	
301	G	C	G	G	L	B	B	L	A	A	A	A	L	B	B	B	B	B	B	C	L	B	B	B	B	B	B	B	B	B	B	L	A	A	A	B	B	B	B	B	B	B	B	C	C	C	C	A	A	A	A	L	C	A	A	B	B	B	B	B	B	C	C	C	C	A	A	A	A	A	A	B	B	C	C	C	C	C	C	A	A	A	A	B	B	L	A	A	A	B	B	C	C	C	C	A	A	B	B	B	B	C	C	A	A	A	A	B	B	C	C	C	C	A	A	B	B	B	B	C	C	A	A	A	A	B	B	C	C	C	C	A	A	B	B	B	B	C	C	A	A	A	A	B	B	C	C	C	C	A	L	L	C	A	A	B	B	C	C	A	A	B	B	C	C	A	A	B	B	C	C	A	A	B	B	C	C	A	A	B	B	C	C	A	A	B	B	C	C	A	A	B	B	C	C	A	A	B	B	C	C	A	A	B	B	C	C	A	A	B	B	C	C	A	A	B	B	C	C	A	A	B	B	C	C	A	A	B	B	C	C	A	A	B	B	C	C	A	A	B	B	C	C	A	A	B	B	C	C	A	A	B	B	C	C	A	A	B	B	C	C	A	A	B	B	C	C	A	A	B	B	C	C	A	A	B	B	C	C	A	A	B	B	C	C	A	A	B	B	C	C	A	A	B	B	C	C	A	A	B	B	C	L	L	L	L	L	L	L	L	L	L	L	L	L	L	L	L	L	L	L	L	L	L	L	L	L	L	L	L	L	L	L	L	L	L	L	L	L	L	L	L	L	L	L	L	L	L	L	L	L	L	L	L	L	L	L	L	L	L	L	L	L	L	L	L	L	L	L	L	L	L	L	L	
302	G	B	A	B	L	B	G	L	A	A	A	A	L	B	B	B	B	B	C	C	L	B	B	B	B	B	B	B	B	B	G	L	A	A	B	B	B	B	B	B	B	B	C	C	C	C	A	A	A	A	A	L	A	A	B	B	B	B	B	B	C	C	C	C	A	A	A	A	A	A	B	B	C	C	C	C	C	C	A	A	A	A	B	B	G	L	A	A	B	B	C	C	C	C	A	A	B	B	B	B	C	C	A	A	A	A	B	B	C	C	C	C	A	A	B	B	B	B	C	C	A	A	A	A	B	B	C	C	C	C	A	A	B	B	B	B	C	C	A	A	A	A	B	B	C	C	C	C	A	A	G	L	A	A	B	B	C	C	A	A	B	B	C	C	A	A	B	B	C	C	A	A	B	B	C	C	A	A	B	B	C	C	A	A	B	B	C	C	A	A	B	B	C	C	A	A	B	B	C	C	A	A	B	B	C	C	A	A	B	B	C	C	A	A	B	B	C	C	A	A	B	B	C	C	A	A	B	B	C	C	A	A	B	B	C	C	A	A	B	B	C	C	A	A	B	B	C	C	A	A	B	B	C	C	A	A	B	B	C	C	A	A	B	B	C	C	A	A	B	B	C	C	A	A	B	B	C	C	A	A	B	B	C	C	A	A	B	B	C	C	A	A	B	B	C	C	A	A	B	B	C	C	A	L	L	L	L	L	L	L	L	L	L	L	L	L	L	L	L	L	L	L	L	L	L	L	L	L	L	L	L	L	L	L	L	L	L	L	L	L	L	L	L	L	L	L	L	L	L	L	L	L	L	L	L	L	L	L	L	L	L	L	L	L	L	L	L	L	L	L	L	L	L	L	
303	G	C	G	G	L	B	B	L	A	A	A	A	L	B	B	B	B	C	C	C	L	B	B	B	B	B	B	B	B	B	B	L	A	B	B	B	B	B	B	B	B	C	C	C	C	A	A	A	A	A	A	L	A	B	B	B	B	B	B	C	C	C	C	A	A	A	A	A	A	B	B	C	C	C	C	C	C	A	A	A	A	B	B	B	B	L	A	B	B	C	C	C	C	A	A	B	B	B	B	C	C	A	A	A	A	B	B	C	C	C	C	A	A	B	B	B	B	C	C	A	A	A	A	B	B	C	C	C	C	A	A	B	B	B	B	C	C	A	A	A	A	B	B	C	C	C	C	A	A	B	B	L	A	B	B	C	C	A	A	B	B	C	C	A	A	B	B	C	C	A	A	B	B	C	C	A	A	B	B	C	C	A	A	B	B	C	C	A	A	B	B	C	C	A	A	B	B	C	C	A	A	B	B	C	C	A	A	B	B	C	C	A	A	B	B	C	C	A	A	B	B	C	C	A	A	B	B	C	C	A	A	B	B	C	C	A	A	B	B	C	C	A	A	B	B	C	C	A	A	B	B	C	C	A	A	B	B	C	C	A	A	B	B	C	C	A	A	B	B	C	C	A	A	B	B	C	C	A	A	B	B	C	C	A	A	B	B	C	C	A	A	B	B	C	C	A	A	B	B	C	C	A	A	G	L	L	L	L	L	L	L	L	L	L	L	L	L	L	L	L	L	L	L	L	L	L	L	L	L	L	L	L	L	L	L	L	L	L	L	L	L	L	L	L	L	L	L	L	L	L	L	L	L	L	L	L	L	L	L	L	L	L	L	L	L	L	L	L	L	L	L	L	L	L	
304	G	B	A	B	L	B	G	L	A	A	A	A	L	B	B	B	C	C	C	C	L	B	B	B	B	B	B	B	B	B	G	L	L	B	B	B	B	B	B	B	C	C	C	C	A	A	A	A	A	A	A	L	L	B	B	B	B	B	C	C	C	C	A	A	A	A	A	A	B	B	C	C	C	C	C	C	A	A	A	A	B	B	B	B	G	L	L	B	C	C	C	C	A	A	B	B	B	B	C	C	A	A	A	A	B	B	C	C	C	C	A	A	B	B	B	B	C	C	A	A	A	A	B	B	C	C	C	C	A	A	B	B	B	B	C	C	A	A	A	A	B	B	C	C	C	C	A	A	B	B	G	L	L	B	C	C	A	A	B	B	C	C	A	A	B	B	C	C	A	A	B	B	C	C	A	A	B	B	C	C	A	A	B	B	C	C	A	A	B	B	C	C	A	A	B	B	C	C	A	A	B	B	C	C	A	A	B	B	C	C	A	A	B	B	C	C	A	A	B	B	C	C	A	A	B	B	C	C	A	A	B	B	C	C	A	A	B	B	C	C	A	A	B	B	C	C	A	A	B	B	C	C	A	A	B	B	C	C	A	A	B	B	C	C	A	A	B	B	C	C	A	A	B	B	C	C	A	A	B	B	C	C	A	A	B	B	C	C	A	A	B	B	C	C	A	A	B	B	C	C	A	A	B	B	C	L	L	L	L	L	L	L	L	L	L	L	L	L	L	L	L	L	L	L	L	L	L	L	L	L	L	L	L	L	L	L	L	L	L	L	L	L	L	L	L	L	L	L	L	L	L	L	L	L	L	L	L	L	L	L	L	L	L	L	L	L	L	L	L	L	L	L	L	L	
305	G	C	G	G	L	B	B	L	A	A	A	A	L	B	B	C	C	C	C	C	L	B	B	B	B	B	B	B	B	B	B	C	L	B	B	B	B	B	B	C	C	C	C	A	A	A	A	A	A	A	A	G	L	B	B	B	B	C	C	C	C	A	A	A	A	A	A	B	B	C	C	C	C	C	C	A	A	A	A	B	B	B	B	B	B	C	L	L	C	C	C	A	A	B	B	B	B	C	C	A	A	A	A	B	B	C	C	C	C	A	A	B	B	B	B	C	C	A	A	A	A	B	B	C	C	C	C	A	A	B	B	B	B	C	C	A	A	A	A	B	B	C	C	C	C	A	A	B	B	B	B	C	L	L	C	A	A	B	B	C	C	A	A	B	B	C	C	A	A	B	B	C	C	A	A	B	B	C	C	A	A	B	B	C	C	A	A	B	B	C	C	A	A	B	B	C	C	A	A	B	B	C	C	A	A	B	B	C	C	A	A	B	B	C	C	A	A	B	B	C	C	A	A	B	B	C	C	A	A	B	B	C	C	A	A	B	B	C	C	A	A	B	B	C	C	A	A	B	B	C	C	A	A	B	B	C	C	A	A	B	B	C	C	A	A	B	B	C	C	A	A	B	B	C	C	A	A	B	B	C	C	A	A	B	B	C	C	A	A	B	B	C	C	A	A	B	B	C	C	A	A	B	B	C	C	A	L	L	L	L	L	L	L	L	L	L	L	L	L	L	L	L	L	L	L	L	L	L	L	L	L	L	L	L	L	L	L	L	L	L	L	L	L	L	L	L	L	L	L	L	L	L	L	L	L	L	L	L	L	L	L	L	L	L	L	L	L	L	L	L	L	L	L	L	
306	G	B	A	B	L	B	G	L	A	A	A	A	L	B	C	C	C	C	C	C	L	B	B	B	B	B	B	B	B	B	C	C	L	B	B	B	B	B	C	C	C	C	A	A	A	A	A	A	A	A	B	B	L	B	B	B	C	C	C	C	A	A	A	A	A	A	B	B	C	C	C	C	C	C	A	A	A	A	B	B	B	B	B	B	C	C	A	L	C	C	A	A	B	B	B	B	C	C	A	A	A	A	B	B	C	C	C	C	A	A	B	B	B	B	C	C	A	A	A	A	B	B	C	C	C	C	A	A	B	B	B	B	C	C	A	A	A	A	B	B	C	C	C	C	A	A	B	B	B	B	C	C	A	L	A	A	B	B	C	C	A	A	B	B	C	C	A	A	B	B	C	C	A	A	B	B	C	C	A	A	B	B	C	C	A	A	B	B	C	C	A	A	B	B	C	C	A	A	B	B	C	C	A	A	B	B	C	C	A	A	B	B	C	C	A	A	B	B	C	C	A	A	B	B	C	C	A	A	B	B	C	C	A	A	B	B	C	C	A	A	B	B	C	C	A	A	B	B	C	C	A	A	B	B	C	C	A	A	B	B	C	C	A	A	B	B	C	C	A	A	B	B	C	C	A	A	B	B	C	C	A	A	B	B	C	C	A	A	B	B	C	C	A	A	B	B	C	C	A	A	B	B	C	C	A	A	G	L	L	L	L	L	L	L	L	L	L	L	L	L	L	L	L	L	L	L	L	L	L	L	L	L	L	L	L	L	L	L	L	L	L	L	L	L	L	L	L	L	L	L	L	L	L	L	L	L	L	L	L	L	L	L	L	L	L	L	L	L	L	L	L	L	L	L	
307	G	C	G	G	L	B	B	L	A	A	A	A	L	L	C	C	C	C	C	C	L	B	B	B	B	B	B	B	B	C	C	C	L	B	B	B	B	C	C	C	C	A	A	A	A	A	A	A	A	B	B	G	L	B	B	C	C	C	C	A	A	A	A	A	A	B	B	C	C	C	C	C	C	A	A	A	A	B	B	B	B	B	B	C	C	A	A	L	C	A	A	B	B	B	B	C	C	A	A	A	A	B	B	C	C	C	C	A	A	B	B	B	B	C	C	A	A	A	A	B	B	C	C	C	C	A	A	B	B	B	B	C	C	A	A	A	A	B	B	C	C	C	C	A	A	B	B	B	B	C	C	A	A	L	A	B	B	C	C	A	A	B	B	C	C	A	A	B	B	C	C	A	A	B	B	C	C	A	A	B	B	C	C	A	A	B	B	C	C	A	A	B	B	C	C	A	A	B	B	C	C	A	A	B	B	C	C	A	A	B	B	C	C	A	A	B	B	C	C	A	A	B	B	C	C	A	A	B	B	C	C	A	A	B	B	C	C	A	A	B	B	C	C	A	A	B	B	C	C	A	A	B	B	C	C	A	A	B	B	C	C	A	A	B	B	C	C	A	A	B	B	C	C	A	A	B	B	C	C	A	A	B	B	C	C	A	A	B	B	C	C	A	A	B	B	C	C	A	A	B	B	C	C	A	A	B	B	C	L	L	L	L	L	L	L	L	L	L	L	L	L	L	L	L	L	L	L	L	L	L	L	L	L	L	L	L	L	L	L	L	L	L	L	L	L	L	L	L	L	L	L	L	L	L	L	L	L	L	L	L	L	L	L	L	L	L	L	L	L	L	L	L	L	L	
308	G	B	A	B	L	B	G	L	A	A	A	A	G	L	C	C	C	C	C	C	L	B	B	B	B	B	B	B	C	C	C	C	L	B	B	B	C	C	C	C	A	A	A	A	A	A	A	A	B	B	B	B	L	B	C	C	C	C	A	A	A	A	A	A	B	B	C	C	C	C	C	C	A	A	A	A	B	B	B	B	B	B	C	C	A	A	A	L	A	A	B	B	B	B	C	C	A	A	A	A	B	B	C	C	C	C	A	A	B	B	B	B	C	C	A	A	A	A	B	B	C	C	C	C	A	A	B	B	B	B	C	C	A	A	A	A	B	B	C	C	C	C	A	A	B	B	B	B	C	C	A	A	A	L	L	B	C	C	A	A	B	B	C	C	A	A	B	B	C	C	A	A	B	B	C	C	A	A	B	B	C	C	A	A	B	B	C	C	A	A	B	B	C	C	A	A	B	B	C	C	A	A	B	B	C	C	A	A	B	B	C	C	A	A	B	B	C	C	A	A	B	B	C	C	A	A	B	B	C	C	A	A	B	B	C	C	A	A	B	B	C	C	A	A	B	B	C	C	A	A	B	B	C	C	A	A	B	B	C	C	A	A	B	B	C	C	A	A	B	B	C	C	A	A	B	B	C	C	A	A	B	B	C	C	A	A	B	B	C	C	A	A	B	B	C	C	A	A	B	B	C	C	A	A	B	B	C	C	A	L	L	L	L	L	L	L	L	L	L	L	L	L	L	L	L	L	L	L	L	L	L	L	L	L	L	L	L	L	L	L	L	L	L	L	L	L	L	L	L	L	L	L	L	L	L	L	L	L	L	L	L	L	L	L	L	L	L	L	L	L	L	L	L	L	
309	G	C	G	G	L	B	B	L	A	A	A	B	B	L	C	C	C	C	C	C	L	B	B	B	B	B	B	C	C	C	C	C	L	B	B	C	C	C	C	A	A	A	A	A	A	A	A	B	B	B	B	G	L	L	C	C	C	A	A	A	A	A	A	B	B	C	C	C	C	C	C	A	A	A	A	B	B	B	B	B	B	C	C	A	A	A	A	L	A	B	B	B	B	C	C	A	A	A	A	B	B	C	C	C	C	A	A	B	B	B	B	C	C	A	A	A	A	B	B	C	C	C	C	A	A	B	B	B	B	C	C	A	A	A	A	B	B	C	C	C	C	A	A	B	B	B	B	C	C	A	A	A	A	G	L	L	C	A	A	B	B	C	C	A	A	B	B	C	C	A	A	B	B	C	C	A	A	B	B	C	C	A	A	B	B	C	C	A	A	B	B	C	C	A	A	B	B	C	C	A	A	B	B	C	C	A	A	B	B	C	C	A	A	B	B	C	C	A	A	B	B	C	C	A	A	B	B	C	C	A	A	B	B	C	C	A	A	B	B	C	C	A	A	B	B	C	C	A	A	B	B	C	C	A	A	B	B	C	C	A	A	B	B	C	C	A	A	B	B	C	C	A	A	B	B	C	C	A	A	B	B	C	C	A	A	B	B	C	C	A	A	B	B	C	C	A	A	B	B	C	C	A	A	B	B	C	C	A	A	G	L	L	L	L	L	L	L	L	L	L	L	L	L	L	L	L	L	L	L	L	L	L	L	L	L	L	L	L	L	L	L	L	L	L	L	L	L	L	L	L	L	L	L	L	L	L	L	L	L	L	L	L	L	L	L	L	L	L	L	L	L	L	L	L	
310	G	B	A	B	L	B	G	L	A	A	B	B	G	L	C	C	C	C	C	C	L	B	B	B	B	B	C	C	C	C	C	C	L	B	C	C	C	C	A	A	A	A	A	A	A	A	B	B	B	B	B	B	C	L	C	C	A	A	A	A	A	A	B	B	C	C	C	C	C	C	A	A	A	A	B	B	B	B	B	B	C	C	A	A	A	A	A	L	L	B	B	B	C	C	A	A	A	A	B	B	C	C	C	C	A	A	B	B	B	B	C	C	A	A	A	A	B	B	C	C	C	C	A	A	B	B	B	B	C	C	A	A	A	A	B	B	C	C	C	C	A	A	B	B	B	B	C	C	A	A	A	A	B	B	C	L	A	A	B	B	C	C	A	A	B	B	C	C	A	A	B	B	C	C	A	A	B	B	C	C	A	A	B	B	C	C	A	A	B	B	C	C	A	A	B	B	C	C	A	A	B	B	C	C	A	A	B	B	C	C	A	A	B	B	C	C	A	A	B	B	C	C	A	A	B	B	C	C	A	A	B	B	C	C	A	A	B	B	C	C	A	A	B	B	C	C	A	A	B	B	C	C	A	A	B	B	C	C	A	A	B	B	C	C	A	A	B	B	C	C	A	A	B	B	C	C	A	A	B	B	C	C	A	A	B	B	C	C	A	A	B	B	C	C	A	A	B	B	C	C	A	A	B	B	C	C	A	A	B	B	C	L	L	L	L	L	L	L	L	L	L	L	L	L	L	L	L	L	L	L	L	L	L	L	L	L	L	L	L	L	L	L	L	L	L	L	L	L	L	L	L	L	L	L	L	L	L	L	L	L	L	L	L	L	L	L	L	L	L	L	L	L	L	L	
311	G	C	G	G	L	B	B	L	A	B	B	B	B	L	C	C	C	C	C	C	L	B	B	B	B	C	C	C	C	C	C	C	L	L	C	C	C	A	A	A	A	A	A	A	A	B	B	B	B	B	B	C	C	L	C	A	A	A	A	A	A	B	B	C	C	C	C	C	C	A	A	A	A	B	B	B	B	B	B	C	C	A	A	A	A	A	A	G	L	B	B	C	C	A	A	A	A	B	B	C	C	C	C	A	A	B	B	B	B	C	C	A	A	A	A	B	B	C	C	C	C	A	A	B	B	B	B	C	C	A	A	A	A	B	B	C	C	C	C	A	A	B	B	B	B	C	C	A	A	A	A	B	B	C	C	L	A	B	B	C	C	A	A	B	B	C	C	A	A	B	B	C	C	A	A	B	B	C	C	A	A	B	B	C	C	A	A	B	B	C	C	A	A	B	B	C	C	A	A	B	B	C	C	A	A	B	B	C	C	A	A	B	B	C	C	A	A	B	B	C	C	A	A	B	B	C	C	A	A	B	B	C	C	A	A	B	B	C	C	A	A	B	B	C	C	A	A	B	B	C	C	A	A	B	B	C	C	A	A	B	B	C	C	A	A	B	B	C	C	A	A	B	B	C	C	A	A	B	B	C	C	A	A	B	B	C	C	A	A	B	B	C	C	A	A	B	B	C	C	A	A	B	B	C	C	A	A	B	B	C	C	A	L	L	L	L	L	L	L	L	L	L	L	L	L	L	L	L	L	L	L	L	L	L	L	L	L	L	L	L	L	L	L	L	L	L	L	L	L	L	L	L	L	L	L	L	L	L	L	L	L	L	L	L	L	L	L	L	L	L	L	L	L	L	
312	G	B	A	B	L	B	G	L	L	B	B	B	G	L	C	C	C	C	C	C	L	B	B	B	C	C	C	C	C	C	C	C	A	L	C	C	A	A	A	A	A	A	A	A	B	B	B	B	B	B	C	C	C	L	A	A	A	A	A	A	B	B	C	C	C	C	C	C	A	A	A	A	B	B	B	B	B	B	C	C	A	A	A	A	A	A	B	B	L	B	C	C	A	A	A	A	B	B	C	C	C	C	A	A	B	B	B	B	C	C	A	A	A	A	B	B	C	C	C	C	A	A	B	B	B	B	C	C	A	A	A	A	B	B	C	C	C	C	A	A	B	B	B	B	C	C	A	A	A	A	B	B	C	C	C	L	L	B	C	C	A	A	B	B	C	C	A	A	B	B	C	C	A	A	B	B	C	C	A	A	B	B	C	C	A	A	B	B	C	C	A	A	B	B	C	C	A	A	B	B	C	C	A	A	B	B	C	C	A	A	B	B	C	C	A	A	B	B	C	C	A	A	B	B	C	C	A	A	B	B	C	C	A	A	B	B	C	C	A	A	B	B	C	C	A	A	B	B	C	C	A	A	B	B	C	C	A	A	B	B	C	C	A	A	B	B	C	C	A	A	B	B	C	C	A	A	B	B	C	C	A	A	B	B	C	C	A	A	B	B	C	C	A	A	B	B	C	C	A	A	B	B	C	C	A	A	B	B	C	C	A	A	G	L	L	L	L	L	L	L	L	L	L	L	L	L	L	L	L	L	L	L	L	L	L	L	L	L	L	L	L	L	L	L	L	L	L	L	L	L	L	L	L	L	L	L	L	L	L	L	L	L	L	L	L	L	L	L	L	L	L	L	L	L	
313	G	C	G	G	L	B	B	C	L	B	B	B	B	L	C	C	C	C	C	C	L	B	B	C	C	C	C	C	C	C	C	A	A	L	C	A	A	A	A	A	A	A	A	B	B	B	B	B	B	C	C	C	C	L	A	A	A	A	A	B	B	C	C	C	C	C	C	A	A	A	A	B	B	B	B	B	B	C	C	A	A	A	A	A	A	B	B	G	L	L	C	A	A	A	A	B	B	C	C	C	C	A	A	B	B	B	B	C	C	A	A	A	A	B	B	C	C	C	C	A	A	B	B	B	B	C	C	A	A	A	A	B	B	C	C	C	C	A	A	B	B	B	B	C	C	A	A	A	A	B	B	C	C	C	C	A	L	L	C	A	A	B	B	C	C	A	A	B	B	C	C	A	A	B	B	C	C	A	A	B	B	C	C	A	A	B	B	C	C	A	A	B	B	C	C	A	A	B	B	C	C	A	A	B	B	C	C	A	A	B	B	C	C	A	A	B	B	C	C	A	A	B	B	C	C	A	A	B	B	C	C	A	A	B	B	C	C	A	A	B	B	C	C	A	A	B	B	C	C	A	A	B	B	C	C	A	A	B	B	C	C	A	A	B	B	C	C	A	A	B	B	C	C	A	A	B	B	C	C	A	A	B	B	C	C	A	A	B	B	C	C	A	A	B	B	C	C	A	A	B	B	C	C	A	A	B	B	C	C	A	A	B	B	C	L	L	L	L	L	L	L	L	L	L	L	L	L	L	L	L	L	L	L	L	L	L	L	L	L	L	L	L	L	L	L	L	L	L	L	L	L	L	L	L	L	L	L	L	L	L	L	L	L	L	L	L	L	L	L	L	L	L	L	L	
314	G	B	A	B	L	B	C	C	L	B	B	B	G	L	C	C	C	C	C	C	L	B	C	C	C	C	C	C	C	C	A	A	A	L	A	A	A	A	A	A	A	A	B	B	B	B	B	B	C	C	C	C	C	L	A	A	A	A	B	B	C	C	C	C	C	C	A	A	A	A	B	B	B	B	B	B	C	C	A	A	A	A	A	A	B	B	B	B	C	L	A	A	A	A	B	B	C	C	C	C	A	A	B	B	B	B	C	C	A	A	A	A	B	B	C	C	C	C	A	A	B	B	B	B	C	C	A	A	A	A	B	B	C	C	C	C	A	A	B	B	B	B	C	C	A	A	A	A	B	B	C	C	C	C	A	A	G	L	A	A	B	B	C	C	A	A	B	B	C	C	A	A	B	B	C	C	A	A	B	B	C	C	A	A	B	B	C	C	A	A	B	B	C	C	A	A	B	B	C	C	A	A	B	B	C	C	A	A	B	B	C	C	A	A	B	B	C	C	A	A	B	B	C	C	A	A	B	B	C	C	A	A	B	B	C	C	A	A	B	B	C	C	A	A	B	B	C	C	A	A	B	B	C	C	A	A	B	B	C	C	A	A	B	B	C	C	A	A	B	B	C	C	A	A	B	B	C	C	A	A	B	B	C	C	A	A	B	B	C	C	A	A	B	B	C	C	A	A	B	B	C	C	A	A	B	B	C	C	A	A	B	B	C	C	A	L	L	L	L	L	L	L	L	L	L	L	L	L	L	L	L	L	L	L	L	L	L	L	L	L	L	L	L	L	L	L	L	L	L	L	L	L	L	L	L	L	L	L	L	L	L	L	L	L	L	L	L	L	L	L	L	L	L	L	
315	G	C	G	G	L	L	C	C	L	B	B	B	B	L	C	C	C	C	C	C	L	L	C	C	C	C	C	C	C	A	A	A	A	L	A	A	A	A	A	A	A	B	B	B	B	B	B	C	C	C	C	C	C	L	A	A	A	B	B	C	C	C	C	C	C	A	A	A	A	B	B	B	B	B	B	C	C	A	A	A	A	A	A	B	B	B	B	C	C	L	A	A	A	B	B	C	C	C	C	A	A	B	B	B	B	C	C	A	A	A	A	B	B	C	C	C	C	A	A	B	B	B	B	C	C	A	A	A	A	B	B	C	C	C	C	A	A	B	B	B	B	C	C	A	A	A	A	B	B	C	C	C	C	A	A	B	B	L	A	B	B	C	C	A	A	B	B	C	C	A	A	B	B	C	C	A	A	B	B	C	C	A	A	B	B	C	C	A	A	B	B	C	C	A	A	B	B	C	C	A	A	B	B	C	C	A	A	B	B	C	C	A	A	B	B	C	C	A	A	B	B	C	C	A	A	B	B	C	C	A	A	B	B	C	C	A	A	B	B	C	C	A	A	B	B	C	C	A	A	B	B	C	C	A	A	B	B	C	C	A	A	B	B	C	C	A	A	B	B	C	C	A	A	B	B	C	C	A	A	B	B	C	C	A	A	B	B	C	C	A	A	B	B	C	C	A	A	B	B	C	C	A	A	B	B	C	C	A	A	B	B	C	C	A	A	G	L	L	L	L	L	L	L	L	L	L	L	L	L	L	L	L	L	L	L	L	L	L	L	L	L	L	L	L	L	L	L	L	L	L	L	L	L	L	L	L	L	L	L	L	L	L	L	L	L	L	L	L	L	L	L	L	L	L	
316	G	B	A	B	C	L	C	C	L	B	B	B	G	L	C	C	C	C	C	C	A	L	C	C	C	C	C	C	A	A	A	A	A	L	A	A	A	A	A	A	B	B	B	B	B	B	C	C	C	C	C	C	C	L	A	A	B	B	C	C	C	C	C	C	A	A	A	A	B	B	B	B	B	B	C	C	A	A	A	A	A	A	B	B	B	B	C	C	C	L	A	A	B	B	C	C	C	C	A	A	B	B	B	B	C	C	A	A	A	A	B	B	C	C	C	C	A	A	B	B	B	B	C	C	A	A	A	A	B	B	C	C	C	C	A	A	B	B	B	B	C	C	A	A	A	A	B	B	C	C	C	C	A	A	B	B	G	L	L	B	C	C	A	A	B	B	C	C	A	A	B	B	C	C	A	A	B	B	C	C	A	A	B	B	C	C	A	A	B	B	C	C	A	A	B	B	C	C	A	A	B	B	C	C	A	A	B	B	C	C	A	A	B	B	C	C	A	A	B	B	C	C	A	A	B	B	C	C	A	A	B	B	C	C	A	A	B	B	C	C	A	A	B	B	C	C	A	A	B	B	C	C	A	A	B	B	C	C	A	A	B	B	C	C	A	A	B	B	C	C	A	A	B	B	C	C	A	A	B	B	C	C	A	A	B	B	C	C	A	A	B	B	C	C	A	A	B	B	C	C	A	A	B	B	C	C	A	A	B	B	C	C	A	A	B	B	C	L	L	L	L	L	L	L	L	L	L	L	L	L	L	L	L	L	L	L	L	L	L	L	L	L	L	L	L	L	L	L	L	L	L	L	L	L	L	L	L	L	L	L	L	L	L	L	L	L	L	L	L	L	L	L	L	L	
317	G	C	G	L	C	L	C	C	L	B	B	B	B	L	C	C	C	C	C	A	A	L	C	C	C	C	C	A	A	A	A	A	A	L	A	A	A	A	A	B	B	B	B	B	B	C	C	C	C	C	C	C	C	L	A	B	B	C	C	C	C	C	C	A	A	A	A	B	B	B	B	B	B	C	C	A	A	A	A	A	A	B	B	B	B	C	C	C	C	L	A	B	B	C	C	C	C	A	A	B	B	B	B	C	C	A	A	A	A	B	B	C	C	C	C	A	A	B	B	B	B	C	C	A	A	A	A	B	B	C	C	C	C	A	A	B	B	B	B	C	C	A	A	A	A	B	B	C	C	C	C	A	A	B	B	B	B	C	L	L	C	A	A	B	B	C	C	A	A	B	B	C	C	A	A	B	B	C	C	A	A	B	B	C	C	A	A	B	B	C	C	A	A	B	B	C	C	A	A	B	B	C	C	A	A	B	B	C	C	A	A	B	B	C	C	A	A	B	B	C	C	A	A	B	B	C	C	A	A	B	B	C	C	A	A	B	B	C	C	A	A	B	B	C	C	A	A	B	B	C	C	A	A	B	B	C	C	A	A	B	B	C	C	A	A	B	B	C	C	A	A	B	B	C	C	A	A	B	B	C	C	A	A	B	B	C	C	A	A	B	B	C	C	A	A	B	B	C	C	A	A	B	B	C	C	A	A	B	B	C	C	A	A	B	B	C	C	A	L	L	L	L	L	L	L	L	L	L	L	L	L	L	L	L	L	L	L	L	L	L	L	L	L	L	L	L	L	L	L	L	L	L	L	L	L	L	L	L	L	L	L	L	L	L	L	L	L	L	L	L	L	L	L	L	
318	G	B	A	L	C	L	C	C	L	B	B	B	G	L	C	C	C	C	A	A	A	L	C	C	C	C	A	A	A	A	A	A	A	L	A	A	A	A	B	B	B	B	B	B	C	C	C	C	C	C	C	C	C	L	L	B	C	C	C	C	C	C	A	A	A	A	B	B	B	B	B	B	C	C	A	A	A	A	A	A	B	B	B	B	C	C	C	C	C	L	L	B	C	C	C	C	A	A	B	B	B	B	C	C	A	A	A	A	B	B	C	C	C	C	A	A	B	B	B	B	C	C	A	A	A	A	B	B	C	C	C	C	A	A	B	B	B	B	C	C	A	A	A	A	B	B	C	C	C	C	A	A	B	B	B	B	C	C	A	L	A	A	B	B	C	C	A	A	B	B	C	C	A	A	B	B	C	C	A	A	B	B	C	C	A	A	B	B	C	C	A	A	B	B	C	C	A	A	B	B	C	C	A	A	B	B	C	C	A	A	B	B	C	C	A	A	B	B	C	C	A	A	B	B	C	C	A	A	B	B	C	C	A	A	B	B	C	C	A	A	B	B	C	C	A	A	B	B	C	C	A	A	B	B	C	C	A	A	B	B	C	C	A	A	B	B	C	C	A	A	B	B	C	C	A	A	B	B	C	C	A	A	B	B	C	C	A	A	B	B	C	C	A	A	B	B	C	C	A	A	B	B	C	C	A	A	B	B	C	C	A	A	B	B	C	C	A	A	G	L	L	L	L	L	L	L	L	L	L	L	L	L	L	L	L	L	L	L	L	L	L	L	L	L	L	L	L	L	L	L	L	L	L	L	L	L	L	L	L	L	L	L	L	L	L	L	L	L	L	L	L	L	L	L	
319	G	C	G	L	C	L	C	C	L	B	B	B	B	L	C	C	C	A	A	A	A	L	C	C	C	A	A	A	A	A	A	A	A	L	A	A	A	B	B	B	B	B	B	C	C	C	C	C	C	C	C	C	C	A	L	L	C	C	C	C	C	A	A	A	A	B	B	B	B	B	B	C	C	A	A	A	A	A	A	B	B	B	B	C	C	C	C	C	C	A	L	L	C	C	C	A	A	B	B	B	B	C	C	A	A	A	A	B	B	C	C	C	C	A	A	B	B	B	B	C	C	A	A	A	A	B	B	C	C	C	C	A	A	B	B	B	B	C	C	A	A	A	A	B	B	C	C	C	C	A	A	B	B	B	B	C	C	A	A	L	A	B	B	C	C	A	A	B	B	C	C	A	A	B	B	C	C	A	A	B	B	C	C	A	A	B	B	C	C	A	A	B	B	C	C	A	A	B	B	C	C	A	A	B	B	C	C	A	A	B	B	C	C	A	A	B	B	C	C	A	A	B	B	C	C	A	A	B	B	C	C	A	A	B	B	C	C	A	A	B	B	C	C	A	A	B	B	C	C	A	A	B	B	C	C	A	A	B	B	C	C	A	A	B	B	C	C	A	A	B	B	C	C	A	A	B	B	C	C	A	A	B	B	C	C	A	A	B	B	C	C	A	A	B	B	C	C	A	A	B	B	C	C	A	A	B	B	C	C	A	A	B	B	C	C	A	A	B	B	C	L	L	L	L	L	L	L	L	L	L	L	L	L	L	L	L	L	L	L	L	L	L	L	L	L	L	L	L	L	L	L	L	L	L	L	L	L	L	L	L	L	L	L	L	L	L	L	L	L	L	L	L	L	L	
320	G	B	A	L	C	L	C	C	L	B	B	B	G	L	C	C	A	A	A	A	A	L	C	C	A	A	A	A	A	A	A	A	A	L	A	A	B	B	B	B	B	B	C	C	C	C	C	C	C	C	C	C	A	A	G	L	C	C	C	C	A	A	A	A	B	B	B	B	B	B	C	C	A	A	A	A	A	A	B	B	B	B	C	C	C	C	C	C	A	A	G	L	C	C	A	A	B	B	B	B	C	C	A	A	A	A	B	B	C	C	C	C	A	A	B	B	B	B	C	C	A	A	A	A	B	B	C	C	C	C	A	A	B	B	B	B	C	C	A	A	A	A	B	B	C	C	C	C	A	A	B	B	B	B	C	C	A	A	A	L	L	B	C	C	A	A	B	B	C	C	A	A	B	B	C	C	A	A	B	B	C	C	A	A	B	B	C	C	A	A	B	B	C	C	A	A	B	B	C	C	A	A	B	B	C	C	A	A	B	B	C	C	A	A	B	B	C	C	A	A	B	B	C	C	A	A	B	B	C	C	A	A	B	B	C	C	A	A	B	B	C	C	A	A	B	B	C	C	A	A	B	B	C	C	A	A	B	B	C	C	A	A	B	B	C	C	A	A	B	B	C	C	A	A	B	B	C	C	A	A	B	B	C	C	A	A	B	B	C	C	A	A	B	B	C	C	A	A	B	B	C	C	A	A	B	B	C	C	A	A	B	B	C	C	A	A	B	B	C	C	A	L	L	L	L	L	L	L	L	L	L	L	L	L	L	L	L	L	L	L	L	L	L	L	L	L	L	L	L	L	L	L	L	L	L	L	L	L	L	L	L	L	L	L	L	L	L	L	L	L	L	L	L	L	
321	G	C	G	L	C	L	C	C	L	B	B	B	B	L	C	A	A	A	A	A	A	L	C	A	A	A	A	A	A	A	A	A	A	L	A	B	B	B	B	B	B	C	C	C	C	C	C	C	C	C	C	A	A	B	B	L	C	C	C	A	A	A	A	B	B	B	B	B	B	C	C	A	A	A	A	A	A	B	B	B	B	C	C	C	C	C	C	A	A	B	B	L	C	A	A	B	B	B	B	C	C	A	A	A	A	B	B	C	C	C	C	A	A	B	B	B	B	C	C	A	A	A	A	B	B	C	C	C	C	A	A	B	B	B	B	C	C	A	A	A	A	B	B	C	C	C	C	A	A	B	B	B	B	C	C	A	A	A	A	G	L	L	C	A	A	B	B	C	C	A	A	B	B	C	C	A	A	B	B	C	C	A	A	B	B	C	C	A	A	B	B	C	C	A	A	B	B	C	C	A	A	B	B	C	C	A	A	B	B	C	C	A	A	B	B	C	C	A	A	B	B	C	C	A	A	B	B	C	C	A	A	B	B	C	C	A	A	B	B	C	C	A	A	B	B	C	C	A	A	B	B	C	C	A	A	B	B	C	C	A	A	B	B	C	C	A	A	B	B	C	C	A	A	B	B	C	C	A	A	B	B	C	C	A	A	B	B	C	C	A	A	B	B	C	C	A	A	B	B	C	C	A	A	B	B	C	C	A	A	B	B	C	C	A	A	B	B	C	C	A	A	G	L	L	L	L	L	L	L	L	L	L	L	L	L	L	L	L	L	L	L	L	L	L	L	L	L	L	L	L	L	L	L	L	L	L	L	L	L	L	L	L	L	L	L	L	L	L	L	L	L	L	L	L	
322	G	B	A	L	C	L	C	C	L	B	B	B	G	L	A	A	A	A	A	A	A	L	A	A	A	A	A	A	A	A	A	A	A	L	L	B	B	B	B	B	C	C	C	C	C	C	C	C	C	C	A	A	B	B	G	L	C	C	A	A	A	A	B	B	B	B	B	B	C	C	A	A	A	A	A	A	B	B	B	B	C	C	C	C	C	C	A	A	B	B	G	L	A	A	B	B	B	B	C	C	A	A	A	A	B	B	C	C	C	C	A	A	B	B	B	B	C	C	A	A	A	A	B	B	C	C	C	C	A	A	B	B	B	B	C	C	A	A	A	A	B	B	C	C	C	C	A	A	B	B	B	B	C	C	A	A	A	A	B	B	C	L	A	A	B	B	C	C	A	A	B	B	C	C	A	A	B	B	C	C	A	A	B	B	C	C	A	A	B	B	C	C	A	A	B	B	C	C	A	A	B	B	C	C	A	A	B	B	C	C	A	A	B	B	C	C	A	A	B	B	C	C	A	A	B	B	C	C	A	A	B	B	C	C	A	A	B	B	C	C	A	A	B	B	C	C	A	A	B	B	C	C	A	A	B	B	C	C	A	A	B	B	C	C	A	A	B	B	C	C	A	A	B	B	C	C	A	A	B	B	C	C	A	A	B	B	C	C	A	A	B	B	C	C	A	A	B	B	C	C	A	A	B	B	C	C	A	A	B	B	C	C	A	A	B	B	C	C	A	A	B	B	C	L	L	L	L	L	L	L	L	L	L	L	L	L	L	L	L	L	L	L	L	L	L	L	L	L	L	L	L	L	L	L	L	L	L	L	L	L	L	L	L	L	L	L	L	L	L	L	L	L	L	L	
323	G	C	G	L	C	L	C	C	L	B	B	B	B	L	A	A	A	A	A	A	A	L	A	A	A	A	A	A	A	A	A	A	A	G	L	B	B	B	B	C	C	C	C	C	C	C	C	C	C	A	A	B	B	B	B	L	C	A	A	A	A	B	B	B	B	B	B	C	C	A	A	A	A	A	A	B	B	B	B	C	C	C	C	C	C	A	A	B	B	B	B	L	A	B	B	B	B	C	C	A	A	A	A	B	B	C	C	C	C	A	A	B	B	B	B	C	C	A	A	A	A	B	B	C	C	C	C	A	A	B	B	B	B	C	C	A	A	A	A	B	B	C	C	C	C	A	A	B	B	B	B	C	C	A	A	A	A	B	B	C	C	L	A	B	B	C	C	A	A	B	B	C	C	A	A	B	B	C	C	A	A	B	B	C	C	A	A	B	B	C	C	A	A	B	B	C	C	A	A	B	B	C	C	A	A	B	B	C	C	A	A	B	B	C	C	A	A	B	B	C	C	A	A	B	B	C	C	A	A	B	B	C	C	A	A	B	B	C	C	A	A	B	B	C	C	A	A	B	B	C	C	A	A	B	B	C	C	A	A	B	B	C	C	A	A	B	B	C	C	A	A	B	B	C	C	A	A	B	B	C	C	A	A	B	B	C	C	A	A	B	B	C	C	A	A	B	B	C	C	A	A	B	B	C	C	A	A	B	B	C	C	A	A	B	B	C	C	A	A	B	B	C	C	A	L	L	L	L	L	L	L	L	L	L	L	L	L	L	L	L	L	L	L	L	L	L	L	L	L	L	L	L	L	L	L	L	L	L	L	L	L	L	L	L	L	L	L	L	L	L	L	L	L	L	
324	G	B	A	L	C	L	C	C	L	B	B	B	G	L	A	A	A	A	A	A	A	L	A	A	A	A	A	A	A	A	A	A	B	B	L	B	B	B	C	C	C	C	C	C	C	C	C	C	A	A	B	B	B	B	G	L	A	A	A	A	B	B	B	B	B	B	C	C	A	A	A	A	A	A	B	B	B	B	C	C	C	C	C	C	A	A	B	B	B	B	G	L	L	B	B	B	C	C	A	A	A	A	B	B	C	C	C	C	A	A	B	B	B	B	C	C	A	A	A	A	B	B	C	C	C	C	A	A	B	B	B	B	C	C	A	A	A	A	B	B	C	C	C	C	A	A	B	B	B	B	C	C	A	A	A	A	B	B	C	C	C	L	L	B	C	C	A	A	B	B	C	C	A	A	B	B	C	C	A	A	B	B	C	C	A	A	B	B	C	C	A	A	B	B	C	C	A	A	B	B	C	C	A	A	B	B	C	C	A	A	B	B	C	C	A	A	B	B	C	C	A	A	B	B	C	C	A	A	B	B	C	C	A	A	B	B	C	C	A	A	B	B	C	C	A	A	B	B	C	C	A	A	B	B	C	C	A	A	B	B	C	C	A	A	B	B	C	C	A	A	B	B	C	C	A	A	B	B	C	C	A	A	B	B	C	C	A	A	B	B	C	C	A	A	B	B	C	C	A	A	B	B	C	C	A	A	B	B	C	C	A	A	B	B	C	C	A	A	B	B	C	C	A	A	G	L	L	L	L	L	L	L	L	L	L	L	L	L	L	L	L	L	L	L	L	L	L	L	L	L	L	L	L	L	L	L	L	L	L	L	L	L	L	L	L	L	L	L	L	L	L	L	L	L	
325	G	C	G	L	C	L	C	C	L	B	B	B	B	L	A	A	A	A	A	A	A	L	A	A	A	A	A	A	A	A	A	B	B	G	L	B	B	C	C	C	C	C	C	C	C	C	C	A	A	B	B	B	B	B	B	L	A	A	A	B	B	B	B	B	B	C	C	A	A	A	A	A	A	B	B	B	B	C	C	C	C	C	C	A	A	B	B	B	B	B	B	C	L	B	B	C	C	A	A	A	A	B	B	C	C	C	C	A	A	B	B	B	B	C	C	A	A	A	A	B	B	C	C	C	C	A	A	B	B	B	B	C	C	A	A	A	A	B	B	C	C	C	C	A	A	B	B	B	B	C	C	A	A	A	A	B	B	C	C	C	C	A	L	L	C	A	A	B	B	C	C	A	A	B	B	C	C	A	A	B	B	C	C	A	A	B	B	C	C	A	A	B	B	C	C	A	A	B	B	C	C	A	A	B	B	C	C	A	A	B	B	C	C	A	A	B	B	C	C	A	A	B	B	C	C	A	A	B	B	C	C	A	A	B	B	C	C	A	A	B	B	C	C	A	A	B	B	C	C	A	A	B	B	C	C	A	A	B	B	C	C	A	A	B	B	C	C	A	A	B	B	C	C	A	A	B	B	C	C	A	A	B	B	C	C	A	A	B	B	C	C	A	A	B	B	C	C	A	A	B	B	C	C	A	A	B	B	C	C	A	A	B	B	C	C	A	A	B	B	C	C	A	A	B	B	C	L	L	L	L	L	L	L	L	L	L	L	L	L	L	L	L	L	L	L	L	L	L	L	L	L	L	L	L	L	L	L	L	L	L	L	L	L	L	L	L	L	L	L	L	L	L	L	L	
326	G	B	A	L	C	L	C	C	L	B	B	B	G	L	A	A	A	A	A	A	A	L	A	A	A	A	A	A	A	A	B	B	B	B	L	B	C	C	C	C	C	C	C	C	C	C	A	A	B	B	B	B	B	B	G	L	A	A	B	B	B	B	B	B	C	C	A	A	A	A	A	A	B	B	B	B	C	C	C	C	C	C	A	A	B	B	B	B	B	B	C	C	L	B	C	C	A	A	A	A	B	B	C	C	C	C	A	A	B	B	B	B	C	C	A	A	A	A	B	B	C	C	C	C	A	A	B	B	B	B	C	C	A	A	A	A	B	B	C	C	C	C	A	A	B	B	B	B	C	C	A	A	A	A	B	B	C	C	C	C	A	A	G	L	A	A	B	B	C	C	A	A	B	B	C	C	A	A	B	B	C	C	A	A	B	B	C	C	A	A	B	B	C	C	A	A	B	B	C	C	A	A	B	B	C	C	A	A	B	B	C	C	A	A	B	B	C	C	A	A	B	B	C	C	A	A	B	B	C	C	A	A	B	B	C	C	A	A	B	B	C	C	A	A	B	B	C	C	A	A	B	B	C	C	A	A	B	B	C	C	A	A	B	B	C	C	A	A	B	B	C	C	A	A	B	B	C	C	A	A	B	B	C	C	A	A	B	B	C	C	A	A	B	B	C	C	A	A	B	B	C	C	A	A	B	B	C	C	A	A	B	B	C	C	A	A	B	B	C	C	A	A	B	B	C	C	A	L	L	L	L	L	L	L	L	L	L	L	L	L	L	L	L	L	L	L	L	L	L	L	L	L	L	L	L	L	L	L	L	L	L	L	L	L	L	L	L	L	L	L	L	L	L	L	
327	G	C	G	L	C	L	C	C	L	B	B	B	B	L	A	A	A	A	A	A	A	L	A	A	A	A	A	A	A	B	B	B	B	G	L	L	C	C	C	C	C	C	C	C	C	A	A	B	B	B	B	B	B	B	B	L	A	B	B	B	B	B	B	C	C	A	A	A	A	A	A	B	B	B	B	C	C	C	C	C	C	A	A	B	B	B	B	B	B	C	C	C	L	L	C	A	A	A	A	B	B	C	C	C	C	A	A	B	B	B	B	C	C	A	A	A	A	B	B	C	C	C	C	A	A	B	B	B	B	C	C	A	A	A	A	B	B	C	C	C	C	A	A	B	B	B	B	C	C	A	A	A	A	B	B	C	C	C	C	A	A	B	B	L	A	B	B	C	C	A	A	B	B	C	C	A	A	B	B	C	C	A	A	B	B	C	C	A	A	B	B	C	C	A	A	B	B	C	C	A	A	B	B	C	C	A	A	B	B	C	C	A	A	B	B	C	C	A	A	B	B	C	C	A	A	B	B	C	C	A	A	B	B	C	C	A	A	B	B	C	C	A	A	B	B	C	C	A	A	B	B	C	C	A	A	B	B	C	C	A	A	B	B	C	C	A	A	B	B	C	C	A	A	B	B	C	C	A	A	B	B	C	C	A	A	B	B	C	C	A	A	B	B	C	C	A	A	B	B	C	C	A	A	B	B	C	C	A	A	B	B	C	C	A	A	B	B	C	C	A	A	B	B	C	C	A	A	G	L	L	L	L	L	L	L	L	L	L	L	L	L	L	L	L	L	L	L	L	L	L	L	L	L	L	L	L	L	L	L	L	L	L	L	L	L	L	L	L	L	L	L	L	L	L	
328	G	B	A	L	C	L	C	C	L	B	B	B	G	L	A	A	A	A	A	A	A	L	A	A	A	A	A	A	B	B	B	B	B	B	C	L	C	C	C	C	C	C	C	C	A	A	B	B	B	B	B	B	B	B	G	L	L	B	B	B	B	B	C	C	A	A	A	A	A	A	B	B	B	B	C	C	C	C	C	C	A	A	B	B	B	B	B	B	C	C	C	C	A	L	A	A	A	A	B	B	C	C	C	C	A	A	B	B	B	B	C	C	A	A	A	A	B	B	C	C	C	C	A	A	B	B	B	B	C	C	A	A	A	A	B	B	C	C	C	C	A	A	B	B	B	B	C	C	A	A	A	A	B	B	C	C	C	C	A	A	B	B	G	L	L	B	C	C	A	A	B	B	C	C	A	A	B	B	C	C	A	A	B	B	C	C	A	A	B	B	C	C	A	A	B	B	C	C	A	A	B	B	C	C	A	A	B	B	C	C	A	A	B	B	C	C	A	A	B	B	C	C	A	A	B	B	C	C	A	A	B	B	C	C	A	A	B	B	C	C	A	A	B	B	C	C	A	A	B	B	C	C	A	A	B	B	C	C	A	A	B	B	C	C	A	A	B	B	C	C	A	A	B	B	C	C	A	A	B	B	C	C	A	A	B	B	C	C	A	A	B	B	C	C	A	A	B	B	C	C	A	A	B	B	C	C	A	A	B	B	C	C	A	A	B	B	C	C	A	A	B	B	C	C	A	A	B	B	C	L	L	L	L	L	L	L	L	L	L	L	L	L	L	L	L	L	L	L	L	L	L	L	L	L	L	L	L	L	L	L	L	L	L	L	L	L	L	L	L	L	L	L	L	L	
329	G	C	G	L	C	L	C	C	L	B	B	B	B	L	A	A	A	A	A	A	A	L	A	A	A	A	A	B	B	B	B	B	B	C	C	L	C	C	C	C	C	C	C	A	A	B	B	B	B	B	B	B	B	B	B	C	L	B	B	B	B	C	C	A	A	A	A	A	A	B	B	B	B	C	C	C	C	C	C	A	A	B	B	B	B	B	B	C	C	C	C	A	A	L	A	A	A	B	B	C	C	C	C	A	A	B	B	B	B	C	C	A	A	A	A	B	B	C	C	C	C	A	A	B	B	B	B	C	C	A	A	A	A	B	B	C	C	C	C	A	A	B	B	B	B	C	C	A	A	A	A	B	B	C	C	C	C	A	A	B	B	B	B	C	L	L	C	A	A	B	B	C	C	A	A	B	B	C	C	A	A	B	B	C	C	A	A	B	B	C	C	A	A	B	B	C	C	A	A	B	B	C	C	A	A	B	B	C	C	A	A	B	B	C	C	A	A	B	B	C	C	A	A	B	B	C	C	A	A	B	B	C	C	A	A	B	B	C	C	A	A	B	B	C	C	A	A	B	B	C	C	A	A	B	B	C	C	A	A	B	B	C	C	A	A	B	B	C	C	A	A	B	B	C	C	A	A	B	B	C	C	A	A	B	B	C	C	A	A	B	B	C	C	A	A	B	B	C	C	A	A	B	B	C	C	A	A	B	B	C	C	A	A	B	B	C	C	A	A	B	B	C	C	A	A	B	B	C	C	A	L	L	L	L	L	L	L	L	L	L	L	L	L	L	L	L	L	L	L	L	L	L	L	L	L	L	L	L	L	L	L	L	L	L	L	L	L	L	L	L	L	L	L	L	
330	G	B	A	L	C	L	C	C	L	B	B	B	G	L	A	A	A	A	A	A	A	L	A	A	A	A	B	B	B	B	B	B	C	C	C	L	C	C	C	C	C	C	A	A	B	B	B	B	B	B	B	B	B	B	C	C	L	B	B	B	C	C	A	A	A	A	A	A	B	B	B	B	C	C	C	C	C	C	A	A	B	B	B	B	B	B	C	C	C	C	A	A	A	L	A	A	B	B	C	C	C	C	A	A	B	B	B	B	C	C	A	A	A	A	B	B	C	C	C	C	A	A	B	B	B	B	C	C	A	A	A	A	B	B	C	C	C	C	A	A	B	B	B	B	C	C	A	A	A	A	B	B	C	C	C	C	A	A	B	B	B	B	C	C	A	L	A	A	B	B	C	C	A	A	B	B	C	C	A	A	B	B	C	C	A	A	B	B	C	C	A	A	B	B	C	C	A	A	B	B	C	C	A	A	B	B	C	C	A	A	B	B	C	C	A	A	B	B	C	C	A	A	B	B	C	C	A	A	B	B	C	C	A	A	B	B	C	C	A	A	B	B	C	C	A	A	B	B	C	C	A	A	B	B	C	C	A	A	B	B	C	C	A	A	B	B	C	C	A	A	B	B	C	C	A	A	B	B	C	C	A	A	B	B	C	C	A	A	B	B	C	C	A	A	B	B	C	C	A	A	B	B	C	C	A	A	B	B	C	C	A	A	B	B	C	C	A	A	B	B	C	C	A	A	B	B	C	C	A	A	G	L	L	L	L	L	L	L	L	L	L	L	L	L	L	L	L	L	L	L	L	L	L	L	L	L	L	L	L	L	L	L	L	L	L	L	L	L	L	L	L	L	L	L	
331	G	C	G	L	C	L	C	C	L	B	B	B	B	L	A	A	A	A	A	A	A	L	A	A	A	B	B	B	B	B	B	C	C	C	C	L	C	C	C	C	C	A	A	B	B	B	B	B	B	B	B	B	B	C	C	C	L	B	B	C	C	A	A	A	A	A	A	B	B	B	B	C	C	C	C	C	C	A	A	B	B	B	B	B	B	C	C	C	C	A	A	A	A	L	A	B	B	C	C	C	C	A	A	B	B	B	B	C	C	A	A	A	A	B	B	C	C	C	C	A	A	B	B	B	B	C	C	A	A	A	A	B	B	C	C	C	C	A	A	B	B	B	B	C	C	A	A	A	A	B	B	C	C	C	C	A	A	B	B	B	B	C	C	A	A	L	A	B	B	C	C	A	A	B	B	C	C	A	A	B	B	C	C	A	A	B	B	C	C	A	A	B	B	C	C	A	A	B	B	C	C	A	A	B	B	C	C	A	A	B	B	C	C	A	A	B	B	C	C	A	A	B	B	C	C	A	A	B	B	C	C	A	A	B	B	C	C	A	A	B	B	C	C	A	A	B	B	C	C	A	A	B	B	C	C	A	A	B	B	C	C	A	A	B	B	C	C	A	A	B	B	C	C	A	A	B	B	C	C	A	A	B	B	C	C	A	A	B	B	C	C	A	A	B	B	C	C	A	A	B	B	C	C	A	A	B	B	C	C	A	A	B	B	C	C	A	A	B	B	C	C	A	A	B	B	C	C	A	A	B	B	C	L	L	L	L	L	L	L	L	L	L	L	L	L	L	L	L	L	L	L	L	L	L	L	L	L	L	L	L	L	L	L	L	L	L	L	L	L	L	L	L	L	L	
332	G	B	A	L	C	L	C	C	L	B	B	B	G	L	A	A	A	A	A	A	A	L	A	A	B	B	B	B	B	B	C	C	C	C	C	L	C	C	C	C	A	A	B	B	B	B	B	B	B	B	B	B	C	C	C	C	L	B	C	C	A	A	A	A	A	A	B	B	B	B	C	C	C	C	C	C	A	A	B	B	B	B	B	B	C	C	C	C	A	A	A	A	A	L	L	B	C	C	C	C	A	A	B	B	B	B	C	C	A	A	A	A	B	B	C	C	C	C	A	A	B	B	B	B	C	C	A	A	A	A	B	B	C	C	C	C	A	A	B	B	B	B	C	C	A	A	A	A	B	B	C	C	C	C	A	A	B	B	B	B	C	C	A	A	A	L	L	B	C	C	A	A	B	B	C	C	A	A	B	B	C	C	A	A	B	B	C	C	A	A	B	B	C	C	A	A	B	B	C	C	A	A	B	B	C	C	A	A	B	B	C	C	A	A	B	B	C	C	A	A	B	B	C	C	A	A	B	B	C	C	A	A	B	B	C	C	A	A	B	B	C	C	A	A	B	B	C	C	A	A	B	B	C	C	A	A	B	B	C	C	A	A	B	B	C	C	A	A	B	B	C	C	A	A	B	B	C	C	A	A	B	B	C	C	A	A	B	B	C	C	A	A	B	B	C	C	A	A	B	B	C	C	A	A	B	B	C	C	A	A	B	B	C	C	A	A	B	B	C	C	A	A	B	B	C	C	A	A	B	B	C	C	A	L	L	L	L	L	L	L	L	L	L	L	L	L	L	L	L	L	L	L	L	L	L	L	L	L	L	L	L	L	L	L	L	L	L	L	L	L	L	L	L	L	
333	G	C	G	L	C	L	C	C	L	B	B	B	B	L	A	A	A	A	A	A	A	L	A	B	B	B	B	B	B	C	C	C	C	C	C	L	C	C	C	A	A	B	B	B	B	B	B	B	B	B	B	C	C	C	C	C	L	L	C	A	A	A	A	A	A	B	B	B	B	C	C	C	C	C	C	A	A	B	B	B	B	B	B	C	C	C	C	A	A	A	A	A	A	G	L	L	C	C	C	A	A	B	B	B	B	C	C	A	A	A	A	B	B	C	C	C	C	A	A	B	B	B	B	C	C	A	A	A	A	B	B	C	C	C	C	A	A	B	B	B	B	C	C	A	A	A	A	B	B	C	C	C	C	A	A	B	B	B	B	C	C	A	A	A	A	G	L	L	C	A	A	B	B	C	C	A	A	B	B	C	C	A	A	B	B	C	C	A	A	B	B	C	C	A	A	B	B	C	C	A	A	B	B	C	C	A	A	B	B	C	C	A	A	B	B	C	C	A	A	B	B	C	C	A	A	B	B	C	C	A	A	B	B	C	C	A	A	B	B	C	C	A	A	B	B	C	C	A	A	B	B	C	C	A	A	B	B	C	C	A	A	B	B	C	C	A	A	B	B	C	C	A	A	B	B	C	C	A	A	B	B	C	C	A	A	B	B	C	C	A	A	B	B	C	C	A	A	B	B	C	C	A	A	B	B	C	C	A	A	B	B	C	C	A	A	B	B	C	C	A	A	B	B	C	C	A	A	B	B	C	C	A	A	G	L	L	L	L	L	L	L	L	L	L	L	L	L	L	L	L	L	L	L	L	L	L	L	L	L	L	L	L	L	L	L	L	L	L	L	L	L	L	L	L	
334	G	B	A	L	C	L	C	C	L	B	B	B	G	L	A	A	A	A	A	A	A	L	L	B	B	B	B	B	C	C	C	C	C	C	C	L	C	C	A	A	B	B	B	B	B	B	B	B	B	B	C	C	C	C	C	C	A	L	A	A	A	A	A	A	B	B	B	B	C	C	C	C	C	C	A	A	B	B	B	B	B	B	C	C	C	C	A	A	A	A	A	A	B	B	C	L	C	C	A	A	B	B	B	B	C	C	A	A	A	A	B	B	C	C	C	C	A	A	B	B	B	B	C	C	A	A	A	A	B	B	C	C	C	C	A	A	B	B	B	B	C	C	A	A	A	A	B	B	C	C	C	C	A	A	B	B	B	B	C	C	A	A	A	A	B	B	C	L	A	A	B	B	C	C	A	A	B	B	C	C	A	A	B	B	C	C	A	A	B	B	C	C	A	A	B	B	C	C	A	A	B	B	C	C	A	A	B	B	C	C	A	A	B	B	C	C	A	A	B	B	C	C	A	A	B	B	C	C	A	A	B	B	C	C	A	A	B	B	C	C	A	A	B	B	C	C	A	A	B	B	C	C	A	A	B	B	C	C	A	A	B	B	C	C	A	A	B	B	C	C	A	A	B	B	C	C	A	A	B	B	C	C	A	A	B	B	C	C	A	A	B	B	C	C	A	A	B	B	C	C	A	A	B	B	C	C	A	A	B	B	C	C	A	A	B	B	C	C	A	A	B	B	C	C	A	A	B	B	C	C	A	A	B	B	C	L	L	L	L	L	L	L	L	L	L	L	L	L	L	L	L	L	L	L	L	L	L	L	L	L	L	L	L	L	L	L	L	L	L	L	L	L	L	L	
335	G	C	G	L	C	L	C	C	L	B	B	B	B	L	A	A	A	A	A	A	A	G	L	B	B	B	B	C	C	C	C	C	C	C	C	L	C	A	A	B	B	B	B	B	B	B	B	B	B	C	C	C	C	C	C	A	A	L	A	A	A	A	A	B	B	B	B	C	C	C	C	C	C	A	A	B	B	B	B	B	B	C	C	C	C	A	A	A	A	A	A	B	B	C	C	L	C	A	A	B	B	B	B	C	C	A	A	A	A	B	B	C	C	C	C	A	A	B	B	B	B	C	C	A	A	A	A	B	B	C	C	C	C	A	A	B	B	B	B	C	C	A	A	A	A	B	B	C	C	C	C	A	A	B	B	B	B	C	C	A	A	A	A	B	B	C	C	L	A	B	B	C	C	A	A	B	B	C	C	A	A	B	B	C	C	A	A	B	B	C	C	A	A	B	B	C	C	A	A	B	B	C	C	A	A	B	B	C	C	A	A	B	B	C	C	A	A	B	B	C	C	A	A	B	B	C	C	A	A	B	B	C	C	A	A	B	B	C	C	A	A	B	B	C	C	A	A	B	B	C	C	A	A	B	B	C	C	A	A	B	B	C	C	A	A	B	B	C	C	A	A	B	B	C	C	A	A	B	B	C	C	A	A	B	B	C	C	A	A	B	B	C	C	A	A	B	B	C	C	A	A	B	B	C	C	A	A	B	B	C	C	A	A	B	B	C	C	A	A	B	B	C	C	A	A	B	B	C	C	A	A	B	B	C	C	A	L	L	L	L	L	L	L	L	L	L	L	L	L	L	L	L	L	L	L	L	L	L	L	L	L	L	L	L	L	L	L	L	L	L	L	L	L	L	
336	G	B	A	L	C	L	C	C	L	B	B	B	G	L	A	A	A	A	A	A	B	B	L	B	B	B	C	C	C	C	C	C	C	C	C	L	A	A	B	B	B	B	B	B	B	B	B	B	C	C	C	C	C	C	A	A	A	L	A	A	A	A	B	B	B	B	C	C	C	C	C	C	A	A	B	B	B	B	B	B	C	C	C	C	A	A	A	A	A	A	B	B	C	C	C	L	A	A	B	B	B	B	C	C	A	A	A	A	B	B	C	C	C	C	A	A	B	B	B	B	C	C	A	A	A	A	B	B	C	C	C	C	A	A	B	B	B	B	C	C	A	A	A	A	B	B	C	C	C	C	A	A	B	B	B	B	C	C	A	A	A	A	B	B	C	C	C	L	L	B	C	C	A	A	B	B	C	C	A	A	B	B	C	C	A	A	B	B	C	C	A	A	B	B	C	C	A	A	B	B	C	C	A	A	B	B	C	C	A	A	B	B	C	C	A	A	B	B	C	C	A	A	B	B	C	C	A	A	B	B	C	C	A	A	B	B	C	C	A	A	B	B	C	C	A	A	B	B	C	C	A	A	B	B	C	C	A	A	B	B	C	C	A	A	B	B	C	C	A	A	B	B	C	C	A	A	B	B	C	C	A	A	B	B	C	C	A	A	B	B	C	C	A	A	B	B	C	C	A	A	B	B	C	C	A	A	B	B	C	C	A	A	B	B	C	C	A	A	B	B	C	C	A	A	B	B	C	C	A	A	B	B	C	C	A	A	G	L	L	L	L	L	L	L	L	L	L	L	L	L	L	L	L	L	L	L	L	L	L	L	L	L	L	L	L	L	L	L	L	L	L	L	L	L	
337	G	C	G	L	C	L	C	C	L	B	B	B	B	L	A	A	A	A	A	B	B	G	L	B	B	C	C	C	C	C	C	C	C	C	C	L	A	B	B	B	B	B	B	B	B	B	B	C	C	C	C	C	C	A	A	A	A	L	A	A	A	B	B	B	B	C	C	C	C	C	C	A	A	B	B	B	B	B	B	C	C	C	C	A	A	A	A	A	A	B	B	C	C	C	C	L	A	B	B	B	B	C	C	A	A	A	A	B	B	C	C	C	C	A	A	B	B	B	B	C	C	A	A	A	A	B	B	C	C	C	C	A	A	B	B	B	B	C	C	A	A	A	A	B	B	C	C	C	C	A	A	B	B	B	B	C	C	A	A	A	A	B	B	C	C	C	C	A	L	L	C	A	A	B	B	C	C	A	A	B	B	C	C	A	A	B	B	C	C	A	A	B	B	C	C	A	A	B	B	C	C	A	A	B	B	C	C	A	A	B	B	C	C	A	A	B	B	C	C	A	A	B	B	C	C	A	A	B	B	C	C	A	A	B	B	C	C	A	A	B	B	C	C	A	A	B	B	C	C	A	A	B	B	C	C	A	A	B	B	C	C	A	A	B	B	C	C	A	A	B	B	C	C	A	A	B	B	C	C	A	A	B	B	C	C	A	A	B	B	C	C	A	A	B	B	C	C	A	A	B	B	C	C	A	A	B	B	C	C	A	A	B	B	C	C	A	A	B	B	C	C	A	A	B	B	C	C	A	A	B	B	C	C	A	A	B	B	C	L	L	L	L	L	L	L	L	L	L	L	L	L	L	L	L	L	L	L	L	L	L	L	L	L	L	L	L	L	L	L	L	L	L	L	L	
338	G	B	A	L	C	L	C	C	L	B	B	B	G	L	A	A	A	A	B	B	B	B	L	B	C	C	C	C	C	C	C	C	C	C	C	L	L	B	B	B	B	B	B	B	B	B	C	C	C	C	C	C	A	A	A	A	A	L	A	A	B	B	B	B	C	C	C	C	C	C	A	A	B	B	B	B	B	B	C	C	C	C	A	A	A	A	A	A	B	B	C	C	C	C	C	L	L	B	B	B	C	C	A	A	A	A	B	B	C	C	C	C	A	A	B	B	B	B	C	C	A	A	A	A	B	B	C	C	C	C	A	A	B	B	B	B	C	C	A	A	A	A	B	B	C	C	C	C	A	A	B	B	B	B	C	C	A	A	A	A	B	B	C	C	C	C	A	A	G	L	A	A	B	B	C	C	A	A	B	B	C	C	A	A	B	B	C	C	A	A	B	B	C	C	A	A	B	B	C	C	A	A	B	B	C	C	A	A	B	B	C	C	A	A	B	B	C	C	A	A	B	B	C	C	A	A	B	B	C	C	A	A	B	B	C	C	A	A	B	B	C	C	A	A	B	B	C	C	A	A	B	B	C	C	A	A	B	B	C	C	A	A	B	B	C	C	A	A	B	B	C	C	A	A	B	B	C	C	A	A	B	B	C	C	A	A	B	B	C	C	A	A	B	B	C	C	A	A	B	B	C	C	A	A	B	B	C	C	A	A	B	B	C	C	A	A	B	B	C	C	A	A	B	B	C	C	A	A	B	B	C	C	A	A	B	B	C	C	A	L	L	L	L	L	L	L	L	L	L	L	L	L	L	L	L	L	L	L	L	L	L	L	L	L	L	L	L	L	L	L	L	L	L	L	
339	G	C	G	L	C	L	C	C	L	B	B	B	B	L	A	A	A	B	B	B	B	G	L	L	C	C	C	C	C	C	C	C	C	C	C	A	L	B	B	B	B	B	B	B	B	C	C	C	C	C	C	A	A	A	A	A	A	L	A	B	B	B	B	C	C	C	C	C	C	A	A	B	B	B	B	B	B	C	C	C	C	A	A	A	A	A	A	B	B	C	C	C	C	C	C	A	L	B	B	C	C	A	A	A	A	B	B	C	C	C	C	A	A	B	B	B	B	C	C	A	A	A	A	B	B	C	C	C	C	A	A	B	B	B	B	C	C	A	A	A	A	B	B	C	C	C	C	A	A	B	B	B	B	C	C	A	A	A	A	B	B	C	C	C	C	A	A	B	B	L	A	B	B	C	C	A	A	B	B	C	C	A	A	B	B	C	C	A	A	B	B	C	C	A	A	B	B	C	C	A	A	B	B	C	C	A	A	B	B	C	C	A	A	B	B	C	C	A	A	B	B	C	C	A	A	B	B	C	C	A	A	B	B	C	C	A	A	B	B	C	C	A	A	B	B	C	C	A	A	B	B	C	C	A	A	B	B	C	C	A	A	B	B	C	C	A	A	B	B	C	C	A	A	B	B	C	C	A	A	B	B	C	C	A	A	B	B	C	C	A	A	B	B	C	C	A	A	B	B	C	C	A	A	B	B	C	C	A	A	B	B	C	C	A	A	B	B	C	C	A	A	B	B	C	C	A	A	B	B	C	C	A	A	B	B	C	C	A	A	G	L	L	L	L	L	L	L	L	L	L	L	L	L	L	L	L	L	L	L	L	L	L	L	L	L	L	L	L	L	L	L	L	L	L	
340	G	B	A	L	C	L	C	C	L	B	B	B	G	L	A	A	B	B	B	B	B	B	C	L	C	C	C	C	C	C	C	C	C	C	A	A	L	B	B	B	B	B	B	B	C	C	C	C	C	C	A	A	A	A	A	A	A	L	L	B	B	B	C	C	C	C	C	C	A	A	B	B	B	B	B	B	C	C	C	C	A	A	A	A	A	A	B	B	C	C	C	C	C	C	A	A	L	B	C	C	A	A	A	A	B	B	C	C	C	C	A	A	B	B	B	B	C	C	A	A	A	A	B	B	C	C	C	C	A	A	B	B	B	B	C	C	A	A	A	A	B	B	C	C	C	C	A	A	B	B	B	B	C	C	A	A	A	A	B	B	C	C	C	C	A	A	B	B	G	L	L	B	C	C	A	A	B	B	C	C	A	A	B	B	C	C	A	A	B	B	C	C	A	A	B	B	C	C	A	A	B	B	C	C	A	A	B	B	C	C	A	A	B	B	C	C	A	A	B	B	C	C	A	A	B	B	C	C	A	A	B	B	C	C	A	A	B	B	C	C	A	A	B	B	C	C	A	A	B	B	C	C	A	A	B	B	C	C	A	A	B	B	C	C	A	A	B	B	C	C	A	A	B	B	C	C	A	A	B	B	C	C	A	A	B	B	C	C	A	A	B	B	C	C	A	A	B	B	C	C	A	A	B	B	C	C	A	A	B	B	C	C	A	A	B	B	C	C	A	A	B	B	C	C	A	A	B	B	C	C	A	A	B	B	C	C	A	A	B	B	C	L	L	L	L	L	L	L	L	L	L	L	L	L	L	L	L	L	L	L	L	L	L	L	L	L	L	L	L	L	L	L	L	L	
341	G	C	G	L	C	L	C	C	L	B	B	B	B	L	A	B	B	B	B	B	B	C	C	L	C	C	C	C	C	C	C	C	C	A	A	A	L	B	B	B	B	B	B	C	C	C	C	C	C	A	A	A	A	A	A	A	A	G	L	B	B	C	C	C	C	C	C	A	A	B	B	B	B	B	B	C	C	C	C	A	A	A	A	A	A	B	B	C	C	C	C	C	C	A	A	A	L	L	C	A	A	A	A	B	B	C	C	C	C	A	A	B	B	B	B	C	C	A	A	A	A	B	B	C	C	C	C	A	A	B	B	B	B	C	C	A	A	A	A	B	B	C	C	C	C	A	A	B	B	B	B	C	C	A	A	A	A	B	B	C	C	C	C	A	A	B	B	B	B	C	L	L	C	A	A	B	B	C	C	A	A	B	B	C	C	A	A	B	B	C	C	A	A	B	B	C	C	A	A	B	B	C	C	A	A	B	B	C	C	A	A	B	B	C	C	A	A	B	B	C	C	A	A	B	B	C	C	A	A	B	B	C	C	A	A	B	B	C	C	A	A	B	B	C	C	A	A	B	B	C	C	A	A	B	B	C	C	A	A	B	B	C	C	A	A	B	B	C	C	A	A	B	B	C	C	A	A	B	B	C	C	A	A	B	B	C	C	A	A	B	B	C	C	A	A	B	B	C	C	A	A	B	B	C	C	A	A	B	B	C	C	A	A	B	B	C	C	A	A	B	B	C	C	A	A	B	B	C	C	A	A	B	B	C	C	A	A	B	B	C	C	A	L	L	L	L	L	L	L	L	L	L	L	L	L	L	L	L	L	L	L	L	L	L	L	L	L	L	L	L	L	L	L	L	
342	G	B	A	L	C	L	C	C	L	B	B	B	G	L	L	B	B	B	B	B	C	C	C	L	C	C	C	C	C	C	C	C	A	A	A	A	L	B	B	B	B	B	C	C	C	C	C	C	A	A	A	A	A	A	A	A	B	B	L	B	C	C	C	C	C	C	A	A	B	B	B	B	B	B	C	C	C	C	A	A	A	A	A	A	B	B	C	C	C	C	C	C	A	A	A	A	G	L	A	A	A	A	B	B	C	C	C	C	A	A	B	B	B	B	C	C	A	A	A	A	B	B	C	C	C	C	A	A	B	B	B	B	C	C	A	A	A	A	B	B	C	C	C	C	A	A	B	B	B	B	C	C	A	A	A	A	B	B	C	C	C	C	A	A	B	B	B	B	C	C	A	L	A	A	B	B	C	C	A	A	B	B	C	C	A	A	B	B	C	C	A	A	B	B	C	C	A	A	B	B	C	C	A	A	B	B	C	C	A	A	B	B	C	C	A	A	B	B	C	C	A	A	B	B	C	C	A	A	B	B	C	C	A	A	B	B	C	C	A	A	B	B	C	C	A	A	B	B	C	C	A	A	B	B	C	C	A	A	B	B	C	C	A	A	B	B	C	C	A	A	B	B	C	C	A	A	B	B	C	C	A	A	B	B	C	C	A	A	B	B	C	C	A	A	B	B	C	C	A	A	B	B	C	C	A	A	B	B	C	C	A	A	B	B	C	C	A	A	B	B	C	C	A	A	B	B	C	C	A	A	B	B	C	C	A	A	B	B	C	C	A	A	G	L	L	L	L	L	L	L	L	L	L	L	L	L	L	L	L	L	L	L	L	L	L	L	L	L	L	L	L	L	L	L	
343	G	C	G	L	C	L	C	C	L	B	B	B	B	C	L	B	B	B	B	C	C	C	C	L	C	C	C	C	C	C	C	A	A	A	A	A	L	B	B	B	B	C	C	C	C	C	C	A	A	A	A	A	A	A	A	B	B	G	L	L	C	C	C	C	C	A	A	B	B	B	B	B	B	C	C	C	C	A	A	A	A	A	A	B	B	C	C	C	C	C	C	A	A	A	A	B	B	L	A	A	A	B	B	C	C	C	C	A	A	B	B	B	B	C	C	A	A	A	A	B	B	C	C	C	C	A	A	B	B	B	B	C	C	A	A	A	A	B	B	C	C	C	C	A	A	B	B	B	B	C	C	A	A	A	A	B	B	C	C	C	C	A	A	B	B	B	B	C	C	A	A	L	A	B	B	C	C	A	A	B	B	C	C	A	A	B	B	C	C	A	A	B	B	C	C	A	A	B	B	C	C	A	A	B	B	C	C	A	A	B	B	C	C	A	A	B	B	C	C	A	A	B	B	C	C	A	A	B	B	C	C	A	A	B	B	C	C	A	A	B	B	C	C	A	A	B	B	C	C	A	A	B	B	C	C	A	A	B	B	C	C	A	A	B	B	C	C	A	A	B	B	C	C	A	A	B	B	C	C	A	A	B	B	C	C	A	A	B	B	C	C	A	A	B	B	C	C	A	A	B	B	C	C	A	A	B	B	C	C	A	A	B	B	C	C	A	A	B	B	C	C	A	A	B	B	C	C	A	A	B	B	C	C	A	A	B	B	C	C	A	A	B	B	C	L	L	L	L	L	L	L	L	L	L	L	L	L	L	L	L	L	L	L	L	L	L	L	L	L	L	L	L	L	L	
344	G	B	A	L	C	L	C	C	L	B	B	B	C	C	L	B	B	B	C	C	C	C	C	L	C	C	C	C	C	C	A	A	A	A	A	A	L	B	B	B	C	C	C	C	C	C	A	A	A	A	A	A	A	A	B	B	B	B	C	L	C	C	C	C	A	A	B	B	B	B	B	B	C	C	C	C	A	A	A	A	A	A	B	B	C	C	C	C	C	C	A	A	A	A	B	B	G	L	A	A	B	B	C	C	C	C	A	A	B	B	B	B	C	C	A	A	A	A	B	B	C	C	C	C	A	A	B	B	B	B	C	C	A	A	A	A	B	B	C	C	C	C	A	A	B	B	B	B	C	C	A	A	A	A	B	B	C	C	C	C	A	A	B	B	B	B	C	C	A	A	A	L	L	B	C	C	A	A	B	B	C	C	A	A	B	B	C	C	A	A	B	B	C	C	A	A	B	B	C	C	A	A	B	B	C	C	A	A	B	B	C	C	A	A	B	B	C	C	A	A	B	B	C	C	A	A	B	B	C	C	A	A	B	B	C	C	A	A	B	B	C	C	A	A	B	B	C	C	A	A	B	B	C	C	A	A	B	B	C	C	A	A	B	B	C	C	A	A	B	B	C	C	A	A	B	B	C	C	A	A	B	B	C	C	A	A	B	B	C	C	A	A	B	B	C	C	A	A	B	B	C	C	A	A	B	B	C	C	A	A	B	B	C	C	A	A	B	B	C	C	A	A	B	B	C	C	A	A	B	B	C	C	A	A	B	B	C	C	A	A	B	B	C	C	A	L	L	L	L	L	L	L	L	L	L	L	L	L	L	L	L	L	L	L	L	L	L	L	L	L	L	L	L	L	
345	G	C	G	L	C	L	C	C	L	B	B	C	C	C	L	B	B	C	C	C	C	C	C	L	C	C	C	C	C	A	A	A	A	A	A	A	L	B	B	C	C	C	C	C	C	A	A	A	A	A	A	A	A	B	B	B	B	C	C	L	C	C	C	A	A	B	B	B	B	B	B	C	C	C	C	A	A	A	A	A	A	B	B	C	C	C	C	C	C	A	A	A	A	B	B	B	B	L	A	B	B	C	C	C	C	A	A	B	B	B	B	C	C	A	A	A	A	B	B	C	C	C	C	A	A	B	B	B	B	C	C	A	A	A	A	B	B	C	C	C	C	A	A	B	B	B	B	C	C	A	A	A	A	B	B	C	C	C	C	A	A	B	B	B	B	C	C	A	A	A	A	G	L	L	C	A	A	B	B	C	C	A	A	B	B	C	C	A	A	B	B	C	C	A	A	B	B	C	C	A	A	B	B	C	C	A	A	B	B	C	C	A	A	B	B	C	C	A	A	B	B	C	C	A	A	B	B	C	C	A	A	B	B	C	C	A	A	B	B	C	C	A	A	B	B	C	C	A	A	B	B	C	C	A	A	B	B	C	C	A	A	B	B	C	C	A	A	B	B	C	C	A	A	B	B	C	C	A	A	B	B	C	C	A	A	B	B	C	C	A	A	B	B	C	C	A	A	B	B	C	C	A	A	B	B	C	C	A	A	B	B	C	C	A	A	B	B	C	C	A	A	B	B	C	C	A	A	B	B	C	C	A	A	B	B	C	C	A	A	B	B	C	C	A	A	G	L	L	L	L	L	L	L	L	L	L	L	L	L	L	L	L	L	L	L	L	L	L	L	L	L	L	L	L	
346	G	B	A	L	C	L	C	C	L	B	C	C	C	C	L	B	C	C	C	C	C	C	C	L	C	C	C	C	A	A	A	A	A	A	A	A	L	B	C	C	C	C	C	C	A	A	A	A	A	A	A	A	B	B	B	B	C	C	C	L	C	C	A	A	B	B	B	B	B	B	C	C	C	C	A	A	A	A	A	A	B	B	C	C	C	C	C	C	A	A	A	A	B	B	B	B	G	L	L	B	C	C	C	C	A	A	B	B	B	B	C	C	A	A	A	A	B	B	C	C	C	C	A	A	B	B	B	B	C	C	A	A	A	A	B	B	C	C	C	C	A	A	B	B	B	B	C	C	A	A	A	A	B	B	C	C	C	C	A	A	B	B	B	B	C	C	A	A	A	A	B	B	C	L	A	A	B	B	C	C	A	A	B	B	C	C	A	A	B	B	C	C	A	A	B	B	C	C	A	A	B	B	C	C	A	A	B	B	C	C	A	A	B	B	C	C	A	A	B	B	C	C	A	A	B	B	C	C	A	A	B	B	C	C	A	A	B	B	C	C	A	A	B	B	C	C	A	A	B	B	C	C	A	A	B	B	C	C	A	A	B	B	C	C	A	A	B	B	C	C	A	A	B	B	C	C	A	A	B	B	C	C	A	A	B	B	C	C	A	A	B	B	C	C	A	A	B	B	C	C	A	A	B	B	C	C	A	A	B	B	C	C	A	A	B	B	C	C	A	A	B	B	C	C	A	A	B	B	C	C	A	A	B	B	C	C	A	A	B	B	C	C	A	A	B	B	C	L	L	L	L	L	L	L	L	L	L	L	L	L	L	L	L	L	L	L	L	L	L	L	L	L	L	L	
347	G	C	G	L	C	L	C	C	L	L	C	C	C	C	L	L	C	C	C	C	C	C	C	L	C	C	C	A	A	A	A	A	A	A	A	A	L	L	C	C	C	C	C	A	A	A	A	A	A	A	A	B	B	B	B	C	C	C	C	L	C	A	A	B	B	B	B	B	B	C	C	C	C	A	A	A	A	A	A	B	B	C	C	C	C	C	C	A	A	A	A	B	B	B	B	B	B	C	L	L	C	C	C	A	A	B	B	B	B	C	C	A	A	A	A	B	B	C	C	C	C	A	A	B	B	B	B	C	C	A	A	A	A	B	B	C	C	C	C	A	A	B	B	B	B	C	C	A	A	A	A	B	B	C	C	C	C	A	A	B	B	B	B	C	C	A	A	A	A	B	B	C	C	L	A	B	B	C	C	A	A	B	B	C	C	A	A	B	B	C	C	A	A	B	B	C	C	A	A	B	B	C	C	A	A	B	B	C	C	A	A	B	B	C	C	A	A	B	B	C	C	A	A	B	B	C	C	A	A	B	B	C	C	A	A	B	B	C	C	A	A	B	B	C	C	A	A	B	B	C	C	A	A	B	B	C	C	A	A	B	B	C	C	A	A	B	B	C	C	A	A	B	B	C	C	A	A	B	B	C	C	A	A	B	B	C	C	A	A	B	B	C	C	A	A	B	B	C	C	A	A	B	B	C	C	A	A	B	B	C	C	A	A	B	B	C	C	A	A	B	B	C	C	A	A	B	B	C	C	A	A	B	B	C	C	A	A	B	B	C	C	A	A	B	B	C	C	A	L	L	L	L	L	L	L	L	L	L	L	L	L	L	L	L	L	L	L	L	L	L	L	L	L	L	
348	G	B	A	L	C	L	C	C	A	L	C	C	C	C	A	L	C	C	C	C	C	C	C	L	C	C	A	A	A	A	A	A	A	A	A	A	G	L	C	C	C	C	A	A	A	A	A	A	A	A	B	B	B	B	C	C	C	C	C	L	A	A	B	B	B	B	B	B	C	C	C	C	A	A	A	A	A	A	B	B	C	C	C	C	C	C	A	A	A	A	B	B	B	B	B	B	C	C	A	L	C	C	A	A	B	B	B	B	C	C	A	A	A	A	B	B	C	C	C	C	A	A	B	B	B	B	C	C	A	A	A	A	B	B	C	C	C	C	A	A	B	B	B	B	C	C	A	A	A	A	B	B	C	C	C	C	A	A	B	B	B	B	C	C	A	A	A	A	B	B	C	C	C	L	L	B	C	C	A	A	B	B	C	C	A	A	B	B	C	C	A	A	B	B	C	C	A	A	B	B	C	C	A	A	B	B	C	C	A	A	B	B	C	C	A	A	B	B	C	C	A	A	B	B	C	C	A	A	B	B	C	C	A	A	B	B	C	C	A	A	B	B	C	C	A	A	B	B	C	C	A	A	B	B	C	C	A	A	B	B	C	C	A	A	B	B	C	C	A	A	B	B	C	C	A	A	B	B	C	C	A	A	B	B	C	C	A	A	B	B	C	C	A	A	B	B	C	C	A	A	B	B	C	C	A	A	B	B	C	C	A	A	B	B	C	C	A	A	B	B	C	C	A	A	B	B	C	C	A	A	B	B	C	C	A	A	B	B	C	C	A	A	B	B	C	C	A	A	G	L	L	L	L	L	L	L	L	L	L	L	L	L	L	L	L	L	L	L	L	L	L	L	L	L	
349	G	C	G	L	C	L	C	A	A	L	C	C	C	A	A	L	C	C	C	C	C	C	C	L	C	A	A	A	A	A	A	A	A	A	A	B	B	L	C	C	C	A	A	A	A	A	A	A	A	B	B	B	B	C	C	C	C	C	C	L	A	B	B	B	B	B	B	C	C	C	C	A	A	A	A	A	A	B	B	C	C	C	C	C	C	A	A	A	A	B	B	B	B	B	B	C	C	A	A	L	C	A	A	B	B	B	B	C	C	A	A	A	A	B	B	C	C	C	C	A	A	B	B	B	B	C	C	A	A	A	A	B	B	C	C	C	C	A	A	B	B	B	B	C	C	A	A	A	A	B	B	C	C	C	C	A	A	B	B	B	B	C	C	A	A	A	A	B	B	C	C	C	C	A	L	L	C	A	A	B	B	C	C	A	A	B	B	C	C	A	A	B	B	C	C	A	A	B	B	C	C	A	A	B	B	C	C	A	A	B	B	C	C	A	A	B	B	C	C	A	A	B	B	C	C	A	A	B	B	C	C	A	A	B	B	C	C	A	A	B	B	C	C	A	A	B	B	C	C	A	A	B	B	C	C	A	A	B	B	C	C	A	A	B	B	C	C	A	A	B	B	C	C	A	A	B	B	C	C	A	A	B	B	C	C	A	A	B	B	C	C	A	A	B	B	C	C	A	A	B	B	C	C	A	A	B	B	C	C	A	A	B	B	C	C	A	A	B	B	C	C	A	A	B	B	C	C	A	A	B	B	C	C	A	A	B	B	C	C	A	A	B	B	C	C	A	A	B	B	C	L	L	L	L	L	L	L	L	L	L	L	L	L	L	L	L	L	L	L	L	L	L	L	L	
350	G	B	A	L	C	L	A	A	A	L	C	C	A	A	A	L	C	C	C	C	C	C	C	L	A	A	A	A	A	A	A	A	A	A	B	B	G	L	C	C	A	A	A	A	A	A	A	A	B	B	B	B	C	C	C	C	C	C	C	L	L	B	B	B	B	B	C	C	C	C	A	A	A	A	A	A	B	B	C	C	C	C	C	C	A	A	A	A	B	B	B	B	B	B	C	C	A	A	A	L	A	A	B	B	B	B	C	C	A	A	A	A	B	B	C	C	C	C	A	A	B	B	B	B	C	C	A	A	A	A	B	B	C	C	C	C	A	A	B	B	B	B	C	C	A	A	A	A	B	B	C	C	C	C	A	A	B	B	B	B	C	C	A	A	A	A	B	B	C	C	C	C	A	A	G	L	A	A	B	B	C	C	A	A	B	B	C	C	A	A	B	B	C	C	A	A	B	B	C	C	A	A	B	B	C	C	A	A	B	B	C	C	A	A	B	B	C	C	A	A	B	B	C	C	A	A	B	B	C	C	A	A	B	B	C	C	A	A	B	B	C	C	A	A	B	B	C	C	A	A	B	B	C	C	A	A	B	B	C	C	A	A	B	B	C	C	A	A	B	B	C	C	A	A	B	B	C	C	A	A	B	B	C	C	A	A	B	B	C	C	A	A	B	B	C	C	A	A	B	B	C	C	A	A	B	B	C	C	A	A	B	B	C	C	A	A	B	B	C	C	A	A	B	B	C	C	A	A	B	B	C	C	A	A	B	B	C	C	A	A	B	B	C	C	A	A	B	B	C	C	A	L	L	L	L	L	L	L	L	L	L	L	L	L	L	L	L	L	L	L	L	L	L	L	
351	G	C	G	L	C	L	A	A	A	L	C	A	A	A	A	L	C	C	C	C	C	C	C	L	A	A	A	A	A	A	A	A	A	B	B	B	B	L	C	A	A	A	A	A	A	A	A	B	B	B	B	C	C	C	C	C	C	C	C	A	L	B	B	B	B	C	C	C	C	A	A	A	A	A	A	B	B	C	C	C	C	C	C	A	A	A	A	B	B	B	B	B	B	C	C	A	A	A	A	L	A	B	B	B	B	C	C	A	A	A	A	B	B	C	C	C	C	A	A	B	B	B	B	C	C	A	A	A	A	B	B	C	C	C	C	A	A	B	B	B	B	C	C	A	A	A	A	B	B	C	C	C	C	A	A	B	B	B	B	C	C	A	A	A	A	B	B	C	C	C	C	A	A	B	B	L	A	B	B	C	C	A	A	B	B	C	C	A	A	B	B	C	C	A	A	B	B	C	C	A	A	B	B	C	C	A	A	B	B	C	C	A	A	B	B	C	C	A	A	B	B	C	C	A	A	B	B	C	C	A	A	B	B	C	C	A	A	B	B	C	C	A	A	B	B	C	C	A	A	B	B	C	C	A	A	B	B	C	C	A	A	B	B	C	C	A	A	B	B	C	C	A	A	B	B	C	C	A	A	B	B	C	C	A	A	B	B	C	C	A	A	B	B	C	C	A	A	B	B	C	C	A	A	B	B	C	C	A	A	B	B	C	C	A	A	B	B	C	C	A	A	B	B	C	C	A	A	B	B	C	C	A	A	B	B	C	C	A	A	B	B	C	C	A	A	B	B	C	C	A	A	G	L	L	L	L	L	L	L	L	L	L	L	L	L	L	L	L	L	L	L	L	L	L	
352	G	B	A	L	C	L	A	A	A	L	A	A	A	A	A	L	C	C	C	C	C	C	C	L	A	A	A	A	A	A	A	A	B	B	B	B	G	L	A	A	A	A	A	A	A	A	B	B	B	B	C	C	C	C	C	C	C	C	A	A	L	B	B	B	C	C	C	C	A	A	A	A	A	A	B	B	C	C	C	C	C	C	A	A	A	A	B	B	B	B	B	B	C	C	A	A	A	A	A	L	L	B	B	B	C	C	A	A	A	A	B	B	C	C	C	C	A	A	B	B	B	B	C	C	A	A	A	A	B	B	C	C	C	C	A	A	B	B	B	B	C	C	A	A	A	A	B	B	C	C	C	C	A	A	B	B	B	B	C	C	A	A	A	A	B	B	C	C	C	C	A	A	B	B	G	L	L	B	C	C	A	A	B	B	C	C	A	A	B	B	C	C	A	A	B	B	C	C	A	A	B	B	C	C	A	A	B	B	C	C	A	A	B	B	C	C	A	A	B	B	C	C	A	A	B	B	C	C	A	A	B	B	C	C	A	A	B	B	C	C	A	A	B	B	C	C	A	A	B	B	C	C	A	A	B	B	C	C	A	A	B	B	C	C	A	A	B	B	C	C	A	A	B	B	C	C	A	A	B	B	C	C	A	A	B	B	C	C	A	A	B	B	C	C	A	A	B	B	C	C	A	A	B	B	C	C	A	A	B	B	C	C	A	A	B	B	C	C	A	A	B	B	C	C	A	A	B	B	C	C	A	A	B	B	C	C	A	A	B	B	C	C	A	A	B	B	C	C	A	A	B	B	C	L	L	L	L	L	L	L	L	L	L	L	L	L	L	L	L	L	L	L	L	L	
353	G	C	G	L	C	L	A	A	A	L	A	A	A	A	A	L	C	C	C	C	C	C	C	L	A	A	A	A	A	A	A	B	B	B	B	B	B	L	A	A	A	A	A	A	A	B	B	B	B	C	C	C	C	C	C	C	C	A	A	A	L	B	B	C	C	C	C	A	A	A	A	A	A	B	B	C	C	C	C	C	C	A	A	A	A	B	B	B	B	B	B	C	C	A	A	A	A	A	A	G	L	B	B	C	C	A	A	A	A	B	B	C	C	C	C	A	A	B	B	B	B	C	C	A	A	A	A	B	B	C	C	C	C	A	A	B	B	B	B	C	C	A	A	A	A	B	B	C	C	C	C	A	A	B	B	B	B	C	C	A	A	A	A	B	B	C	C	C	C	A	A	B	B	B	B	C	L	L	C	A	A	B	B	C	C	A	A	B	B	C	C	A	A	B	B	C	C	A	A	B	B	C	C	A	A	B	B	C	C	A	A	B	B	C	C	A	A	B	B	C	C	A	A	B	B	C	C	A	A	B	B	C	C	A	A	B	B	C	C	A	A	B	B	C	C	A	A	B	B	C	C	A	A	B	B	C	C	A	A	B	B	C	C	A	A	B	B	C	C	A	A	B	B	C	C	A	A	B	B	C	C	A	A	B	B	C	C	A	A	B	B	C	C	A	A	B	B	C	C	A	A	B	B	C	C	A	A	B	B	C	C	A	A	B	B	C	C	A	A	B	B	C	C	A	A	B	B	C	C	A	A	B	B	C	C	A	A	B	B	C	C	A	A	B	B	C	C	A	A	B	B	C	C	A	L	L	L	L	L	L	L	L	L	L	L	L	L	L	L	L	L	L	L	L	
354	G	B	A	L	C	L	A	A	A	L	A	A	A	A	A	L	C	C	C	C	C	C	C	L	A	A	A	A	A	A	B	B	B	B	B	B	G	L	A	A	A	A	A	A	B	B	B	B	C	C	C	C	C	C	C	C	A	A	A	A	L	B	C	C	C	C	A	A	A	A	A	A	B	B	C	C	C	C	C	C	A	A	A	A	B	B	B	B	B	B	C	C	A	A	A	A	A	A	B	B	L	B	C	C	A	A	A	A	B	B	C	C	C	C	A	A	B	B	B	B	C	C	A	A	A	A	B	B	C	C	C	C	A	A	B	B	B	B	C	C	A	A	A	A	B	B	C	C	C	C	A	A	B	B	B	B	C	C	A	A	A	A	B	B	C	C	C	C	A	A	B	B	B	B	C	C	A	L	A	A	B	B	C	C	A	A	B	B	C	C	A	A	B	B	C	C	A	A	B	B	C	C	A	A	B	B	C	C	A	A	B	B	C	C	A	A	B	B	C	C	A	A	B	B	C	C	A	A	B	B	C	C	A	A	B	B	C	C	A	A	B	B	C	C	A	A	B	B	C	C	A	A	B	B	C	C	A	A	B	B	C	C	A	A	B	B	C	C	A	A	B	B	C	C	A	A	B	B	C	C	A	A	B	B	C	C	A	A	B	B	C	C	A	A	B	B	C	C	A	A	B	B	C	C	A	A	B	B	C	C	A	A	B	B	C	C	A	A	B	B	C	C	A	A	B	B	C	C	A	A	B	B	C	C	A	A	B	B	C	C	A	A	B	B	C	C	A	A	B	B	C	C	A	A	G	L	L	L	L	L	L	L	L	L	L	L	L	L	L	L	L	L	L	L	
355	G	C	G	L	C	L	A	A	A	L	A	A	A	A	A	L	C	C	C	C	C	C	C	L	A	A	A	A	A	B	B	B	B	B	B	B	B	L	A	A	A	A	A	B	B	B	B	C	C	C	C	C	C	C	C	A	A	A	A	A	L	L	C	C	C	A	A	A	A	A	A	B	B	C	C	C	C	C	C	A	A	A	A	B	B	B	B	B	B	C	C	A	A	A	A	A	A	B	B	G	L	L	C	A	A	A	A	B	B	C	C	C	C	A	A	B	B	B	B	C	C	A	A	A	A	B	B	C	C	C	C	A	A	B	B	B	B	C	C	A	A	A	A	B	B	C	C	C	C	A	A	B	B	B	B	C	C	A	A	A	A	B	B	C	C	C	C	A	A	B	B	B	B	C	C	A	A	L	A	B	B	C	C	A	A	B	B	C	C	A	A	B	B	C	C	A	A	B	B	C	C	A	A	B	B	C	C	A	A	B	B	C	C	A	A	B	B	C	C	A	A	B	B	C	C	A	A	B	B	C	C	A	A	B	B	C	C	A	A	B	B	C	C	A	A	B	B	C	C	A	A	B	B	C	C	A	A	B	B	C	C	A	A	B	B	C	C	A	A	B	B	C	C	A	A	B	B	C	C	A	A	B	B	C	C	A	A	B	B	C	C	A	A	B	B	C	C	A	A	B	B	C	C	A	A	B	B	C	C	A	A	B	B	C	C	A	A	B	B	C	C	A	A	B	B	C	C	A	A	B	B	C	C	A	A	B	B	C	C	A	A	B	B	C	C	A	A	B	B	C	C	A	A	B	B	C	L	L	L	L	L	L	L	L	L	L	L	L	L	L	L	L	L	L	
356	G	B	A	L	C	L	A	A	A	L	A	A	A	A	A	L	C	C	C	C	C	C	C	L	A	A	A	A	B	B	B	B	B	B	B	B	G	L	A	A	A	A	B	B	B	B	C	C	C	C	C	C	C	C	A	A	A	A	A	A	G	L	C	C	A	A	A	A	A	A	B	B	C	C	C	C	C	C	A	A	A	A	B	B	B	B	B	B	C	C	A	A	A	A	A	A	B	B	B	B	C	L	A	A	A	A	B	B	C	C	C	C	A	A	B	B	B	B	C	C	A	A	A	A	B	B	C	C	C	C	A	A	B	B	B	B	C	C	A	A	A	A	B	B	C	C	C	C	A	A	B	B	B	B	C	C	A	A	A	A	B	B	C	C	C	C	A	A	B	B	B	B	C	C	A	A	A	L	L	B	C	C	A	A	B	B	C	C	A	A	B	B	C	C	A	A	B	B	C	C	A	A	B	B	C	C	A	A	B	B	C	C	A	A	B	B	C	C	A	A	B	B	C	C	A	A	B	B	C	C	A	A	B	B	C	C	A	A	B	B	C	C	A	A	B	B	C	C	A	A	B	B	C	C	A	A	B	B	C	C	A	A	B	B	C	C	A	A	B	B	C	C	A	A	B	B	C	C	A	A	B	B	C	C	A	A	B	B	C	C	A	A	B	B	C	C	A	A	B	B	C	C	A	A	B	B	C	C	A	A	B	B	C	C	A	A	B	B	C	C	A	A	B	B	C	C	A	A	B	B	C	C	A	A	B	B	C	C	A	A	B	B	C	C	A	A	B	B	C	C	A	A	B	B	C	C	A	L	L	L	L	L	L	L	L	L	L	L	L	L	L	L	L	L	
357	G	C	G	L	C	L	A	A	A	L	A	A	A	A	A	L	C	C	C	C	C	C	C	L	A	A	A	B	B	B	B	B	B	B	B	B	B	L	A	A	A	B	B	B	B	C	C	C	C	C	C	C	C	A	A	A	A	A	A	B	B	L	C	A	A	A	A	A	A	B	B	C	C	C	C	C	C	A	A	A	A	B	B	B	B	B	B	C	C	A	A	A	A	A	A	B	B	B	B	C	C	L	A	A	A	B	B	C	C	C	C	A	A	B	B	B	B	C	C	A	A	A	A	B	B	C	C	C	C	A	A	B	B	B	B	C	C	A	A	A	A	B	B	C	C	C	C	A	A	B	B	B	B	C	C	A	A	A	A	B	B	C	C	C	C	A	A	B	B	B	B	C	C	A	A	A	A	G	L	L	C	A	A	B	B	C	C	A	A	B	B	C	C	A	A	B	B	C	C	A	A	B	B	C	C	A	A	B	B	C	C	A	A	B	B	C	C	A	A	B	B	C	C	A	A	B	B	C	C	A	A	B	B	C	C	A	A	B	B	C	C	A	A	B	B	C	C	A	A	B	B	C	C	A	A	B	B	C	C	A	A	B	B	C	C	A	A	B	B	C	C	A	A	B	B	C	C	A	A	B	B	C	C	A	A	B	B	C	C	A	A	B	B	C	C	A	A	B	B	C	C	A	A	B	B	C	C	A	A	B	B	C	C	A	A	B	B	C	C	A	A	B	B	C	C	A	A	B	B	C	C	A	A	B	B	C	C	A	A	B	B	C	C	A	A	B	B	C	C	A	A	B	B	C	C	A	A	G	L	L	L	L	L	L	L	L	L	L	L	L	L	L	L	L	
358	G	B	A	L	C	L	A	A	A	L	A	A	A	A	A	L	C	C	C	C	C	C	C	L	A	A	B	B	B	B	B	B	B	B	B	B	G	L	A	A	B	B	B	B	C	C	C	C	C	C	C	C	A	A	A	A	A	A	B	B	G	L	A	A	A	A	A	A	B	B	C	C	C	C	C	C	A	A	A	A	B	B	B	B	B	B	C	C	A	A	A	A	A	A	B	B	B	B	C	C	C	L	A	A	B	B	C	C	C	C	A	A	B	B	B	B	C	C	A	A	A	A	B	B	C	C	C	C	A	A	B	B	B	B	C	C	A	A	A	A	B	B	C	C	C	C	A	A	B	B	B	B	C	C	A	A	A	A	B	B	C	C	C	C	A	A	B	B	B	B	C	C	A	A	A	A	B	B	C	L	A	A	B	B	C	C	A	A	B	B	C	C	A	A	B	B	C	C	A	A	B	B	C	C	A	A	B	B	C	C	A	A	B	B	C	C	A	A	B	B	C	C	A	A	B	B	C	C	A	A	B	B	C	C	A	A	B	B	C	C	A	A	B	B	C	C	A	A	B	B	C	C	A	A	B	B	C	C	A	A	B	B	C	C	A	A	B	B	C	C	A	A	B	B	C	C	A	A	B	B	C	C	A	A	B	B	C	C	A	A	B	B	C	C	A	A	B	B	C	C	A	A	B	B	C	C	A	A	B	B	C	C	A	A	B	B	C	C	A	A	B	B	C	C	A	A	B	B	C	C	A	A	B	B	C	C	A	A	B	B	C	C	A	A	B	B	C	C	A	A	B	B	C	C	A	A	B	B	C	L	L	L	L	L	L	L	L	L	L	L	L	L	L	L	
359	G	C	G	L	C	L	A	A	A	L	A	A	A	A	A	L	C	C	C	C	C	C	C	L	A	B	B	B	B	B	B	B	B	B	B	B	B	L	A	B	B	B	B	C	C	C	C	C	C	C	C	A	A	A	A	A	A	B	B	B	B	L	A	A	A	A	A	B	B	C	C	C	C	C	C	A	A	A	A	B	B	B	B	B	B	C	C	A	A	A	A	A	A	B	B	B	B	C	C	C	C	L	A	B	B	C	C	C	C	A	A	B	B	B	B	C	C	A	A	A	A	B	B	C	C	C	C	A	A	B	B	B	B	C	C	A	A	A	A	B	B	C	C	C	C	A	A	B	B	B	B	C	C	A	A	A	A	B	B	C	C	C	C	A	A	B	B	B	B	C	C	A	A	A	A	B	B	C	C	L	A	B	B	C	C	A	A	B	B	C	C	A	A	B	B	C	C	A	A	B	B	C	C	A	A	B	B	C	C	A	A	B	B	C	C	A	A	B	B	C	C	A	A	B	B	C	C	A	A	B	B	C	C	A	A	B	B	C	C	A	A	B	B	C	C	A	A	B	B	C	C	A	A	B	B	C	C	A	A	B	B	C	C	A	A	B	B	C	C	A	A	B	B	C	C	A	A	B	B	C	C	A	A	B	B	C	C	A	A	B	B	C	C	A	A	B	B	C	C	A	A	B	B	C	C	A	A	B	B	C	C	A	A	B	B	C	C	A	A	B	B	C	C	A	A	B	B	C	C	A	A	B	B	C	C	A	A	B	B	C	C	A	A	B	B	C	C	A	A	B	B	C	C	A	A	B	B	C	C	A	L	L	L	L	L	L	L	L	L	L	L	L	L	L	
360	G	B	A	L	C	L	A	A	A	L	A	A	A	A	A	L	C	C	C	C	C	C	C	L	L	B	B	B	B	B	B	B	B	B	B	B	G	L	L	B	B	B	C	C	C	C	C	C	C	C	A	A	A	A	A	A	B	B	B	B	G	L	A	A	A	A	B	B	C	C	C	C	C	C	A	A	A	A	B	B	B	B	B	B	C	C	A	A	A	A	A	A	B	B	B	B	C	C	C	C	C	L	L	B	C	C	C	C	A	A	B	B	B	B	C	C	A	A	A	A	B	B	C	C	C	C	A	A	B	B	B	B	C	C	A	A	A	A	B	B	C	C	C	C	A	A	B	B	B	B	C	C	A	A	A	A	B	B	C	C	C	C	A	A	B	B	B	B	C	C	A	A	A	A	B	B	C	C	C	L	L	B	C	C	A	A	B	B	C	C	A	A	B	B	C	C	A	A	B	B	C	C	A	A	B	B	C	C	A	A	B	B	C	C	A	A	B	B	C	C	A	A	B	B	C	C	A	A	B	B	C	C	A	A	B	B	C	C	A	A	B	B	C	C	A	A	B	B	C	C	A	A	B	B	C	C	A	A	B	B	C	C	A	A	B	B	C	C	A	A	B	B	C	C	A	A	B	B	C	C	A	A	B	B	C	C	A	A	B	B	C	C	A	A	B	B	C	C	A	A	B	B	C	C	A	A	B	B	C	C	A	A	B	B	C	C	A	A	B	B	C	C	A	A	B	B	C	C	A	A	B	B	C	C	A	A	B	B	C	C	A	A	B	B	C	C	A	A	B	B	C	C	A	A	B	B	C	C	A	A	G	L	L	L	L	L	L	L	L	L	L	L	L	L	
361	G	C	G	L	C	L	A	A	A	L	A	A	A	A	A	L	C	C	C	C	C	C	C	A	L	B	B	B	B	B	B	B	B	B	B	B	B	C	L	B	B	C	C	C	C	C	C	C	C	A	A	A	A	A	A	B	B	B	B	B	B	L	A	A	A	B	B	C	C	C	C	C	C	A	A	A	A	B	B	B	B	B	B	C	C	A	A	A	A	A	A	B	B	B	B	C	C	C	C	C	C	A	L	L	C	C	C	A	A	B	B	B	B	C	C	A	A	A	A	B	B	C	C	C	C	A	A	B	B	B	B	C	C	A	A	A	A	B	B	C	C	C	C	A	A	B	B	B	B	C	C	A	A	A	A	B	B	C	C	C	C	A	A	B	B	B	B	C	C	A	A	A	A	B	B	C	C	C	C	A	L	L	C	A	A	B	B	C	C	A	A	B	B	C	C	A	A	B	B	C	C	A	A	B	B	C	C	A	A	B	B	C	C	A	A	B	B	C	C	A	A	B	B	C	C	A	A	B	B	C	C	A	A	B	B	C	C	A	A	B	B	C	C	A	A	B	B	C	C	A	A	B	B	C	C	A	A	B	B	C	C	A	A	B	B	C	C	A	A	B	B	C	C	A	A	B	B	C	C	A	A	B	B	C	C	A	A	B	B	C	C	A	A	B	B	C	C	A	A	B	B	C	C	A	A	B	B	C	C	A	A	B	B	C	C	A	A	B	B	C	C	A	A	B	B	C	C	A	A	B	B	C	C	A	A	B	B	C	C	A	A	B	B	C	C	A	A	B	B	C	C	A	A	B	B	C	C	A	A	B	B	C	L	L	L	L	L	L	L	L	L	L	L	L	
362	G	B	A	L	C	L	A	A	A	L	A	A	A	A	A	L	C	C	C	C	C	C	A	A	L	B	B	B	B	B	B	B	B	B	B	B	C	C	L	B	C	C	C	C	C	C	C	C	A	A	A	A	A	A	B	B	B	B	B	B	G	L	A	A	B	B	C	C	C	C	C	C	A	A	A	A	B	B	B	B	B	B	C	C	A	A	A	A	A	A	B	B	B	B	C	C	C	C	C	C	A	A	G	L	C	C	A	A	B	B	B	B	C	C	A	A	A	A	B	B	C	C	C	C	A	A	B	B	B	B	C	C	A	A	A	A	B	B	C	C	C	C	A	A	B	B	B	B	C	C	A	A	A	A	B	B	C	C	C	C	A	A	B	B	B	B	C	C	A	A	A	A	B	B	C	C	C	C	A	A	G	L	A	A	B	B	C	C	A	A	B	B	C	C	A	A	B	B	C	C	A	A	B	B	C	C	A	A	B	B	C	C	A	A	B	B	C	C	A	A	B	B	C	C	A	A	B	B	C	C	A	A	B	B	C	C	A	A	B	B	C	C	A	A	B	B	C	C	A	A	B	B	C	C	A	A	B	B	C	C	A	A	B	B	C	C	A	A	B	B	C	C	A	A	B	B	C	C	A	A	B	B	C	C	A	A	B	B	C	C	A	A	B	B	C	C	A	A	B	B	C	C	A	A	B	B	C	C	A	A	B	B	C	C	A	A	B	B	C	C	A	A	B	B	C	C	A	A	B	B	C	C	A	A	B	B	C	C	A	A	B	B	C	C	A	A	B	B	C	C	A	A	B	B	C	C	A	A	B	B	C	C	A	L	L	L	L	L	L	L	L	L	L	L	
363	G	C	G	L	C	L	A	A	A	L	A	A	A	A	A	L	C	C	C	C	C	A	A	A	L	B	B	B	B	B	B	B	B	B	B	C	C	C	L	L	C	C	C	C	C	C	C	A	A	A	A	A	A	B	B	B	B	B	B	B	B	L	A	B	B	C	C	C	C	C	C	A	A	A	A	B	B	B	B	B	B	C	C	A	A	A	A	A	A	B	B	B	B	C	C	C	C	C	C	A	A	B	B	L	C	A	A	B	B	B	B	C	C	A	A	A	A	B	B	C	C	C	C	A	A	B	B	B	B	C	C	A	A	A	A	B	B	C	C	C	C	A	A	B	B	B	B	C	C	A	A	A	A	B	B	C	C	C	C	A	A	B	B	B	B	C	C	A	A	A	A	B	B	C	C	C	C	A	A	B	B	L	A	B	B	C	C	A	A	B	B	C	C	A	A	B	B	C	C	A	A	B	B	C	C	A	A	B	B	C	C	A	A	B	B	C	C	A	A	B	B	C	C	A	A	B	B	C	C	A	A	B	B	C	C	A	A	B	B	C	C	A	A	B	B	C	C	A	A	B	B	C	C	A	A	B	B	C	C	A	A	B	B	C	C	A	A	B	B	C	C	A	A	B	B	C	C	A	A	B	B	C	C	A	A	B	B	C	C	A	A	B	B	C	C	A	A	B	B	C	C	A	A	B	B	C	C	A	A	B	B	C	C	A	A	B	B	C	C	A	A	B	B	C	C	A	A	B	B	C	C	A	A	B	B	C	C	A	A	B	B	C	C	A	A	B	B	C	C	A	A	B	B	C	C	A	A	B	B	C	C	A	A	G	L	L	L	L	L	L	L	L	L	L	
364	G	B	A	L	C	L	A	A	A	L	A	A	A	A	A	L	C	C	C	C	A	A	A	A	L	B	B	B	B	B	B	B	B	B	C	C	C	C	A	L	C	C	C	C	C	C	A	A	A	A	A	A	B	B	B	B	B	B	B	B	G	L	L	B	C	C	C	C	C	C	A	A	A	A	B	B	B	B	B	B	C	C	A	A	A	A	A	A	B	B	B	B	C	C	C	C	C	C	A	A	B	B	G	L	A	A	B	B	B	B	C	C	A	A	A	A	B	B	C	C	C	C	A	A	B	B	B	B	C	C	A	A	A	A	B	B	C	C	C	C	A	A	B	B	B	B	C	C	A	A	A	A	B	B	C	C	C	C	A	A	B	B	B	B	C	C	A	A	A	A	B	B	C	C	C	C	A	A	B	B	G	L	L	B	C	C	A	A	B	B	C	C	A	A	B	B	C	C	A	A	B	B	C	C	A	A	B	B	C	C	A	A	B	B	C	C	A	A	B	B	C	C	A	A	B	B	C	C	A	A	B	B	C	C	A	A	B	B	C	C	A	A	B	B	C	C	A	A	B	B	C	C	A	A	B	B	C	C	A	A	B	B	C	C	A	A	B	B	C	C	A	A	B	B	C	C	A	A	B	B	C	C	A	A	B	B	C	C	A	A	B	B	C	C	A	A	B	B	C	C	A	A	B	B	C	C	A	A	B	B	C	C	A	A	B	B	C	C	A	A	B	B	C	C	A	A	B	B	C	C	A	A	B	B	C	C	A	A	B	B	C	C	A	A	B	B	C	C	A	A	B	B	C	C	A	A	B	B	C	C	A	A	B	B	C	L	L	L	L	L	L	L	L	L	
365	G	C	G	L	C	L	A	A	A	L	A	A	A	A	A	L	C	C	C	A	A	A	A	A	L	B	B	B	B	B	B	B	B	C	C	C	C	A	A	L	C	C	C	C	C	A	A	A	A	A	A	B	B	B	B	B	B	B	B	B	B	C	L	L	C	C	C	C	C	A	A	A	A	B	B	B	B	B	B	C	C	A	A	A	A	A	A	B	B	B	B	C	C	C	C	C	C	A	A	B	B	B	B	L	A	B	B	B	B	C	C	A	A	A	A	B	B	C	C	C	C	A	A	B	B	B	B	C	C	A	A	A	A	B	B	C	C	C	C	A	A	B	B	B	B	C	C	A	A	A	A	B	B	C	C	C	C	A	A	B	B	B	B	C	C	A	A	A	A	B	B	C	C	C	C	A	A	B	B	B	B	C	L	L	C	A	A	B	B	C	C	A	A	B	B	C	C	A	A	B	B	C	C	A	A	B	B	C	C	A	A	B	B	C	C	A	A	B	B	C	C	A	A	B	B	C	C	A	A	B	B	C	C	A	A	B	B	C	C	A	A	B	B	C	C	A	A	B	B	C	C	A	A	B	B	C	C	A	A	B	B	C	C	A	A	B	B	C	C	A	A	B	B	C	C	A	A	B	B	C	C	A	A	B	B	C	C	A	A	B	B	C	C	A	A	B	B	C	C	A	A	B	B	C	C	A	A	B	B	C	C	A	A	B	B	C	C	A	A	B	B	C	C	A	A	B	B	C	C	A	A	B	B	C	C	A	A	B	B	C	C	A	A	B	B	C	C	A	A	B	B	C	C	A	A	B	B	C	C	A	A	B	B	C	C	A	L	L	L	L	L	L	L	L	
366	G	B	A	L	C	L	A	A	A	L	A	A	A	A	A	L	C	C	A	A	A	A	A	A	L	B	B	B	B	B	B	B	C	C	C	C	A	A	A	L	C	C	C	C	A	A	A	A	A	A	B	B	B	B	B	B	B	B	B	B	C	C	A	L	C	C	C	C	A	A	A	A	B	B	B	B	B	B	C	C	A	A	A	A	A	A	B	B	B	B	C	C	C	C	C	C	A	A	B	B	B	B	G	L	L	B	B	B	C	C	A	A	A	A	B	B	C	C	C	C	A	A	B	B	B	B	C	C	A	A	A	A	B	B	C	C	C	C	A	A	B	B	B	B	C	C	A	A	A	A	B	B	C	C	C	C	A	A	B	B	B	B	C	C	A	A	A	A	B	B	C	C	C	C	A	A	B	B	B	B	C	C	A	L	A	A	B	B	C	C	A	A	B	B	C	C	A	A	B	B	C	C	A	A	B	B	C	C	A	A	B	B	C	C	A	A	B	B	C	C	A	A	B	B	C	C	A	A	B	B	C	C	A	A	B	B	C	C	A	A	B	B	C	C	A	A	B	B	C	C	A	A	B	B	C	C	A	A	B	B	C	C	A	A	B	B	C	C	A	A	B	B	C	C	A	A	B	B	C	C	A	A	B	B	C	C	A	A	B	B	C	C	A	A	B	B	C	C	A	A	B	B	C	C	A	A	B	B	C	C	A	A	B	B	C	C	A	A	B	B	C	C	A	A	B	B	C	C	A	A	B	B	C	C	A	A	B	B	C	C	A	A	B	B	C	C	A	A	B	B	C	C	A	A	B	B	C	C	A	A	B	B	C	C	A	A	G	L	L	L	L	L	L	L	
367	G	C	G	L	C	L	A	A	A	L	A	A	A	A	A	L	C	A	A	A	A	A	A	A	L	B	B	B	B	B	B	C	C	C	C	A	A	A	A	L	C	C	C	A	A	A	A	A	A	B	B	B	B	B	B	B	B	B	B	C	C	A	A	L	C	C	C	A	A	A	A	B	B	B	B	B	B	C	C	A	A	A	A	A	A	B	B	B	B	C	C	C	C	C	C	A	A	B	B	B	B	B	B	C	L	B	B	C	C	A	A	A	A	B	B	C	C	C	C	A	A	B	B	B	B	C	C	A	A	A	A	B	B	C	C	C	C	A	A	B	B	B	B	C	C	A	A	A	A	B	B	C	C	C	C	A	A	B	B	B	B	C	C	A	A	A	A	B	B	C	C	C	C	A	A	B	B	B	B	C	C	A	A	L	A	B	B	C	C	A	A	B	B	C	C	A	A	B	B	C	C	A	A	B	B	C	C	A	A	B	B	C	C	A	A	B	B	C	C	A	A	B	B	C	C	A	A	B	B	C	C	A	A	B	B	C	C	A	A	B	B	C	C	A	A	B	B	C	C	A	A	B	B	C	C	A	A	B	B	C	C	A	A	B	B	C	C	A	A	B	B	C	C	A	A	B	B	C	C	A	A	B	B	C	C	A	A	B	B	C	C	A	A	B	B	C	C	A	A	B	B	C	C	A	A	B	B	C	C	A	A	B	B	C	C	A	A	B	B	C	C	A	A	B	B	C	C	A	A	B	B	C	C	A	A	B	B	C	C	A	A	B	B	C	C	A	A	B	B	C	C	A	A	B	B	C	C	A	A	B	B	C	C	A	A	B	B	C	L	L	L	L	L	L	
368	G	B	A	L	C	L	A	A	A	L	A	A	A	A	A	L	A	A	A	A	A	A	A	A	L	B	B	B	B	B	C	C	C	C	A	A	A	A	A	L	C	C	A	A	A	A	A	A	B	B	B	B	B	B	B	B	B	B	C	C	A	A	A	L	C	C	A	A	A	A	B	B	B	B	B	B	C	C	A	A	A	A	A	A	B	B	B	B	C	C	C	C	C	C	A	A	B	B	B	B	B	B	C	C	L	B	C	C	A	A	A	A	B	B	C	C	C	C	A	A	B	B	B	B	C	C	A	A	A	A	B	B	C	C	C	C	A	A	B	B	B	B	C	C	A	A	A	A	B	B	C	C	C	C	A	A	B	B	B	B	C	C	A	A	A	A	B	B	C	C	C	C	A	A	B	B	B	B	C	C	A	A	A	L	L	B	C	C	A	A	B	B	C	C	A	A	B	B	C	C	A	A	B	B	C	C	A	A	B	B	C	C	A	A	B	B	C	C	A	A	B	B	C	C	A	A	B	B	C	C	A	A	B	B	C	C	A	A	B	B	C	C	A	A	B	B	C	C	A	A	B	B	C	C	A	A	B	B	C	C	A	A	B	B	C	C	A	A	B	B	C	C	A	A	B	B	C	C	A	A	B	B	C	C	A	A	B	B	C	C	A	A	B	B	C	C	A	A	B	B	C	C	A	A	B	B	C	C	A	A	B	B	C	C	A	A	B	B	C	C	A	A	B	B	C	C	A	A	B	B	C	C	A	A	B	B	C	C	A	A	B	B	C	C	A	A	B	B	C	C	A	A	B	B	C	C	A	A	B	B	C	C	A	A	B	B	C	C	A	L	L	L	L	L	
369	G	C	G	L	C	L	A	A	A	L	A	A	A	A	A	L	A	A	A	A	A	A	A	A	L	B	B	B	B	C	C	C	C	A	A	A	A	A	A	L	C	A	A	A	A	A	A	B	B	B	B	B	B	B	B	B	B	C	C	A	A	A	A	L	C	A	A	A	A	B	B	B	B	B	B	C	C	A	A	A	A	A	A	B	B	B	B	C	C	C	C	C	C	A	A	B	B	B	B	B	B	C	C	C	L	L	C	A	A	A	A	B	B	C	C	C	C	A	A	B	B	B	B	C	C	A	A	A	A	B	B	C	C	C	C	A	A	B	B	B	B	C	C	A	A	A	A	B	B	C	C	C	C	A	A	B	B	B	B	C	C	A	A	A	A	B	B	C	C	C	C	A	A	B	B	B	B	C	C	A	A	A	A	G	L	L	C	A	A	B	B	C	C	A	A	B	B	C	C	A	A	B	B	C	C	A	A	B	B	C	C	A	A	B	B	C	C	A	A	B	B	C	C	A	A	B	B	C	C	A	A	B	B	C	C	A	A	B	B	C	C	A	A	B	B	C	C	A	A	B	B	C	C	A	A	B	B	C	C	A	A	B	B	C	C	A	A	B	B	C	C	A	A	B	B	C	C	A	A	B	B	C	C	A	A	B	B	C	C	A	A	B	B	C	C	A	A	B	B	C	C	A	A	B	B	C	C	A	A	B	B	C	C	A	A	B	B	C	C	A	A	B	B	C	C	A	A	B	B	C	C	A	A	B	B	C	C	A	A	B	B	C	C	A	A	B	B	C	C	A	A	B	B	C	C	A	A	B	B	C	C	A	A	B	B	C	C	A	A	G	L	L	L	L	
370	G	B	A	L	C	L	A	A	A	L	A	A	A	A	A	L	A	A	A	A	A	A	A	A	L	B	B	B	C	C	C	C	A	A	A	A	A	A	A	L	A	A	A	A	A	A	B	B	B	B	B	B	B	B	B	B	C	C	A	A	A	A	A	L	A	A	A	A	B	B	B	B	B	B	C	C	A	A	A	A	A	A	B	B	B	B	C	C	C	C	C	C	A	A	B	B	B	B	B	B	C	C	C	C	A	L	A	A	A	A	B	B	C	C	C	C	A	A	B	B	B	B	C	C	A	A	A	A	B	B	C	C	C	C	A	A	B	B	B	B	C	C	A	A	A	A	B	B	C	C	C	C	A	A	B	B	B	B	C	C	A	A	A	A	B	B	C	C	C	C	A	A	B	B	B	B	C	C	A	A	A	A	B	B	C	L	A	A	B	B	C	C	A	A	B	B	C	C	A	A	B	B	C	C	A	A	B	B	C	C	A	A	B	B	C	C	A	A	B	B	C	C	A	A	B	B	C	C	A	A	B	B	C	C	A	A	B	B	C	C	A	A	B	B	C	C	A	A	B	B	C	C	A	A	B	B	C	C	A	A	B	B	C	C	A	A	B	B	C	C	A	A	B	B	C	C	A	A	B	B	C	C	A	A	B	B	C	C	A	A	B	B	C	C	A	A	B	B	C	C	A	A	B	B	C	C	A	A	B	B	C	C	A	A	B	B	C	C	A	A	B	B	C	C	A	A	B	B	C	C	A	A	B	B	C	C	A	A	B	B	C	C	A	A	B	B	C	C	A	A	B	B	C	C	A	A	B	B	C	C	A	A	B	B	C	C	A	A	B	B	C	L	L	L	
371	G	C	G	L	C	L	A	A	A	L	A	A	A	A	A	L	A	A	A	A	A	A	A	A	L	B	B	C	C	C	C	A	A	A	A	A	A	A	A	L	A	A	A	A	A	B	B	B	B	B	B	B	B	B	B	C	C	A	A	A	A	A	A	L	A	A	A	B	B	B	B	B	B	C	C	A	A	A	A	A	A	B	B	B	B	C	C	C	C	C	C	A	A	B	B	B	B	B	B	C	C	C	C	A	A	L	A	A	A	B	B	C	C	C	C	A	A	B	B	B	B	C	C	A	A	A	A	B	B	C	C	C	C	A	A	B	B	B	B	C	C	A	A	A	A	B	B	C	C	C	C	A	A	B	B	B	B	C	C	A	A	A	A	B	B	C	C	C	C	A	A	B	B	B	B	C	C	A	A	A	A	B	B	C	C	L	A	B	B	C	C	A	A	B	B	C	C	A	A	B	B	C	C	A	A	B	B	C	C	A	A	B	B	C	C	A	A	B	B	C	C	A	A	B	B	C	C	A	A	B	B	C	C	A	A	B	B	C	C	A	A	B	B	C	C	A	A	B	B	C	C	A	A	B	B	C	C	A	A	B	B	C	C	A	A	B	B	C	C	A	A	B	B	C	C	A	A	B	B	C	C	A	A	B	B	C	C	A	A	B	B	C	C	A	A	B	B	C	C	A	A	B	B	C	C	A	A	B	B	C	C	A	A	B	B	C	C	A	A	B	B	C	C	A	A	B	B	C	C	A	A	B	B	C	C	A	A	B	B	C	C	A	A	B	B	C	C	A	A	B	B	C	C	A	A	B	B	C	C	A	A	B	B	C	C	A	A	B	B	C	C	A	L	L	
372	G	B	A	L	C	L	A	A	A	L	A	A	A	A	A	L	A	A	A	A	A	A	A	A	L	B	C	C	C	C	A	A	A	A	A	A	A	A	A	L	A	A	A	A	B	B	B	B	B	B	B	B	B	B	C	C	A	A	A	A	A	A	A	L	A	A	B	B	B	B	B	B	C	C	A	A	A	A	A	A	B	B	B	B	C	C	C	C	C	C	A	A	B	B	B	B	B	B	C	C	C	C	A	A	A	L	A	A	B	B	C	C	C	C	A	A	B	B	B	B	C	C	A	A	A	A	B	B	C	C	C	C	A	A	B	B	B	B	C	C	A	A	A	A	B	B	C	C	C	C	A	A	B	B	B	B	C	C	A	A	A	A	B	B	C	C	C	C	A	A	B	B	B	B	C	C	A	A	A	A	B	B	C	C	C	L	L	B	C	C	A	A	B	B	C	C	A	A	B	B	C	C	A	A	B	B	C	C	A	A	B	B	C	C	A	A	B	B	C	C	A	A	B	B	C	C	A	A	B	B	C	C	A	A	B	B	C	C	A	A	B	B	C	C	A	A	B	B	C	C	A	A	B	B	C	C	A	A	B	B	C	C	A	A	B	B	C	C	A	A	B	B	C	C	A	A	B	B	C	C	A	A	B	B	C	C	A	A	B	B	C	C	A	A	B	B	C	C	A	A	B	B	C	C	A	A	B	B	C	C	A	A	B	B	C	C	A	A	B	B	C	C	A	A	B	B	C	C	A	A	B	B	C	C	A	A	B	B	C	C	A	A	B	B	C	C	A	A	B	B	C	C	A	A	B	B	C	C	A	A	B	B	C	C	A	A	B	B	C	C	A	A	G	L	
373	G	C	G	L	C	L	A	A	A	L	A	A	A	A	A	L	A	A	A	A	A	A	A	A	L	L	C	C	C	A	A	A	A	A	A	A	A	A	A	L	A	A	A	B	B	B	B	B	B	B	B	B	B	C	C	A	A	A	A	A	A	A	A	L	A	B	B	B	B	B	B	C	C	A	A	A	A	A	A	B	B	B	B	C	C	C	C	C	C	A	A	B	B	B	B	B	B	C	C	C	C	A	A	A	A	L	A	B	B	C	C	C	C	A	A	B	B	B	B	C	C	A	A	A	A	B	B	C	C	C	C	A	A	B	B	B	B	C	C	A	A	A	A	B	B	C	C	C	C	A	A	B	B	B	B	C	C	A	A	A	A	B	B	C	C	C	C	A	A	B	B	B	B	C	C	A	A	A	A	B	B	C	C	C	C	A	L	L	C	A	A	B	B	C	C	A	A	B	B	C	C	A	A	B	B	C	C	A	A	B	B	C	C	A	A	B	B	C	C	A	A	B	B	C	C	A	A	B	B	C	C	A	A	B	B	C	C	A	A	B	B	C	C	A	A	B	B	C	C	A	A	B	B	C	C	A	A	B	B	C	C	A	A	B	B	C	C	A	A	B	B	C	C	A	A	B	B	C	C	A	A	B	B	C	C	A	A	B	B	C	C	A	A	B	B	C	C	A	A	B	B	C	C	A	A	B	B	C	C	A	A	B	B	C	C	A	A	B	B	C	C	A	A	B	B	C	C	A	A	B	B	C	C	A	A	B	B	C	C	A	A	B	B	C	C	A	A	B	B	C	C	A	A	B	B	C	C	A	A	B	B	C	C	A	A	B	B	C	C	A	A	B	B	A	
374	G	B	A	L	C	L	A	A	A	L	A	A	A	A	A	L	A	A	A	A	A	A	A	A	G	L	C	C	A	A	A	A	A	A	A	A	A	A	A	L	A	A	B	B	B	B	B	B	B	B	B	B	C	C	A	A	A	A	A	A	A	A	A	L	L	B	B	B	B	B	C	C	A	A	A	A	A	A	B	B	B	B	C	C	C	C	C	C	A	A	B	B	B	B	B	B	C	C	C	C	A	A	A	A	A	L	L	B	C	C	C	C	A	A	B	B	B	B	C	C	A	A	A	A	B	B	C	C	C	C	A	A	B	B	B	B	C	C	A	A	A	A	B	B	C	C	C	C	A	A	B	B	B	B	C	C	A	A	A	A	B	B	C	C	C	C	A	A	B	B	B	B	C	C	A	A	A	A	B	B	C	C	C	C	A	A	G	L	A	A	B	B	C	C	A	A	B	B	C	C	A	A	B	B	C	C	A	A	B	B	C	C	A	A	B	B	C	C	A	A	B	B	C	C	A	A	B	B	C	C	A	A	B	B	C	C	A	A	B	B	C	C	A	A	B	B	C	C	A	A	B	B	C	C	A	A	B	B	C	C	A	A	B	B	C	C	A	A	B	B	C	C	A	A	B	B	C	C	A	A	B	B	C	C	A	A	B	B	C	C	A	A	B	B	C	C	A	A	B	B	C	C	A	A	B	B	C	C	A	A	B	B	C	C	A	A	B	B	C	C	A	A	B	B	C	C	A	A	B	B	C	C	A	A	B	B	C	C	A	A	B	B	C	C	A	A	B	B	C	C	A	A	B	B	C	C	A	A	B	B	C	C	A	A	B	B	C	C	A	A	B	B	A	C	
375	G	C	G	L	C	L	A	A	A	L	A	A	A	A	A	L	A	A	A	A	A	A	A	B	B	L	C	A	A	A	A	A	A	A	A	A	A	A	A	L	A	B	B	B	B	B	B	B	B	B	B	C	C	A	A	A	A	A	A	A	A	A	A	G	L	B	B	B	B	C	C	A	A	A	A	A	A	B	B	B	B	C	C	C	C	C	C	A	A	B	B	B	B	B	B	C	C	C	C	A	A	A	A	A	A	G	L	L	C	C	C	A	A	B	B	B	B	C	C	A	A	A	A	B	B	C	C	C	C	A	A	B	B	B	B	C	C	A	A	A	A	B	B	C	C	C	C	A	A	B	B	B	B	C	C	A	A	A	A	B	B	C	C	C	C	A	A	B	B	B	B	C	C	A	A	A	A	B	B	C	C	C	C	A	A	B	B	L	A	B	B	C	C	A	A	B	B	C	C	A	A	B	B	C	C	A	A	B	B	C	C	A	A	B	B	C	C	A	A	B	B	C	C	A	A	B	B	C	C	A	A	B	B	C	C	A	A	B	B	C	C	A	A	B	B	C	C	A	A	B	B	C	C	A	A	B	B	C	C	A	A	B	B	C	C	A	A	B	B	C	C	A	A	B	B	C	C	A	A	B	B	C	C	A	A	B	B	C	C	A	A	B	B	C	C	A	A	B	B	C	C	A	A	B	B	C	C	A	A	B	B	C	C	A	A	B	B	C	C	A	A	B	B	C	C	A	A	B	B	C	C	A	A	B	B	C	C	A	A	B	B	C	C	A	A	B	B	C	C	A	A	B	B	C	C	A	A	B	B	C	C	A	A	B	B	C	C	A	A	B	B	A	C	B	
376	G	B	A	L	C	L	A	A	A	L	A	A	A	A	A	L	A	A	A	A	A	A	B	B	G	L	A	A	A	A	A	A	A	A	A	A	A	A	A	L	L	B	B	B	B	B	B	B	B	B	C	C	A	A	A	A	A	A	A	A	A	A	B	B	L	B	B	B	C	C	A	A	A	A	A	A	B	B	B	B	C	C	C	C	C	C	A	A	B	B	B	B	B	B	C	C	C	C	A	A	A	A	A	A	B	B	C	L	C	C	A	A	B	B	B	B	C	C	A	A	A	A	B	B	C	C	C	C	A	A	B	B	B	B	C	C	A	A	A	A	B	B	C	C	C	C	A	A	B	B	B	B	C	C	A	A	A	A	B	B	C	C	C	C	A	A	B	B	B	B	C	C	A	A	A	A	B	B	C	C	C	C	A	A	B	B	G	L	L	B	C	C	A	A	B	B	C	C	A	A	B	B	C	C	A	A	B	B	C	C	A	A	B	B	C	C	A	A	B	B	C	C	A	A	B	B	C	C	A	A	B	B	C	C	A	A	B	B	C	C	A	A	B	B	C	C	A	A	B	B	C	C	A	A	B	B	C	C	A	A	B	B	C	C	A	A	B	B	C	C	A	A	B	B	C	C	A	A	B	B	C	C	A	A	B	B	C	C	A	A	B	B	C	C	A	A	B	B	C	C	A	A	B	B	C	C	A	A	B	B	C	C	A	A	B	B	C	C	A	A	B	B	C	C	A	A	B	B	C	C	A	A	B	B	C	C	A	A	B	B	C	C	A	A	B	B	C	C	A	A	B	B	C	C	A	A	B	B	C	C	A	A	B	B	C	C	A	A	B	B	A	C	B	L	
377	G	C	G	L	C	L	A	A	A	L	A	A	A	A	A	L	A	A	A	A	A	B	B	B	B	L	A	A	A	A	A	A	A	A	A	A	A	A	A	G	L	B	B	B	B	B	B	B	B	C	C	A	A	A	A	A	A	A	A	A	A	B	B	G	L	B	B	C	C	A	A	A	A	A	A	B	B	B	B	C	C	C	C	C	C	A	A	B	B	B	B	B	B	C	C	C	C	A	A	A	A	A	A	B	B	C	C	L	C	A	A	B	B	B	B	C	C	A	A	A	A	B	B	C	C	C	C	A	A	B	B	B	B	C	C	A	A	A	A	B	B	C	C	C	C	A	A	B	B	B	B	C	C	A	A	A	A	B	B	C	C	C	C	A	A	B	B	B	B	C	C	A	A	A	A	B	B	C	C	C	C	A	A	B	B	B	B	C	L	L	C	A	A	B	B	C	C	A	A	B	B	C	C	A	A	B	B	C	C	A	A	B	B	C	C	A	A	B	B	C	C	A	A	B	B	C	C	A	A	B	B	C	C	A	A	B	B	C	C	A	A	B	B	C	C	A	A	B	B	C	C	A	A	B	B	C	C	A	A	B	B	C	C	A	A	B	B	C	C	A	A	B	B	C	C	A	A	B	B	C	C	A	A	B	B	C	C	A	A	B	B	C	C	A	A	B	B	C	C	A	A	B	B	C	C	A	A	B	B	C	C	A	A	B	B	C	C	A	A	B	B	C	C	A	A	B	B	C	C	A	A	B	B	C	C	A	A	B	B	C	C	A	A	B	B	C	C	A	A	B	B	C	C	A	A	B	B	C	C	A	A	B	B	C	C	A	A	B	B	A	C	B	L	L	
378	G	B	A	L	C	L	A	A	A	L	A	A	A	A	A	L	A	A	A	A	B	B	B	B	G	L	A	A	A	A	A	A	A	A	A	A	A	A	B	B	L	B	B	B	B	B	B	B	C	C	A	A	A	A	A	A	A	A	A	A	B	B	B	B	L	B	C	C	A	A	A	A	A	A	B	B	B	B	C	C	C	C	C	C	A	A	B	B	B	B	B	B	C	C	C	C	A	A	A	A	A	A	B	B	C	C	C	L	A	A	B	B	B	B	C	C	A	A	A	A	B	B	C	C	C	C	A	A	B	B	B	B	C	C	A	A	A	A	B	B	C	C	C	C	A	A	B	B	B	B	C	C	A	A	A	A	B	B	C	C	C	C	A	A	B	B	B	B	C	C	A	A	A	A	B	B	C	C	C	C	A	A	B	B	B	B	C	C	A	L	A	A	B	B	C	C	A	A	B	B	C	C	A	A	B	B	C	C	A	A	B	B	C	C	A	A	B	B	C	C	A	A	B	B	C	C	A	A	B	B	C	C	A	A	B	B	C	C	A	A	B	B	C	C	A	A	B	B	C	C	A	A	B	B	C	C	A	A	B	B	C	C	A	A	B	B	C	C	A	A	B	B	C	C	A	A	B	B	C	C	A	A	B	B	C	C	A	A	B	B	C	C	A	A	B	B	C	C	A	A	B	B	C	C	A	A	B	B	C	C	A	A	B	B	C	C	A	A	B	B	C	C	A	A	B	B	C	C	A	A	B	B	C	C	A	A	B	B	C	C	A	A	B	B	C	C	A	A	B	B	C	C	A	A	B	B	C	C	A	A	B	B	C	C	A	A	B	B	A	C	B	L	L	L	
379	G	C	G	L	C	L	A	A	A	L	A	A	A	A	A	L	A	A	A	B	B	B	B	B	B	L	A	A	A	A	A	A	A	A	A	A	A	B	B	G	L	B	B	B	B	B	B	C	C	A	A	A	A	A	A	A	A	A	A	B	B	B	B	G	L	L	C	A	A	A	A	A	A	B	B	B	B	C	C	C	C	C	C	A	A	B	B	B	B	B	B	C	C	C	C	A	A	A	A	A	A	B	B	C	C	C	C	L	A	B	B	B	B	C	C	A	A	A	A	B	B	C	C	C	C	A	A	B	B	B	B	C	C	A	A	A	A	B	B	C	C	C	C	A	A	B	B	B	B	C	C	A	A	A	A	B	B	C	C	C	C	A	A	B	B	B	B	C	C	A	A	A	A	B	B	C	C	C	C	A	A	B	B	B	B	C	C	A	A	L	A	B	B	C	C	A	A	B	B	C	C	A	A	B	B	C	C	A	A	B	B	C	C	A	A	B	B	C	C	A	A	B	B	C	C	A	A	B	B	C	C	A	A	B	B	C	C	A	A	B	B	C	C	A	A	B	B	C	C	A	A	B	B	C	C	A	A	B	B	C	C	A	A	B	B	C	C	A	A	B	B	C	C	A	A	B	B	C	C	A	A	B	B	C	C	A	A	B	B	C	C	A	A	B	B	C	C	A	A	B	B	C	C	A	A	B	B	C	C	A	A	B	B	C	C	A	A	B	B	C	C	A	A	B	B	C	C	A	A	B	B	C	C	A	A	B	B	C	C	A	A	B	B	C	C	A	A	B	B	C	C	A	A	B	B	C	C	A	A	B	B	C	C	A	A	B	B	A	C	B	L	L	L	L	
380	G	B	A	L	C	L	A	A	A	L	A	A	A	A	A	L	A	A	B	B	B	B	B	B	G	L	A	A	A	A	A	A	A	A	A	A	B	B	B	B	L	B	B	B	B	B	C	C	A	A	A	A	A	A	A	A	A	A	B	B	B	B	B	B	C	L	A	A	A	A	A	A	B	B	B	B	C	C	C	C	C	C	A	A	B	B	B	B	B	B	C	C	C	C	A	A	A	A	A	A	B	B	C	C	C	C	C	L	L	B	B	B	C	C	A	A	A	A	B	B	C	C	C	C	A	A	B	B	B	B	C	C	A	A	A	A	B	B	C	C	C	C	A	A	B	B	B	B	C	C	A	A	A	A	B	B	C	C	C	C	A	A	B	B	B	B	C	C	A	A	A	A	B	B	C	C	C	C	A	A	B	B	B	B	C	C	A	A	A	L	L	B	C	C	A	A	B	B	C	C	A	A	B	B	C	C	A	A	B	B	C	C	A	A	B	B	C	C	A	A	B	B	C	C	A	A	B	B	C	C	A	A	B	B	C	C	A	A	B	B	C	C	A	A	B	B	C	C	A	A	B	B	C	C	A	A	B	B	C	C	A	A	B	B	C	C	A	A	B	B	C	C	A	A	B	B	C	C	A	A	B	B	C	C	A	A	B	B	C	C	A	A	B	B	C	C	A	A	B	B	C	C	A	A	B	B	C	C	A	A	B	B	C	C	A	A	B	B	C	C	A	A	B	B	C	C	A	A	B	B	C	C	A	A	B	B	C	C	A	A	B	B	C	C	A	A	B	B	C	C	A	A	B	B	C	C	A	A	B	B	C	C	A	A	B	B	A	C	B	L	L	L	L	L	
381	G	C	G	L	C	L	A	A	A	L	A	A	A	A	A	L	A	B	B	B	B	B	B	B	B	L	A	A	A	A	A	A	A	A	A	B	B	B	B	G	L	B	B	B	B	C	C	A	A	A	A	A	A	A	A	A	A	B	B	B	B	B	B	C	C	L	A	A	A	A	A	B	B	B	B	C	C	C	C	C	C	A	A	B	B	B	B	B	B	C	C	C	C	A	A	A	A	A	A	B	B	C	C	C	C	C	C	A	L	B	B	C	C	A	A	A	A	B	B	C	C	C	C	A	A	B	B	B	B	C	C	A	A	A	A	B	B	C	C	C	C	A	A	B	B	B	B	C	C	A	A	A	A	B	B	C	C	C	C	A	A	B	B	B	B	C	C	A	A	A	A	B	B	C	C	C	C	A	A	B	B	B	B	C	C	A	A	A	A	G	L	L	C	A	A	B	B	C	C	A	A	B	B	C	C	A	A	B	B	C	C	A	A	B	B	C	C	A	A	B	B	C	C	A	A	B	B	C	C	A	A	B	B	C	C	A	A	B	B	C	C	A	A	B	B	C	C	A	A	B	B	C	C	A	A	B	B	C	C	A	A	B	B	C	C	A	A	B	B	C	C	A	A	B	B	C	C	A	A	B	B	C	C	A	A	B	B	C	C	A	A	B	B	C	C	A	A	B	B	C	C	A	A	B	B	C	C	A	A	B	B	C	C	A	A	B	B	C	C	A	A	B	B	C	C	A	A	B	B	C	C	A	A	B	B	C	C	A	A	B	B	C	C	A	A	B	B	C	C	A	A	B	B	C	C	A	A	B	B	C	C	A	A	B	B	A	C	B	L	L	L	L	L	L	
382	G	B	A	L	C	L	A	A	A	L	A	A	A	A	A	L	L	B	B	B	B	B	B	B	G	L	A	A	A	A	A	A	A	A	B	B	B	B	B	B	L	B	B	B	C	C	A	A	A	A	A	A	A	A	A	A	B	B	B	B	B	B	C	C	C	L	A	A	A	A	B	B	B	B	C	C	C	C	C	C	A	A	B	B	B	B	B	B	C	C	C	C	A	A	A	A	A	A	B	B	C	C	C	C	C	C	A	A	L	B	C	C	A	A	A	A	B	B	C	C	C	C	A	A	B	B	B	B	C	C	A	A	A	A	B	B	C	C	C	C	A	A	B	B	B	B	C	C	A	A	A	A	B	B	C	C	C	C	A	A	B	B	B	B	C	C	A	A	A	A	B	B	C	C	C	C	A	A	B	B	B	B	C	C	A	A	A	A	B	B	C	L	A	A	B	B	C	C	A	A	B	B	C	C	A	A	B	B	C	C	A	A	B	B	C	C	A	A	B	B	C	C	A	A	B	B	C	C	A	A	B	B	C	C	A	A	B	B	C	C	A	A	B	B	C	C	A	A	B	B	C	C	A	A	B	B	C	C	A	A	B	B	C	C	A	A	B	B	C	C	A	A	B	B	C	C	A	A	B	B	C	C	A	A	B	B	C	C	A	A	B	B	C	C	A	A	B	B	C	C	A	A	B	B	C	C	A	A	B	B	C	C	A	A	B	B	C	C	A	A	B	B	C	C	A	A	B	B	C	C	A	A	B	B	C	C	A	A	B	B	C	C	A	A	B	B	C	C	A	A	B	B	C	C	A	A	B	B	C	C	A	A	B	B	A	C	B	L	L	L	L	L	L	L	
383	G	C	G	L	C	L	A	A	A	L	A	A	A	A	A	G	L	B	B	B	B	B	B	B	B	L	A	A	A	A	A	A	A	B	B	B	B	B	B	G	L	B	B	C	C	A	A	A	A	A	A	A	A	A	A	B	B	B	B	B	B	C	C	C	C	L	A	A	A	B	B	B	B	C	C	C	C	C	C	A	A	B	B	B	B	B	B	C	C	C	C	A	A	A	A	A	A	B	B	C	C	C	C	C	C	A	A	A	L	L	C	A	A	A	A	B	B	C	C	C	C	A	A	B	B	B	B	C	C	A	A	A	A	B	B	C	C	C	C	A	A	B	B	B	B	C	C	A	A	A	A	B	B	C	C	C	C	A	A	B	B	B	B	C	C	A	A	A	A	B	B	C	C	C	C	A	A	B	B	B	B	C	C	A	A	A	A	B	B	C	C	L	A	B	B	C	C	A	A	B	B	C	C	A	A	B	B	C	C	A	A	B	B	C	C	A	A	B	B	C	C	A	A	B	B	C	C	A	A	B	B	C	C	A	A	B	B	C	C	A	A	B	B	C	C	A	A	B	B	C	C	A	A	B	B	C	C	A	A	B	B	C	C	A	A	B	B	C	C	A	A	B	B	C	C	A	A	B	B	C	C	A	A	B	B	C	C	A	A	B	B	C	C	A	A	B	B	C	C	A	A	B	B	C	C	A	A	B	B	C	C	A	A	B	B	C	C	A	A	B	B	C	C	A	A	B	B	C	C	A	A	B	B	C	C	A	A	B	B	C	C	A	A	B	B	C	C	A	A	B	B	C	C	A	A	B	B	C	C	A	A	B	B	A	C	B	L	L	L	L	L	L	L	L	
384	G	B	A	L	C	L	A	A	A	L	A	A	A	A	B	B	L	B	B	B	B	B	B	B	G	L	A	A	A	A	A	A	B	B	B	B	B	B	B	B	L	B	C	C	A	A	A	A	A	A	A	A	A	A	B	B	B	B	B	B	C	C	C	C	C	L	A	A	B	B	B	B	C	C	C	C	C	C	A	A	B	B	B	B	B	B	C	C	C	C	A	A	A	A	A	A	B	B	C	C	C	C	C	C	A	A	A	A	G	L	A	A	A	A	B	B	C	C	C	C	A	A	B	B	B	B	C	C	A	A	A	A	B	B	C	C	C	C	A	A	B	B	B	B	C	C	A	A	A	A	B	B	C	C	C	C	A	A	B	B	B	B	C	C	A	A	A	A	B	B	C	C	C	C	A	A	B	B	B	B	C	C	A	A	A	A	B	B	C	C	C	L	L	B	C	C	A	A	B	B	C	C	A	A	B	B	C	C	A	A	B	B	C	C	A	A	B	B	C	C	A	A	B	B	C	C	A	A	B	B	C	C	A	A	B	B	C	C	A	A	B	B	C	C	A	A	B	B	C	C	A	A	B	B	C	C	A	A	B	B	C	C	A	A	B	B	C	C	A	A	B	B	C	C	A	A	B	B	C	C	A	A	B	B	C	C	A	A	B	B	C	C	A	A	B	B	C	C	A	A	B	B	C	C	A	A	B	B	C	C	A	A	B	B	C	C	A	A	B	B	C	C	A	A	B	B	C	C	A	A	B	B	C	C	A	A	B	B	C	C	A	A	B	B	C	C	A	A	B	B	C	C	A	A	B	B	C	C	A	A	B	B	A	C	B	L	L	L	L	L	L	L	L	L	
385	G	C	G	L	C	L	A	A	A	L	A	A	A	B	B	G	L	B	B	B	B	B	B	B	B	L	A	A	A	A	A	B	B	B	B	B	B	B	B	G	L	L	C	A	A	A	A	A	A	A	A	A	A	B	B	B	B	B	B	C	C	C	C	C	C	L	A	B	B	B	B	C	C	C	C	C	C	A	A	B	B	B	B	B	B	C	C	C	C	A	A	A	A	A	A	B	B	C	C	C	C	C	C	A	A	A	A	B	B	L	A	A	A	B	B	C	C	C	C	A	A	B	B	B	B	C	C	A	A	A	A	B	B	C	C	C	C	A	A	B	B	B	B	C	C	A	A	A	A	B	B	C	C	C	C	A	A	B	B	B	B	C	C	A	A	A	A	B	B	C	C	C	C	A	A	B	B	B	B	C	C	A	A	A	A	B	B	C	C	C	C	A	L	L	C	A	A	B	B	C	C	A	A	B	B	C	C	A	A	B	B	C	C	A	A	B	B	C	C	A	A	B	B	C	C	A	A	B	B	C	C	A	A	B	B	C	C	A	A	B	B	C	C	A	A	B	B	C	C	A	A	B	B	C	C	A	A	B	B	C	C	A	A	B	B	C	C	A	A	B	B	C	C	A	A	B	B	C	C	A	A	B	B	C	C	A	A	B	B	C	C	A	A	B	B	C	C	A	A	B	B	C	C	A	A	B	B	C	C	A	A	B	B	C	C	A	A	B	B	C	C	A	A	B	B	C	C	A	A	B	B	C	C	A	A	B	B	C	C	A	A	B	B	C	C	A	A	B	B	C	C	A	A	B	B	C	C	A	A	B	B	A	C	B	L	L	L	L	L	L	L	L	L	L	
386	G	B	A	L	C	L	A	A	A	L	A	A	B	B	B	B	L	B	B	B	B	B	B	B	G	L	A	A	A	A	B	B	B	B	B	B	B	B	B	B	C	L	A	A	A	A	A	A	A	A	A	A	B	B	B	B	B	B	C	C	C	C	C	C	C	L	L	B	B	B	C	C	C	C	C	C	A	A	B	B	B	B	B	B	C	C	C	C	A	A	A	A	A	A	B	B	C	C	C	C	C	C	A	A	A	A	B	B	G	L	A	A	B	B	C	C	C	C	A	A	B	B	B	B	C	C	A	A	A	A	B	B	C	C	C	C	A	A	B	B	B	B	C	C	A	A	A	A	B	B	C	C	C	C	A	A	B	B	B	B	C	C	A	A	A	A	B	B	C	C	C	C	A	A	B	B	B	B	C	C	A	A	A	A	B	B	C	C	C	C	A	A	G	L	A	A	B	B	C	C	A	A	B	B	C	C	A	A	B	B	C	C	A	A	B	B	C	C	A	A	B	B	C	C	A	A	B	B	C	C	A	A	B	B	C	C	A	A	B	B	C	C	A	A	B	B	C	C	A	A	B	B	C	C	A	A	B	B	C	C	A	A	B	B	C	C	A	A	B	B	C	C	A	A	B	B	C	C	A	A	B	B	C	C	A	A	B	B	C	C	A	A	B	B	C	C	A	A	B	B	C	C	A	A	B	B	C	C	A	A	B	B	C	C	A	A	B	B	C	C	A	A	B	B	C	C	A	A	B	B	C	C	A	A	B	B	C	C	A	A	B	B	C	C	A	A	B	B	C	C	A	A	B	B	C	C	A	A	B	B	A	C	B	L	L	L	L	L	L	L	L	L	L	L	
387	G	C	G	L	C	L	A	A	A	L	A	B	B	B	B	G	L	B	B	B	B	B	B	B	B	L	A	A	A	B	B	B	B	B	B	B	B	B	B	C	C	L	A	A	A	A	A	A	A	A	A	B	B	B	B	B	B	C	C	C	C	C	C	C	C	A	L	B	B	C	C	C	C	C	C	A	A	B	B	B	B	B	B	C	C	C	C	A	A	A	A	A	A	B	B	C	C	C	C	C	C	A	A	A	A	B	B	B	B	L	A	B	B	C	C	C	C	A	A	B	B	B	B	C	C	A	A	A	A	B	B	C	C	C	C	A	A	B	B	B	B	C	C	A	A	A	A	B	B	C	C	C	C	A	A	B	B	B	B	C	C	A	A	A	A	B	B	C	C	C	C	A	A	B	B	B	B	C	C	A	A	A	A	B	B	C	C	C	C	A	A	B	B	L	A	B	B	C	C	A	A	B	B	C	C	A	A	B	B	C	C	A	A	B	B	C	C	A	A	B	B	C	C	A	A	B	B	C	C	A	A	B	B	C	C	A	A	B	B	C	C	A	A	B	B	C	C	A	A	B	B	C	C	A	A	B	B	C	C	A	A	B	B	C	C	A	A	B	B	C	C	A	A	B	B	C	C	A	A	B	B	C	C	A	A	B	B	C	C	A	A	B	B	C	C	A	A	B	B	C	C	A	A	B	B	C	C	A	A	B	B	C	C	A	A	B	B	C	C	A	A	B	B	C	C	A	A	B	B	C	C	A	A	B	B	C	C	A	A	B	B	C	C	A	A	B	B	C	C	A	A	B	B	C	C	A	A	B	B	A	C	B	L	L	L	L	L	L	L	L	L	L	L	L	
388	G	B	A	L	C	L	A	A	A	L	L	B	B	B	B	B	L	B	B	B	B	B	B	B	G	L	A	A	B	B	B	B	B	B	B	B	B	B	C	C	C	L	A	A	A	A	A	A	A	A	B	B	B	B	B	B	C	C	C	C	C	C	C	C	A	A	L	B	C	C	C	C	C	C	A	A	B	B	B	B	B	B	C	C	C	C	A	A	A	A	A	A	B	B	C	C	C	C	C	C	A	A	A	A	B	B	B	B	G	L	L	B	C	C	C	C	A	A	B	B	B	B	C	C	A	A	A	A	B	B	C	C	C	C	A	A	B	B	B	B	C	C	A	A	A	A	B	B	C	C	C	C	A	A	B	B	B	B	C	C	A	A	A	A	B	B	C	C	C	C	A	A	B	B	B	B	C	C	A	A	A	A	B	B	C	C	C	C	A	A	B	B	G	L	L	B	C	C	A	A	B	B	C	C	A	A	B	B	C	C	A	A	B	B	C	C	A	A	B	B	C	C	A	A	B	B	C	C	A	A	B	B	C	C	A	A	B	B	C	C	A	A	B	B	C	C	A	A	B	B	C	C	A	A	B	B	C	C	A	A	B	B	C	C	A	A	B	B	C	C	A	A	B	B	C	C	A	A	B	B	C	C	A	A	B	B	C	C	A	A	B	B	C	C	A	A	B	B	C	C	A	A	B	B	C	C	A	A	B	B	C	C	A	A	B	B	C	C	A	A	B	B	C	C	A	A	B	B	C	C	A	A	B	B	C	C	A	A	B	B	C	C	A	A	B	B	C	C	A	A	B	B	C	C	A	A	B	B	A	C	B	L	L	L	L	L	L	L	L	L	L	L	L	L	
389	G	C	G	L	C	L	A	A	A	G	L	B	B	B	B	G	L	B	B	B	B	B	B	B	B	L	A	B	B	B	B	B	B	B	B	B	B	C	C	C	C	L	A	A	A	A	A	A	A	B	B	B	B	B	B	C	C	C	C	C	C	C	C	A	A	A	L	L	C	C	C	C	C	A	A	B	B	B	B	B	B	C	C	C	C	A	A	A	A	A	A	B	B	C	C	C	C	C	C	A	A	A	A	B	B	B	B	B	B	C	L	L	C	C	C	A	A	B	B	B	B	C	C	A	A	A	A	B	B	C	C	C	C	A	A	B	B	B	B	C	C	A	A	A	A	B	B	C	C	C	C	A	A	B	B	B	B	C	C	A	A	A	A	B	B	C	C	C	C	A	A	B	B	B	B	C	C	A	A	A	A	B	B	C	C	C	C	A	A	B	B	B	B	C	L	L	C	A	A	B	B	C	C	A	A	B	B	C	C	A	A	B	B	C	C	A	A	B	B	C	C	A	A	B	B	C	C	A	A	B	B	C	C	A	A	B	B	C	C	A	A	B	B	C	C	A	A	B	B	C	C	A	A	B	B	C	C	A	A	B	B	C	C	A	A	B	B	C	C	A	A	B	B	C	C	A	A	B	B	C	C	A	A	B	B	C	C	A	A	B	B	C	C	A	A	B	B	C	C	A	A	B	B	C	C	A	A	B	B	C	C	A	A	B	B	C	C	A	A	B	B	C	C	A	A	B	B	C	C	A	A	B	B	C	C	A	A	B	B	C	C	A	A	B	B	C	C	A	A	B	B	C	C	A	A	B	B	A	C	B	L	L	L	L	L	L	L	L	L	L	L	L	L	L	
390	G	B	A	L	C	L	A	A	B	B	L	B	B	B	B	B	L	B	B	B	B	B	B	B	G	L	L	B	B	B	B	B	B	B	B	B	C	C	C	C	C	L	A	A	A	A	A	A	B	B	B	B	B	B	C	C	C	C	C	C	C	C	A	A	A	A	G	L	C	C	C	C	A	A	B	B	B	B	B	B	C	C	C	C	A	A	A	A	A	A	B	B	C	C	C	C	C	C	A	A	A	A	B	B	B	B	B	B	C	C	A	L	C	C	A	A	B	B	B	B	C	C	A	A	A	A	B	B	C	C	C	C	A	A	B	B	B	B	C	C	A	A	A	A	B	B	C	C	C	C	A	A	B	B	B	B	C	C	A	A	A	A	B	B	C	C	C	C	A	A	B	B	B	B	C	C	A	A	A	A	B	B	C	C	C	C	A	A	B	B	B	B	C	C	A	L	A	A	B	B	C	C	A	A	B	B	C	C	A	A	B	B	C	C	A	A	B	B	C	C	A	A	B	B	C	C	A	A	B	B	C	C	A	A	B	B	C	C	A	A	B	B	C	C	A	A	B	B	C	C	A	A	B	B	C	C	A	A	B	B	C	C	A	A	B	B	C	C	A	A	B	B	C	C	A	A	B	B	C	C	A	A	B	B	C	C	A	A	B	B	C	C	A	A	B	B	C	C	A	A	B	B	C	C	A	A	B	B	C	C	A	A	B	B	C	C	A	A	B	B	C	C	A	A	B	B	C	C	A	A	B	B	C	C	A	A	B	B	C	C	A	A	B	B	C	C	A	A	B	B	C	C	A	A	B	B	A	C	B	L	L	L	L	L	L	L	L	L	L	L	L	L	L	L	
391	G	C	G	L	C	L	A	B	B	G	L	B	B	B	B	G	L	B	B	B	B	B	B	B	B	C	L	B	B	B	B	B	B	B	B	C	C	C	C	C	C	L	A	A	A	A	A	B	B	B	B	B	B	C	C	C	C	C	C	C	C	A	A	A	A	B	B	L	C	C	C	A	A	B	B	B	B	B	B	C	C	C	C	A	A	A	A	A	A	B	B	C	C	C	C	C	C	A	A	A	A	B	B	B	B	B	B	C	C	A	A	L	C	A	A	B	B	B	B	C	C	A	A	A	A	B	B	C	C	C	C	A	A	B	B	B	B	C	C	A	A	A	A	B	B	C	C	C	C	A	A	B	B	B	B	C	C	A	A	A	A	B	B	C	C	C	C	A	A	B	B	B	B	C	C	A	A	A	A	B	B	C	C	C	C	A	A	B	B	B	B	C	C	A	A	L	A	B	B	C	C	A	A	B	B	C	C	A	A	B	B	C	C	A	A	B	B	C	C	A	A	B	B	C	C	A	A	B	B	C	C	A	A	B	B	C	C	A	A	B	B	C	C	A	A	B	B	C	C	A	A	B	B	C	C	A	A	B	B	C	C	A	A	B	B	C	C	A	A	B	B	C	C	A	A	B	B	C	C	A	A	B	B	C	C	A	A	B	B	C	C	A	A	B	B	C	C	A	A	B	B	C	C	A	A	B	B	C	C	A	A	B	B	C	C	A	A	B	B	C	C	A	A	B	B	C	C	A	A	B	B	C	C	A	A	B	B	C	C	A	A	B	B	C	C	A	A	B	B	C	C	A	A	B	B	A	C	B	L	L	L	L	L	L	L	L	L	L	L	L	L	L	L	L	
392	G	B	A	L	C	L	L	B	B	B	L	B	B	B	B	B	L	B	B	B	B	B	B	B	C	C	L	B	B	B	B	B	B	B	C	C	C	C	C	C	C	L	A	A	A	A	B	B	B	B	B	B	C	C	C	C	C	C	C	C	A	A	A	A	B	B	G	L	C	C	A	A	B	B	B	B	B	B	C	C	C	C	A	A	A	A	A	A	B	B	C	C	C	C	C	C	A	A	A	A	B	B	B	B	B	B	C	C	A	A	A	L	A	A	B	B	B	B	C	C	A	A	A	A	B	B	C	C	C	C	A	A	B	B	B	B	C	C	A	A	A	A	B	B	C	C	C	C	A	A	B	B	B	B	C	C	A	A	A	A	B	B	C	C	C	C	A	A	B	B	B	B	C	C	A	A	A	A	B	B	C	C	C	C	A	A	B	B	B	B	C	C	A	A	A	L	L	B	C	C	A	A	B	B	C	C	A	A	B	B	C	C	A	A	B	B	C	C	A	A	B	B	C	C	A	A	B	B	C	C	A	A	B	B	C	C	A	A	B	B	C	C	A	A	B	B	C	C	A	A	B	B	C	C	A	A	B	B	C	C	A	A	B	B	C	C	A	A	B	B	C	C	A	A	B	B	C	C	A	A	B	B	C	C	A	A	B	B	C	C	A	A	B	B	C	C	A	A	B	B	C	C	A	A	B	B	C	C	A	A	B	B	C	C	A	A	B	B	C	C	A	A	B	B	C	C	A	A	B	B	C	C	A	A	B	B	C	C	A	A	B	B	C	C	A	A	B	B	C	C	A	A	B	B	A	C	B	L	L	L	L	L	L	L	L	L	L	L	L	L	L	L	L	L	
393	G	C	G	L	C	A	L	B	B	G	L	B	B	B	B	G	L	B	B	B	B	B	B	C	C	C	L	B	B	B	B	B	B	C	C	C	C	C	C	C	C	L	A	A	A	B	B	B	B	B	B	C	C	C	C	C	C	C	C	A	A	A	A	B	B	B	B	L	C	A	A	B	B	B	B	B	B	C	C	C	C	A	A	A	A	A	A	B	B	C	C	C	C	C	C	A	A	A	A	B	B	B	B	B	B	C	C	A	A	A	A	L	A	B	B	B	B	C	C	A	A	A	A	B	B	C	C	C	C	A	A	B	B	B	B	C	C	A	A	A	A	B	B	C	C	C	C	A	A	B	B	B	B	C	C	A	A	A	A	B	B	C	C	C	C	A	A	B	B	B	B	C	C	A	A	A	A	B	B	C	C	C	C	A	A	B	B	B	B	C	C	A	A	A	A	G	L	L	C	A	A	B	B	C	C	A	A	B	B	C	C	A	A	B	B	C	C	A	A	B	B	C	C	A	A	B	B	C	C	A	A	B	B	C	C	A	A	B	B	C	C	A	A	B	B	C	C	A	A	B	B	C	C	A	A	B	B	C	C	A	A	B	B	C	C	A	A	B	B	C	C	A	A	B	B	C	C	A	A	B	B	C	C	A	A	B	B	C	C	A	A	B	B	C	C	A	A	B	B	C	C	A	A	B	B	C	C	A	A	B	B	C	C	A	A	B	B	C	C	A	A	B	B	C	C	A	A	B	B	C	C	A	A	B	B	C	C	A	A	B	B	C	C	A	A	B	B	C	C	A	A	B	B	A	C	B	L	L	L	L	L	L	L	L	L	L	L	L	L	L	L	L	L	L	
394	G	B	A	L	A	A	L	B	B	B	L	B	B	B	B	B	L	B	B	B	B	B	C	C	C	C	L	B	B	B	B	B	C	C	C	C	C	C	C	C	C	L	A	A	B	B	B	B	B	B	C	C	C	C	C	C	C	C	A	A	A	A	B	B	B	B	G	L	A	A	B	B	B	B	B	B	C	C	C	C	A	A	A	A	A	A	B	B	C	C	C	C	C	C	A	A	A	A	B	B	B	B	B	B	C	C	A	A	A	A	A	L	L	B	B	B	C	C	A	A	A	A	B	B	C	C	C	C	A	A	B	B	B	B	C	C	A	A	A	A	B	B	C	C	C	C	A	A	B	B	B	B	C	C	A	A	A	A	B	B	C	C	C	C	A	A	B	B	B	B	C	C	A	A	A	A	B	B	C	C	C	C	A	A	B	B	B	B	C	C	A	A	A	A	B	B	C	L	A	A	B	B	C	C	A	A	B	B	C	C	A	A	B	B	C	C	A	A	B	B	C	C	A	A	B	B	C	C	A	A	B	B	C	C	A	A	B	B	C	C	A	A	B	B	C	C	A	A	B	B	C	C	A	A	B	B	C	C	A	A	B	B	C	C	A	A	B	B	C	C	A	A	B	B	C	C	A	A	B	B	C	C	A	A	B	B	C	C	A	A	B	B	C	C	A	A	B	B	C	C	A	A	B	B	C	C	A	A	B	B	C	C	A	A	B	B	C	C	A	A	B	B	C	C	A	A	B	B	C	C	A	A	B	B	C	C	A	A	B	B	C	C	A	A	B	B	C	C	A	A	B	B	A	C	B	L	L	L	L	L	L	L	L	L	L	L	L	L	L	L	L	L	L	L	
395	G	C	G	L	A	A	L	B	B	G	L	B	B	B	B	G	L	B	B	B	B	C	C	C	C	C	L	B	B	B	B	C	C	C	C	C	C	C	C	C	C	L	A	B	B	B	B	B	B	C	C	C	C	C	C	C	C	A	A	A	A	B	B	B	B	B	B	L	A	B	B	B	B	B	B	C	C	C	C	A	A	A	A	A	A	B	B	C	C	C	C	C	C	A	A	A	A	B	B	B	B	B	B	C	C	A	A	A	A	A	A	G	L	B	B	C	C	A	A	A	A	B	B	C	C	C	C	A	A	B	B	B	B	C	C	A	A	A	A	B	B	C	C	C	C	A	A	B	B	B	B	C	C	A	A	A	A	B	B	C	C	C	C	A	A	B	B	B	B	C	C	A	A	A	A	B	B	C	C	C	C	A	A	B	B	B	B	C	C	A	A	A	A	B	B	C	C	L	A	B	B	C	C	A	A	B	B	C	C	A	A	B	B	C	C	A	A	B	B	C	C	A	A	B	B	C	C	A	A	B	B	C	C	A	A	B	B	C	C	A	A	B	B	C	C	A	A	B	B	C	C	A	A	B	B	C	C	A	A	B	B	C	C	A	A	B	B	C	C	A	A	B	B	C	C	A	A	B	B	C	C	A	A	B	B	C	C	A	A	B	B	C	C	A	A	B	B	C	C	A	A	B	B	C	C	A	A	B	B	C	C	A	A	B	B	C	C	A	A	B	B	C	C	A	A	B	B	C	C	A	A	B	B	C	C	A	A	B	B	C	C	A	A	B	B	C	C	A	A	B	B	A	C	B	L	L	L	L	L	L	L	L	L	L	L	L	L	L	L	L	L	L	L	L	
396	G	B	A	L	A	A	L	B	B	B	L	B	B	B	B	B	L	B	B	B	C	C	C	C	C	C	L	B	B	B	C	C	C	C	C	C	C	C	C	C	C	L	L	B	B	B	B	B	C	C	C	C	C	C	C	C	A	A	A	A	B	B	B	B	B	B	G	L	L	B	B	B	B	B	C	C	C	C	A	A	A	A	A	A	B	B	C	C	C	C	C	C	A	A	A	A	B	B	B	B	B	B	C	C	A	A	A	A	A	A	B	B	L	B	C	C	A	A	A	A	B	B	C	C	C	C	A	A	B	B	B	B	C	C	A	A	A	A	B	B	C	C	C	C	A	A	B	B	B	B	C	C	A	A	A	A	B	B	C	C	C	C	A	A	B	B	B	B	C	C	A	A	A	A	B	B	C	C	C	C	A	A	B	B	B	B	C	C	A	A	A	A	B	B	C	C	C	L	L	B	C	C	A	A	B	B	C	C	A	A	B	B	C	C	A	A	B	B	C	C	A	A	B	B	C	C	A	A	B	B	C	C	A	A	B	B	C	C	A	A	B	B	C	C	A	A	B	B	C	C	A	A	B	B	C	C	A	A	B	B	C	C	A	A	B	B	C	C	A	A	B	B	C	C	A	A	B	B	C	C	A	A	B	B	C	C	A	A	B	B	C	C	A	A	B	B	C	C	A	A	B	B	C	C	A	A	B	B	C	C	A	A	B	B	C	C	A	A	B	B	C	C	A	A	B	B	C	C	A	A	B	B	C	C	A	A	B	B	C	C	A	A	B	B	C	C	A	A	B	B	A	C	B	L	L	L	L	L	L	L	L	L	L	L	L	L	L	L	L	L	L	L	L	L	
397	G	C	G	L	A	A	L	B	B	G	L	B	B	B	B	G	L	B	B	C	C	C	C	C	C	C	L	B	B	C	C	C	C	C	C	C	C	C	C	C	C	A	L	B	B	B	B	C	C	C	C	C	C	C	C	A	A	A	A	B	B	B	B	B	B	B	B	C	L	B	B	B	B	C	C	C	C	A	A	A	A	A	A	B	B	C	C	C	C	C	C	A	A	A	A	B	B	B	B	B	B	C	C	A	A	A	A	A	A	B	B	G	L	L	C	A	A	A	A	B	B	C	C	C	C	A	A	B	B	B	B	C	C	A	A	A	A	B	B	C	C	C	C	A	A	B	B	B	B	C	C	A	A	A	A	B	B	C	C	C	C	A	A	B	B	B	B	C	C	A	A	A	A	B	B	C	C	C	C	A	A	B	B	B	B	C	C	A	A	A	A	B	B	C	C	C	C	A	L	L	C	A	A	B	B	C	C	A	A	B	B	C	C	A	A	B	B	C	C	A	A	B	B	C	C	A	A	B	B	C	C	A	A	B	B	C	C	A	A	B	B	C	C	A	A	B	B	C	C	A	A	B	B	C	C	A	A	B	B	C	C	A	A	B	B	C	C	A	A	B	B	C	C	A	A	B	B	C	C	A	A	B	B	C	C	A	A	B	B	C	C	A	A	B	B	C	C	A	A	B	B	C	C	A	A	B	B	C	C	A	A	B	B	C	C	A	A	B	B	C	C	A	A	B	B	C	C	A	A	B	B	C	C	A	A	B	B	C	C	A	A	B	B	C	C	A	A	B	B	A	C	B	L	L	L	L	L	L	L	L	L	L	L	L	L	L	L	L	L	L	L	L	L	L	
398	G	B	A	L	A	A	L	B	B	B	L	B	B	B	B	B	L	B	C	C	C	C	C	C	C	C	L	B	C	C	C	C	C	C	C	C	C	C	C	C	A	A	L	B	B	B	C	C	C	C	C	C	C	C	A	A	A	A	B	B	B	B	B	B	B	B	C	C	L	B	B	B	C	C	C	C	A	A	A	A	A	A	B	B	C	C	C	C	C	C	A	A	A	A	B	B	B	B	B	B	C	C	A	A	A	A	A	A	B	B	B	B	C	L	A	A	A	A	B	B	C	C	C	C	A	A	B	B	B	B	C	C	A	A	A	A	B	B	C	C	C	C	A	A	B	B	B	B	C	C	A	A	A	A	B	B	C	C	C	C	A	A	B	B	B	B	C	C	A	A	A	A	B	B	C	C	C	C	A	A	B	B	B	B	C	C	A	A	A	A	B	B	C	C	C	C	A	A	G	L	A	A	B	B	C	C	A	A	B	B	C	C	A	A	B	B	C	C	A	A	B	B	C	C	A	A	B	B	C	C	A	A	B	B	C	C	A	A	B	B	C	C	A	A	B	B	C	C	A	A	B	B	C	C	A	A	B	B	C	C	A	A	B	B	C	C	A	A	B	B	C	C	A	A	B	B	C	C	A	A	B	B	C	C	A	A	B	B	C	C	A	A	B	B	C	C	A	A	B	B	C	C	A	A	B	B	C	C	A	A	B	B	C	C	A	A	B	B	C	C	A	A	B	B	C	C	A	A	B	B	C	C	A	A	B	B	C	C	A	A	B	B	C	C	A	A	B	B	A	C	B	L	L	L	L	L	L	L	L	L	L	L	L	L	L	L	L	L	L	L	L	L	L	L	
399	G	C	G	L	A	A	L	B	B	G	L	B	B	B	B	G	L	L	C	C	C	C	C	C	C	C	L	L	C	C	C	C	C	C	C	C	C	C	C	A	A	A	L	B	B	C	C	C	C	C	C	C	C	A	A	A	A	B	B	B	B	B	B	B	B	C	C	C	L	B	B	C	C	C	C	A	A	A	A	A	A	B	B	C	C	C	C	C	C	A	A	A	A	B	B	B	B	B	B	C	C	A	A	A	A	A	A	B	B	B	B	C	C	L	A	A	A	B	B	C	C	C	C	A	A	B	B	B	B	C	C	A	A	A	A	B	B	C	C	C	C	A	A	B	B	B	B	C	C	A	A	A	A	B	B	C	C	C	C	A	A	B	B	B	B	C	C	A	A	A	A	B	B	C	C	C	C	A	A	B	B	B	B	C	C	A	A	A	A	B	B	C	C	C	C	A	A	B	B	L	A	B	B	C	C	A	A	B	B	C	C	A	A	B	B	C	C	A	A	B	B	C	C	A	A	B	B	C	C	A	A	B	B	C	C	A	A	B	B	C	C	A	A	B	B	C	C	A	A	B	B	C	C	A	A	B	B	C	C	A	A	B	B	C	C	A	A	B	B	C	C	A	A	B	B	C	C	A	A	B	B	C	C	A	A	B	B	C	C	A	A	B	B	C	C	A	A	B	B	C	C	A	A	B	B	C	C	A	A	B	B	C	C	A	A	B	B	C	C	A	A	B	B	C	C	A	A	B	B	C	C	A	A	B	B	C	C	A	A	B	B	C	C	A	A	B	B	A	C	B	L	L	L	L	L	L	L	L	L	L	L	L	L	L	L	L	L	L	L	L	L	L	L	L	
400	G	B	A	L	A	A	L	B	B	B	L	B	B	B	B	B	C	L	C	C	C	C	C	C	C	C	A	L	C	C	C	C	C	C	C	C	C	C	A	A	A	A	L	B	C	C	C	C	C	C	C	C	A	A	A	A	B	B	B	B	B	B	B	B	C	C	C	C	L	B	C	C	C	C	A	A	A	A	A	A	B	B	C	C	C	C	C	C	A	A	A	A	B	B	B	B	B	B	C	C	A	A	A	A	A	A	B	B	B	B	C	C	C	L	A	A	B	B	C	C	C	C	A	A	B	B	B	B	C	C	A	A	A	A	B	B	C	C	C	C	A	A	B	B	B	B	C	C	A	A	A	A	B	B	C	C	C	C	A	A	B	B	B	B	C	C	A	A	A	A	B	B	C	C	C	C	A	A	B	B	B	B	C	C	A	A	A	A	B	B	C	C	C	C	A	A	B	B	G	L	L	B	C	C	A	A	B	B	C	C	A	A	B	B	C	C	A	A	B	B	C	C	A	A	B	B	C	C	A	A	B	B	C	C	A	A	B	B	C	C	A	A	B	B	C	C	A	A	B	B	C	C	A	A	B	B	C	C	A	A	B	B	C	C	A	A	B	B	C	C	A	A	B	B	C	C	A	A	B	B	C	C	A	A	B	B	C	C	A	A	B	B	C	C	A	A	B	B	C	C	A	A	B	B	C	C	A	A	B	B	C	C	A	A	B	B	C	C	A	A	B	B	C	C	A	A	B	B	C	C	A	A	B	B	C	C	A	A	B	B	C	C	A	A	B	B	A	C	B	L	L	L	L	L	L	L	L	L	L	L	L	L	L	L	L	L	L	L	L	L	L	L	L	L	
401	G	C	G	L	A	A	L	B	B	G	L	B	B	B	B	C	C	L	C	C	C	C	C	C	C	A	A	L	C	C	C	C	C	C	C	C	C	A	A	A	A	A	L	L	C	C	C	C	C	C	C	A	A	A	A	B	B	B	B	B	B	B	B	C	C	C	C	C	L	L	C	C	C	A	A	A	A	A	A	B	B	C	C	C	C	C	C	A	A	A	A	B	B	B	B	B	B	C	C	A	A	A	A	A	A	B	B	B	B	C	C	C	C	L	A	B	B	C	C	C	C	A	A	B	B	B	B	C	C	A	A	A	A	B	B	C	C	C	C	A	A	B	B	B	B	C	C	A	A	A	A	B	B	C	C	C	C	A	A	B	B	B	B	C	C	A	A	A	A	B	B	C	C	C	C	A	A	B	B	B	B	C	C	A	A	A	A	B	B	C	C	C	C	A	A	B	B	B	B	C	L	L	C	A	A	B	B	C	C	A	A	B	B	C	C	A	A	B	B	C	C	A	A	B	B	C	C	A	A	B	B	C	C	A	A	B	B	C	C	A	A	B	B	C	C	A	A	B	B	C	C	A	A	B	B	C	C	A	A	B	B	C	C	A	A	B	B	C	C	A	A	B	B	C	C	A	A	B	B	C	C	A	A	B	B	C	C	A	A	B	B	C	C	A	A	B	B	C	C	A	A	B	B	C	C	A	A	B	B	C	C	A	A	B	B	C	C	A	A	B	B	C	C	A	A	B	B	C	C	A	A	B	B	C	C	A	A	B	B	C	C	A	A	B	B	A	C	B	L	L	L	L	L	L	L	L	L	L	L	L	L	L	L	L	L	L	L	L	L	L	L	L	L	L	
402	G	B	A	L	A	A	L	B	B	B	L	B	B	B	C	C	C	L	C	C	C	C	C	C	A	A	A	L	C	C	C	C	C	C	C	C	A	A	A	A	A	A	G	L	C	C	C	C	C	C	A	A	A	A	B	B	B	B	B	B	B	B	C	C	C	C	C	C	A	L	C	C	A	A	A	A	A	A	B	B	C	C	C	C	C	C	A	A	A	A	B	B	B	B	B	B	C	C	A	A	A	A	A	A	B	B	B	B	C	C	C	C	C	L	L	B	C	C	C	C	A	A	B	B	B	B	C	C	A	A	A	A	B	B	C	C	C	C	A	A	B	B	B	B	C	C	A	A	A	A	B	B	C	C	C	C	A	A	B	B	B	B	C	C	A	A	A	A	B	B	C	C	C	C	A	A	B	B	B	B	C	C	A	A	A	A	B	B	C	C	C	C	A	A	B	B	B	B	C	C	A	L	A	A	B	B	C	C	A	A	B	B	C	C	A	A	B	B	C	C	A	A	B	B	C	C	A	A	B	B	C	C	A	A	B	B	C	C	A	A	B	B	C	C	A	A	B	B	C	C	A	A	B	B	C	C	A	A	B	B	C	C	A	A	B	B	C	C	A	A	B	B	C	C	A	A	B	B	C	C	A	A	B	B	C	C	A	A	B	B	C	C	A	A	B	B	C	C	A	A	B	B	C	C	A	A	B	B	C	C	A	A	B	B	C	C	A	A	B	B	C	C	A	A	B	B	C	C	A	A	B	B	C	C	A	A	B	B	C	C	A	A	B	B	A	C	B	L	L	L	L	L	L	L	L	L	L	L	L	L	L	L	L	L	L	L	L	L	L	L	L	L	L	L	
403	G	C	G	L	A	A	L	B	B	G	L	B	B	C	C	C	C	L	C	C	C	C	C	A	A	A	A	L	C	C	C	C	C	C	C	A	A	A	A	A	A	B	B	L	C	C	C	C	C	A	A	A	A	B	B	B	B	B	B	B	B	C	C	C	C	C	C	A	A	L	C	A	A	A	A	A	A	B	B	C	C	C	C	C	C	A	A	A	A	B	B	B	B	B	B	C	C	A	A	A	A	A	A	B	B	B	B	C	C	C	C	C	C	A	L	L	C	C	C	A	A	B	B	B	B	C	C	A	A	A	A	B	B	C	C	C	C	A	A	B	B	B	B	C	C	A	A	A	A	B	B	C	C	C	C	A	A	B	B	B	B	C	C	A	A	A	A	B	B	C	C	C	C	A	A	B	B	B	B	C	C	A	A	A	A	B	B	C	C	C	C	A	A	B	B	B	B	C	C	A	A	L	A	B	B	C	C	A	A	B	B	C	C	A	A	B	B	C	C	A	A	B	B	C	C	A	A	B	B	C	C	A	A	B	B	C	C	A	A	B	B	C	C	A	A	B	B	C	C	A	A	B	B	C	C	A	A	B	B	C	C	A	A	B	B	C	C	A	A	B	B	C	C	A	A	B	B	C	C	A	A	B	B	C	C	A	A	B	B	C	C	A	A	B	B	C	C	A	A	B	B	C	C	A	A	B	B	C	C	A	A	B	B	C	C	A	A	B	B	C	C	A	A	B	B	C	C	A	A	B	B	C	C	A	A	B	B	C	C	A	A	B	B	A	C	B	L	L	L	L	L	L	L	L	L	L	L	L	L	L	L	L	L	L	L	L	L	L	L	L	L	L	L	L	
404	G	B	A	L	A	A	L	B	B	B	L	B	C	C	C	C	C	L	C	C	C	C	A	A	A	A	A	L	C	C	C	C	C	C	A	A	A	A	A	A	B	B	G	L	C	C	C	C	A	A	A	A	B	B	B	B	B	B	B	B	C	C	C	C	C	C	A	A	A	L	A	A	A	A	A	A	B	B	C	C	C	C	C	C	A	A	A	A	B	B	B	B	B	B	C	C	A	A	A	A	A	A	B	B	B	B	C	C	C	C	C	C	A	A	G	L	C	C	A	A	B	B	B	B	C	C	A	A	A	A	B	B	C	C	C	C	A	A	B	B	B	B	C	C	A	A	A	A	B	B	C	C	C	C	A	A	B	B	B	B	C	C	A	A	A	A	B	B	C	C	C	C	A	A	B	B	B	B	C	C	A	A	A	A	B	B	C	C	C	C	A	A	B	B	B	B	C	C	A	A	A	L	L	B	C	C	A	A	B	B	C	C	A	A	B	B	C	C	A	A	B	B	C	C	A	A	B	B	C	C	A	A	B	B	C	C	A	A	B	B	C	C	A	A	B	B	C	C	A	A	B	B	C	C	A	A	B	B	C	C	A	A	B	B	C	C	A	A	B	B	C	C	A	A	B	B	C	C	A	A	B	B	C	C	A	A	B	B	C	C	A	A	B	B	C	C	A	A	B	B	C	C	A	A	B	B	C	C	A	A	B	B	C	C	A	A	B	B	C	C	A	A	B	B	C	C	A	A	B	B	C	C	A	A	B	B	C	C	A	A	B	B	A	C	B	L	L	L	L	L	L	L	L	L	L	L	L	L	L	L	L	L	L	L	L	L	L	L	L	L	L	L	L	L	
405	G	C	G	L	A	A	L	B	B	G	L	L	C	C	C	C	C	L	C	C	C	A	A	A	A	A	A	L	C	C	C	C	C	A	A	A	A	A	A	B	B	B	B	L	C	C	C	A	A	A	A	B	B	B	B	B	B	B	B	C	C	C	C	C	C	A	A	A	A	L	A	A	A	A	A	B	B	C	C	C	C	C	C	A	A	A	A	B	B	B	B	B	B	C	C	A	A	A	A	A	A	B	B	B	B	C	C	C	C	C	C	A	A	B	B	L	C	A	A	B	B	B	B	C	C	A	A	A	A	B	B	C	C	C	C	A	A	B	B	B	B	C	C	A	A	A	A	B	B	C	C	C	C	A	A	B	B	B	B	C	C	A	A	A	A	B	B	C	C	C	C	A	A	B	B	B	B	C	C	A	A	A	A	B	B	C	C	C	C	A	A	B	B	B	B	C	C	A	A	A	A	G	L	L	C	A	A	B	B	C	C	A	A	B	B	C	C	A	A	B	B	C	C	A	A	B	B	C	C	A	A	B	B	C	C	A	A	B	B	C	C	A	A	B	B	C	C	A	A	B	B	C	C	A	A	B	B	C	C	A	A	B	B	C	C	A	A	B	B	C	C	A	A	B	B	C	C	A	A	B	B	C	C	A	A	B	B	C	C	A	A	B	B	C	C	A	A	B	B	C	C	A	A	B	B	C	C	A	A	B	B	C	C	A	A	B	B	C	C	A	A	B	B	C	C	A	A	B	B	C	C	A	A	B	B	C	C	A	A	B	B	A	C	B	L	L	L	L	L	L	L	L	L	L	L	L	L	L	L	L	L	L	L	L	L	L	L	L	L	L	L	L	L	L	
406	G	B	A	L	A	A	L	B	B	B	C	L	C	C	C	C	C	L	C	C	A	A	A	A	A	A	A	L	C	C	C	C	A	A	A	A	A	A	B	B	B	B	G	L	C	C	A	A	A	A	B	B	B	B	B	B	B	B	C	C	C	C	C	C	A	A	A	A	A	L	A	A	A	A	B	B	C	C	C	C	C	C	A	A	A	A	B	B	B	B	B	B	C	C	A	A	A	A	A	A	B	B	B	B	C	C	C	C	C	C	A	A	B	B	G	L	A	A	B	B	B	B	C	C	A	A	A	A	B	B	C	C	C	C	A	A	B	B	B	B	C	C	A	A	A	A	B	B	C	C	C	C	A	A	B	B	B	B	C	C	A	A	A	A	B	B	C	C	C	C	A	A	B	B	B	B	C	C	A	A	A	A	B	B	C	C	C	C	A	A	B	B	B	B	C	C	A	A	A	A	B	B	C	L	A	A	B	B	C	C	A	A	B	B	C	C	A	A	B	B	C	C	A	A	B	B	C	C	A	A	B	B	C	C	A	A	B	B	C	C	A	A	B	B	C	C	A	A	B	B	C	C	A	A	B	B	C	C	A	A	B	B	C	C	A	A	B	B	C	C	A	A	B	B	C	C	A	A	B	B	C	C	A	A	B	B	C	C	A	A	B	B	C	C	A	A	B	B	C	C	A	A	B	B	C	C	A	A	B	B	C	C	A	A	B	B	C	C	A	A	B	B	C	C	A	A	B	B	C	C	A	A	B	B	C	C	A	A	B	B	A	C	B	L	L	L	L	L	L	L	L	L	L	L	L	L	L	L	L	L	L	L	L	L	L	L	L	L	L	L	L	L	L	L	
407	G	C	G	L	A	A	L	B	B	C	C	L	C	C	C	C	C	L	C	A	A	A	A	A	A	A	A	L	C	C	C	A	A	A	A	A	A	B	B	B	B	B	B	L	C	A	A	A	A	B	B	B	B	B	B	B	B	C	C	C	C	C	C	A	A	A	A	A	A	L	A	A	A	B	B	C	C	C	C	C	C	A	A	A	A	B	B	B	B	B	B	C	C	A	A	A	A	A	A	B	B	B	B	C	C	C	C	C	C	A	A	B	B	B	B	L	A	B	B	B	B	C	C	A	A	A	A	B	B	C	C	C	C	A	A	B	B	B	B	C	C	A	A	A	A	B	B	C	C	C	C	A	A	B	B	B	B	C	C	A	A	A	A	B	B	C	C	C	C	A	A	B	B	B	B	C	C	A	A	A	A	B	B	C	C	C	C	A	A	B	B	B	B	C	C	A	A	A	A	B	B	C	C	L	A	B	B	C	C	A	A	B	B	C	C	A	A	B	B	C	C	A	A	B	B	C	C	A	A	B	B	C	C	A	A	B	B	C	C	A	A	B	B	C	C	A	A	B	B	C	C	A	A	B	B	C	C	A	A	B	B	C	C	A	A	B	B	C	C	A	A	B	B	C	C	A	A	B	B	C	C	A	A	B	B	C	C	A	A	B	B	C	C	A	A	B	B	C	C	A	A	B	B	C	C	A	A	B	B	C	C	A	A	B	B	C	C	A	A	B	B	C	C	A	A	B	B	C	C	A	A	B	B	C	C	A	A	B	B	A	C	B	L	L	L	L	L	L	L	L	L	L	L	L	L	L	L	L	L	L	L	L	L	L	L	L	L	L	L	L	L	L	L	L	
408	G	B	A	L	A	A	L	B	C	C	C	L	C	C	C	C	C	L	A	A	A	A	A	A	A	A	A	L	C	C	A	A	A	A	A	A	B	B	B	B	B	B	G	L	A	A	A	A	B	B	B	B	B	B	B	B	C	C	C	C	C	C	A	A	A	A	A	A	A	L	A	A	B	B	C	C	C	C	C	C	A	A	A	A	B	B	B	B	B	B	C	C	A	A	A	A	A	A	B	B	B	B	C	C	C	C	C	C	A	A	B	B	B	B	G	L	L	B	B	B	C	C	A	A	A	A	B	B	C	C	C	C	A	A	B	B	B	B	C	C	A	A	A	A	B	B	C	C	C	C	A	A	B	B	B	B	C	C	A	A	A	A	B	B	C	C	C	C	A	A	B	B	B	B	C	C	A	A	A	A	B	B	C	C	C	C	A	A	B	B	B	B	C	C	A	A	A	A	B	B	C	C	C	L	L	B	C	C	A	A	B	B	C	C	A	A	B	B	C	C	A	A	B	B	C	C	A	A	B	B	C	C	A	A	B	B	C	C	A	A	B	B	C	C	A	A	B	B	C	C	A	A	B	B	C	C	A	A	B	B	C	C	A	A	B	B	C	C	A	A	B	B	C	C	A	A	B	B	C	C	A	A	B	B	C	C	A	A	B	B	C	C	A	A	B	B	C	C	A	A	B	B	C	C	A	A	B	B	C	C	A	A	B	B	C	C	A	A	B	B	C	C	A	A	B	B	C	C	A	A	B	B	C	C	A	A	B	B	A	C	B	L	L	L	L	L	L	L	L	L	L	L	L	L	L	L	L	L	L	L	L	L	L	L	L	L	L	L	L	L	L	L	L	L	
409	G	C	G	L	A	A	L	L	C	C	C	L	C	C	C	C	C	L	A	A	A	A	A	A	A	A	A	L	C	A	A	A	A	A	A	B	B	B	B	B	B	B	B	L	A	A	A	B	B	B	B	B	B	B	B	C	C	C	C	C	C	A	A	A	A	A	A	A	A	L	A	B	B	C	C	C	C	C	C	A	A	A	A	B	B	B	B	B	B	C	C	A	A	A	A	A	A	B	B	B	B	C	C	C	C	C	C	A	A	B	B	B	B	B	B	C	L	B	B	C	C	A	A	A	A	B	B	C	C	C	C	A	A	B	B	B	B	C	C	A	A	A	A	B	B	C	C	C	C	A	A	B	B	B	B	C	C	A	A	A	A	B	B	C	C	C	C	A	A	B	B	B	B	C	C	A	A	A	A	B	B	C	C	C	C	A	A	B	B	B	B	C	C	A	A	A	A	B	B	C	C	C	C	A	L	L	C	A	A	B	B	C	C	A	A	B	B	C	C	A	A	B	B	C	C	A	A	B	B	C	C	A	A	B	B	C	C	A	A	B	B	C	C	A	A	B	B	C	C	A	A	B	B	C	C	A	A	B	B	C	C	A	A	B	B	C	C	A	A	B	B	C	C	A	A	B	B	C	C	A	A	B	B	C	C	A	A	B	B	C	C	A	A	B	B	C	C	A	A	B	B	C	C	A	A	B	B	C	C	A	A	B	B	C	C	A	A	B	B	C	C	A	A	B	B	C	C	A	A	B	B	C	C	A	A	B	B	A	C	B	L	L	L	L	L	L	L	L	L	L	L	L	L	L	L	L	L	L	L	L	L	L	L	L	L	L	L	L	L	L	L	L	L	L	
410	G	B	A	L	A	A	G	L	C	C	C	L	C	C	C	C	C	L	A	A	A	A	A	A	A	A	A	L	A	A	A	A	A	A	B	B	B	B	B	B	B	B	G	L	A	A	B	B	B	B	B	B	B	B	C	C	C	C	C	C	A	A	A	A	A	A	A	A	A	L	L	B	C	C	C	C	C	C	A	A	A	A	B	B	B	B	B	B	C	C	A	A	A	A	A	A	B	B	B	B	C	C	C	C	C	C	A	A	B	B	B	B	B	B	C	C	L	B	C	C	A	A	A	A	B	B	C	C	C	C	A	A	B	B	B	B	C	C	A	A	A	A	B	B	C	C	C	C	A	A	B	B	B	B	C	C	A	A	A	A	B	B	C	C	C	C	A	A	B	B	B	B	C	C	A	A	A	A	B	B	C	C	C	C	A	A	B	B	B	B	C	C	A	A	A	A	B	B	C	C	C	C	A	A	G	L	A	A	B	B	C	C	A	A	B	B	C	C	A	A	B	B	C	C	A	A	B	B	C	C	A	A	B	B	C	C	A	A	B	B	C	C	A	A	B	B	C	C	A	A	B	B	C	C	A	A	B	B	C	C	A	A	B	B	C	C	A	A	B	B	C	C	A	A	B	B	C	C	A	A	B	B	C	C	A	A	B	B	C	C	A	A	B	B	C	C	A	A	B	B	C	C	A	A	B	B	C	C	A	A	B	B	C	C	A	A	B	B	C	C	A	A	B	B	C	C	A	A	B	B	C	C	A	A	B	B	A	C	B	L	L	L	L	L	L	L	L	L	L	L	L	L	L	L	L	L	L	L	L	L	L	L	L	L	L	L	L	L	L	L	L	L	L	L	
411	G	C	G	L	A	B	B	L	C	C	C	L	C	C	C	C	C	L	A	A	A	A	A	A	A	A	A	L	A	A	A	A	A	B	B	B	B	B	B	B	B	B	B	L	A	B	B	B	B	B	B	B	B	C	C	C	C	C	C	A	A	A	A	A	A	A	A	A	A	G	L	L	C	C	C	C	C	A	A	A	A	B	B	B	B	B	B	C	C	A	A	A	A	A	A	B	B	B	B	C	C	C	C	C	C	A	A	B	B	B	B	B	B	C	C	C	L	L	C	A	A	A	A	B	B	C	C	C	C	A	A	B	B	B	B	C	C	A	A	A	A	B	B	C	C	C	C	A	A	B	B	B	B	C	C	A	A	A	A	B	B	C	C	C	C	A	A	B	B	B	B	C	C	A	A	A	A	B	B	C	C	C	C	A	A	B	B	B	B	C	C	A	A	A	A	B	B	C	C	C	C	A	A	B	B	L	A	B	B	C	C	A	A	B	B	C	C	A	A	B	B	C	C	A	A	B	B	C	C	A	A	B	B	C	C	A	A	B	B	C	C	A	A	B	B	C	C	A	A	B	B	C	C	A	A	B	B	C	C	A	A	B	B	C	C	A	A	B	B	C	C	A	A	B	B	C	C	A	A	B	B	C	C	A	A	B	B	C	C	A	A	B	B	C	C	A	A	B	B	C	C	A	A	B	B	C	C	A	A	B	B	C	C	A	A	B	B	C	C	A	A	B	B	C	C	A	A	B	B	C	C	A	A	B	B	A	C	B	L	L	L	L	L	L	L	L	L	L	L	L	L	L	L	L	L	L	L	L	L	L	L	L	L	L	L	L	L	L	L	L	L	L	L	L	
412	G	B	A	L	L	B	G	L	C	C	C	L	C	C	C	C	C	L	A	A	A	A	A	A	A	A	A	L	A	A	A	A	B	B	B	B	B	B	B	B	B	B	G	L	L	B	B	B	B	B	B	B	C	C	C	C	C	C	A	A	A	A	A	A	A	A	A	A	B	B	C	L	C	C	C	C	A	A	A	A	B	B	B	B	B	B	C	C	A	A	A	A	A	A	B	B	B	B	C	C	C	C	C	C	A	A	B	B	B	B	B	B	C	C	C	C	A	L	A	A	A	A	B	B	C	C	C	C	A	A	B	B	B	B	C	C	A	A	A	A	B	B	C	C	C	C	A	A	B	B	B	B	C	C	A	A	A	A	B	B	C	C	C	C	A	A	B	B	B	B	C	C	A	A	A	A	B	B	C	C	C	C	A	A	B	B	B	B	C	C	A	A	A	A	B	B	C	C	C	C	A	A	B	B	G	L	L	B	C	C	A	A	B	B	C	C	A	A	B	B	C	C	A	A	B	B	C	C	A	A	B	B	C	C	A	A	B	B	C	C	A	A	B	B	C	C	A	A	B	B	C	C	A	A	B	B	C	C	A	A	B	B	C	C	A	A	B	B	C	C	A	A	B	B	C	C	A	A	B	B	C	C	A	A	B	B	C	C	A	A	B	B	C	C	A	A	B	B	C	C	A	A	B	B	C	C	A	A	B	B	C	C	A	A	B	B	C	C	A	A	B	B	C	C	A	A	B	B	C	C	A	A	B	B	A	C	B	L	L	L	L	L	L	L	L	L	L	L	L	L	L	L	L	L	L	L	L	L	L	L	L	L	L	L	L	L	L	L	L	L	L	L	L	L	
413	G	C	G	G	L	B	B	L	C	C	C	L	C	C	C	C	C	L	A	A	A	A	A	A	A	A	A	L	A	A	A	B	B	B	B	B	B	B	B	B	B	B	B	C	L	B	B	B	B	B	B	C	C	C	C	C	C	A	A	A	A	A	A	A	A	A	A	B	B	C	C	L	C	C	C	A	A	A	A	B	B	B	B	B	B	C	C	A	A	A	A	A	A	B	B	B	B	C	C	C	C	C	C	A	A	B	B	B	B	B	B	C	C	C	C	A	A	L	A	A	A	B	B	C	C	C	C	A	A	B	B	B	B	C	C	A	A	A	A	B	B	C	C	C	C	A	A	B	B	B	B	C	C	A	A	A	A	B	B	C	C	C	C	A	A	B	B	B	B	C	C	A	A	A	A	B	B	C	C	C	C	A	A	B	B	B	B	C	C	A	A	A	A	B	B	C	C	C	C	A	A	B	B	B	B	C	L	L	C	A	A	B	B	C	C	A	A	B	B	C	C	A	A	B	B	C	C	A	A	B	B	C	C	A	A	B	B	C	C	A	A	B	B	C	C	A	A	B	B	C	C	A	A	B	B	C	C	A	A	B	B	C	C	A	A	B	B	C	C	A	A	B	B	C	C	A	A	B	B	C	C	A	A	B	B	C	C	A	A	B	B	C	C	A	A	B	B	C	C	A	A	B	B	C	C	A	A	B	B	C	C	A	A	B	B	C	C	A	A	B	B	C	C	A	A	B	B	C	C	A	A	B	B	A	C	B	L	L	L	L	L	L	L	L	L	L	L	L	L	L	L	L	L	L	L	L	L	L	L	L	L	L	L	L	L	L	L	L	L	L	L	L	L	L	
414	G	B	A	B	L	B	G	L	C	C	C	L	C	C	C	C	C	L	A	A	A	A	A	A	A	A	A	L	A	A	B	B	B	B	B	B	B	B	B	B	B	B	C	C	L	B	B	B	B	B	C	C	C	C	C	C	A	A	A	A	A	A	A	A	A	A	B	B	C	C	C	L	C	C	A	A	A	A	B	B	B	B	B	B	C	C	A	A	A	A	A	A	B	B	B	B	C	C	C	C	C	C	A	A	B	B	B	B	B	B	C	C	C	C	A	A	A	L	A	A	B	B	C	C	C	C	A	A	B	B	B	B	C	C	A	A	A	A	B	B	C	C	C	C	A	A	B	B	B	B	C	C	A	A	A	A	B	B	C	C	C	C	A	A	B	B	B	B	C	C	A	A	A	A	B	B	C	C	C	C	A	A	B	B	B	B	C	C	A	A	A	A	B	B	C	C	C	C	A	A	B	B	B	B	C	C	A	L	A	A	B	B	C	C	A	A	B	B	C	C	A	A	B	B	C	C	A	A	B	B	C	C	A	A	B	B	C	C	A	A	B	B	C	C	A	A	B	B	C	C	A	A	B	B	C	C	A	A	B	B	C	C	A	A	B	B	C	C	A	A	B	B	C	C	A	A	B	B	C	C	A	A	B	B	C	C	A	A	B	B	C	C	A	A	B	B	C	C	A	A	B	B	C	C	A	A	B	B	C	C	A	A	B	B	C	C	A	A	B	B	C	C	A	A	B	B	C	C	A	A	B	B	A	C	B	L	L	L	L	L	L	L	L	L	L	L	L	L	L	L	L	L	L	L	L	L	L	L	L	L	L	L	L	L	L	L	L	L	L	L	L	L	L	L	
415	G	C	G	G	L	B	B	L	C	C	C	L	C	C	C	C	C	L	A	A	A	A	A	A	A	A	A	L	A	B	B	B	B	B	B	B	B	B	B	B	B	C	C	C	L	B	B	B	B	C	C	C	C	C	C	A	A	A	A	A	A	A	A	A	A	B	B	C	C	C	C	L	C	A	A	A	A	B	B	B	B	B	B	C	C	A	A	A	A	A	A	B	B	B	B	C	C	C	C	C	C	A	A	B	B	B	B	B	B	C	C	C	C	A	A	A	A	L	A	B	B	C	C	C	C	A	A	B	B	B	B	C	C	A	A	A	A	B	B	C	C	C	C	A	A	B	B	B	B	C	C	A	A	A	A	B	B	C	C	C	C	A	A	B	B	B	B	C	C	A	A	A	A	B	B	C	C	C	C	A	A	B	B	B	B	C	C	A	A	A	A	B	B	C	C	C	C	A	A	B	B	B	B	C	C	A	A	L	A	B	B	C	C	A	A	B	B	C	C	A	A	B	B	C	C	A	A	B	B	C	C	A	A	B	B	C	C	A	A	B	B	C	C	A	A	B	B	C	C	A	A	B	B	C	C	A	A	B	B	C	C	A	A	B	B	C	C	A	A	B	B	C	C	A	A	B	B	C	C	A	A	B	B	C	C	A	A	B	B	C	C	A	A	B	B	C	C	A	A	B	B	C	C	A	A	B	B	C	C	A	A	B	B	C	C	A	A	B	B	C	C	A	A	B	B	C	C	A	A	B	B	A	C	B	L	L	L	L	L	L	L	L	L	L	L	L	L	L	L	L	L	L	L	L	L	L	L	L	L	L	L	L	L	L	L	L	L	L	L	L	L	L	L	L	
416	G	B	A	B	L	B	G	L	C	C	C	L	C	C	C	C	C	L	A	A	A	A	A	A	A	A	A	L	L	B	B	B	B	B	B	B	B	B	B	B	C	C	C	C	L	B	B	B	C	C	C	C	C	C	A	A	A	A	A	A	A	A	A	A	B	B	C	C	C	C	C	L	A	A	A	A	B	B	B	B	B	B	C	C	A	A	A	A	A	A	B	B	B	B	C	C	C	C	C	C	A	A	B	B	B	B	B	B	C	C	C	C	A	A	A	A	A	L	L	B	C	C	C	C	A	A	B	B	B	B	C	C	A	A	A	A	B	B	C	C	C	C	A	A	B	B	B	B	C	C	A	A	A	A	B	B	C	C	C	C	A	A	B	B	B	B	C	C	A	A	A	A	B	B	C	C	C	C	A	A	B	B	B	B	C	C	A	A	A	A	B	B	C	C	C	C	A	A	B	B	B	B	C	C	A	A	A	L	L	B	C	C	A	A	B	B	C	C	A	A	B	B	C	C	A	A	B	B	C	C	A	A	B	B	C	C	A	A	B	B	C	C	A	A	B	B	C	C	A	A	B	B	C	C	A	A	B	B	C	C	A	A	B	B	C	C	A	A	B	B	C	C	A	A	B	B	C	C	A	A	B	B	C	C	A	A	B	B	C	C	A	A	B	B	C	C	A	A	B	B	C	C	A	A	B	B	C	C	A	A	B	B	C	C	A	A	B	B	C	C	A	A	B	B	C	C	A	A	B	B	A	C	B	L	L	L	L	L	L	L	L	L	L	L	L	L	L	L	L	L	L	L	L	L	L	L	L	L	L	L	L	L	L	L	L	L	L	L	L	L	L	L	L	L	
417	G	C	G	G	L	B	B	L	C	C	C	L	C	C	C	C	C	L	A	A	A	A	A	A	A	A	A	G	L	B	B	B	B	B	B	B	B	B	B	C	C	C	C	C	L	B	B	C	C	C	C	C	C	A	A	A	A	A	A	A	A	A	A	B	B	C	C	C	C	C	C	L	A	A	A	B	B	B	B	B	B	C	C	A	A	A	A	A	A	B	B	B	B	C	C	C	C	C	C	A	A	B	B	B	B	B	B	C	C	C	C	A	A	A	A	A	A	G	L	L	C	C	C	A	A	B	B	B	B	C	C	A	A	A	A	B	B	C	C	C	C	A	A	B	B	B	B	C	C	A	A	A	A	B	B	C	C	C	C	A	A	B	B	B	B	C	C	A	A	A	A	B	B	C	C	C	C	A	A	B	B	B	B	C	C	A	A	A	A	B	B	C	C	C	C	A	A	B	B	B	B	C	C	A	A	A	A	G	L	L	C	A	A	B	B	C	C	A	A	B	B	C	C	A	A	B	B	C	C	A	A	B	B	C	C	A	A	B	B	C	C	A	A	B	B	C	C	A	A	B	B	C	C	A	A	B	B	C	C	A	A	B	B	C	C	A	A	B	B	C	C	A	A	B	B	C	C	A	A	B	B	C	C	A	A	B	B	C	C	A	A	B	B	C	C	A	A	B	B	C	C	A	A	B	B	C	C	A	A	B	B	C	C	A	A	B	B	C	C	A	A	B	B	C	C	A	A	B	B	A	C	B	L	L	L	L	L	L	L	L	L	L	L	L	L	L	L	L	L	L	L	L	L	L	L	L	L	L	L	L	L	L	L	L	L	L	L	L	L	L	L	L	L	L	
418	G	B	A	B	L	B	G	L	C	C	C	L	C	C	C	C	C	L	A	A	A	A	A	A	A	A	B	B	L	B	B	B	B	B	B	B	B	B	C	C	C	C	C	C	L	B	C	C	C	C	C	C	A	A	A	A	A	A	A	A	A	A	B	B	C	C	C	C	C	C	C	L	A	A	B	B	B	B	B	B	C	C	A	A	A	A	A	A	B	B	B	B	C	C	C	C	C	C	A	A	B	B	B	B	B	B	C	C	C	C	A	A	A	A	A	A	B	B	C	L	C	C	A	A	B	B	B	B	C	C	A	A	A	A	B	B	C	C	C	C	A	A	B	B	B	B	C	C	A	A	A	A	B	B	C	C	C	C	A	A	B	B	B	B	C	C	A	A	A	A	B	B	C	C	C	C	A	A	B	B	B	B	C	C	A	A	A	A	B	B	C	C	C	C	A	A	B	B	B	B	C	C	A	A	A	A	B	B	C	L	A	A	B	B	C	C	A	A	B	B	C	C	A	A	B	B	C	C	A	A	B	B	C	C	A	A	B	B	C	C	A	A	B	B	C	C	A	A	B	B	C	C	A	A	B	B	C	C	A	A	B	B	C	C	A	A	B	B	C	C	A	A	B	B	C	C	A	A	B	B	C	C	A	A	B	B	C	C	A	A	B	B	C	C	A	A	B	B	C	C	A	A	B	B	C	C	A	A	B	B	C	C	A	A	B	B	C	C	A	A	B	B	C	C	A	A	B	B	A	C	B	L	L	L	L	L	L	L	L	L	L	L	L	L	L	L	L	L	L	L	L	L	L	L	L	L	L	L	L	L	L	L	L	L	L	L	L	L	L	L	L	L	L	L	
419	G	C	G	G	L	B	B	L	C	C	C	L	C	C	C	C	C	L	A	A	A	A	A	A	A	B	B	G	L	B	B	B	B	B	B	B	B	C	C	C	C	C	C	C	L	L	C	C	C	C	C	A	A	A	A	A	A	A	A	A	A	B	B	C	C	C	C	C	C	C	C	L	A	B	B	B	B	B	B	C	C	A	A	A	A	A	A	B	B	B	B	C	C	C	C	C	C	A	A	B	B	B	B	B	B	C	C	C	C	A	A	A	A	A	A	B	B	C	C	L	C	A	A	B	B	B	B	C	C	A	A	A	A	B	B	C	C	C	C	A	A	B	B	B	B	C	C	A	A	A	A	B	B	C	C	C	C	A	A	B	B	B	B	C	C	A	A	A	A	B	B	C	C	C	C	A	A	B	B	B	B	C	C	A	A	A	A	B	B	C	C	C	C	A	A	B	B	B	B	C	C	A	A	A	A	B	B	C	C	L	A	B	B	C	C	A	A	B	B	C	C	A	A	B	B	C	C	A	A	B	B	C	C	A	A	B	B	C	C	A	A	B	B	C	C	A	A	B	B	C	C	A	A	B	B	C	C	A	A	B	B	C	C	A	A	B	B	C	C	A	A	B	B	C	C	A	A	B	B	C	C	A	A	B	B	C	C	A	A	B	B	C	C	A	A	B	B	C	C	A	A	B	B	C	C	A	A	B	B	C	C	A	A	B	B	C	C	A	A	B	B	C	C	A	A	B	B	A	C	B	L	L	L	L	L	L	L	L	L	L	L	L	L	L	L	L	L	L	L	L	L	L	L	L	L	L	L	L	L	L	L	L	L	L	L	L	L	L	L	L	L	L	L	L	
420	G	B	A	B	L	B	G	L	C	C	C	L	C	C	C	C	C	L	A	A	A	A	A	A	B	B	B	B	L	B	B	B	B	B	B	B	C	C	C	C	C	C	C	C	A	L	C	C	C	C	A	A	A	A	A	A	A	A	A	A	B	B	C	C	C	C	C	C	C	C	C	L	L	B	B	B	B	B	C	C	A	A	A	A	A	A	B	B	B	B	C	C	C	C	C	C	A	A	B	B	B	B	B	B	C	C	C	C	A	A	A	A	A	A	B	B	C	C	C	L	A	A	B	B	B	B	C	C	A	A	A	A	B	B	C	C	C	C	A	A	B	B	B	B	C	C	A	A	A	A	B	B	C	C	C	C	A	A	B	B	B	B	C	C	A	A	A	A	B	B	C	C	C	C	A	A	B	B	B	B	C	C	A	A	A	A	B	B	C	C	C	C	A	A	B	B	B	B	C	C	A	A	A	A	B	B	C	C	C	L	L	B	C	C	A	A	B	B	C	C	A	A	B	B	C	C	A	A	B	B	C	C	A	A	B	B	C	C	A	A	B	B	C	C	A	A	B	B	C	C	A	A	B	B	C	C	A	A	B	B	C	C	A	A	B	B	C	C	A	A	B	B	C	C	A	A	B	B	C	C	A	A	B	B	C	C	A	A	B	B	C	C	A	A	B	B	C	C	A	A	B	B	C	C	A	A	B	B	C	C	A	A	B	B	C	C	A	A	B	B	C	C	A	A	B	B	A	C	B	L	L	L	L	L	L	L	L	L	L	L	L	L	L	L	L	L	L	L	L	L	L	L	L	L	L	L	L	L	L	L	L	L	L	L	L	L	L	L	L	L	L	L	L	L	
421	G	C	G	G	L	B	B	L	C	C	C	L	C	C	C	C	C	L	A	A	A	A	A	B	B	B	B	G	L	B	B	B	B	B	B	C	C	C	C	C	C	C	C	A	A	L	C	C	C	A	A	A	A	A	A	A	A	A	A	B	B	C	C	C	C	C	C	C	C	C	C	A	L	B	B	B	B	C	C	A	A	A	A	A	A	B	B	B	B	C	C	C	C	C	C	A	A	B	B	B	B	B	B	C	C	C	C	A	A	A	A	A	A	B	B	C	C	C	C	L	A	B	B	B	B	C	C	A	A	A	A	B	B	C	C	C	C	A	A	B	B	B	B	C	C	A	A	A	A	B	B	C	C	C	C	A	A	B	B	B	B	C	C	A	A	A	A	B	B	C	C	C	C	A	A	B	B	B	B	C	C	A	A	A	A	B	B	C	C	C	C	A	A	B	B	B	B	C	C	A	A	A	A	B	B	C	C	C	C	A	L	L	C	A	A	B	B	C	C	A	A	B	B	C	C	A	A	B	B	C	C	A	A	B	B	C	C	A	A	B	B	C	C	A	A	B	B	C	C	A	A	B	B	C	C	A	A	B	B	C	C	A	A	B	B	C	C	A	A	B	B	C	C	A	A	B	B	C	C	A	A	B	B	C	C	A	A	B	B	C	C	A	A	B	B	C	C	A	A	B	B	C	C	A	A	B	B	C	C	A	A	B	B	C	C	A	A	B	B	C	C	A	A	B	B	A	C	B	L	L	L	L	L	L	L	L	L	L	L	L	L	L	L	L	L	L	L	L	L	L	L	L	L	L	L	L	L	L	L	L	L	L	L	L	L	L	L	L	L	L	L	L	L	L	
422	G	B	A	B	L	B	G	L	C	C	C	L	C	C	C	C	C	L	A	A	A	A	B	B	B	B	B	B	L	B	B	B	B	B	C	C	C	C	C	C	C	C	A	A	A	L	C	C	A	A	A	A	A	A	A	A	A	A	B	B	C	C	C	C	C	C	C	C	C	C	A	A	L	B	B	B	C	C	A	A	A	A	A	A	B	B	B	B	C	C	C	C	C	C	A	A	B	B	B	B	B	B	C	C	C	C	A	A	A	A	A	A	B	B	C	C	C	C	C	L	L	B	B	B	C	C	A	A	A	A	B	B	C	C	C	C	A	A	B	B	B	B	C	C	A	A	A	A	B	B	C	C	C	C	A	A	B	B	B	B	C	C	A	A	A	A	B	B	C	C	C	C	A	A	B	B	B	B	C	C	A	A	A	A	B	B	C	C	C	C	A	A	B	B	B	B	C	C	A	A	A	A	B	B	C	C	C	C	A	A	G	L	A	A	B	B	C	C	A	A	B	B	C	C	A	A	B	B	C	C	A	A	B	B	C	C	A	A	B	B	C	C	A	A	B	B	C	C	A	A	B	B	C	C	A	A	B	B	C	C	A	A	B	B	C	C	A	A	B	B	C	C	A	A	B	B	C	C	A	A	B	B	C	C	A	A	B	B	C	C	A	A	B	B	C	C	A	A	B	B	C	C	A	A	B	B	C	C	A	A	B	B	C	C	A	A	B	B	C	C	A	A	B	B	A	C	B	L	L	L	L	L	L	L	L	L	L	L	L	L	L	L	L	L	L	L	L	L	L	L	L	L	L	L	L	L	L	L	L	L	L	L	L	L	L	L	L	L	L	L	L	L	L	L	
423	G	C	G	G	L	B	B	L	C	C	C	L	C	C	C	C	C	L	A	A	A	B	B	B	B	B	B	G	L	B	B	B	B	C	C	C	C	C	C	C	C	A	A	A	A	L	C	A	A	A	A	A	A	A	A	A	A	B	B	C	C	C	C	C	C	C	C	C	C	A	A	A	L	B	B	C	C	A	A	A	A	A	A	B	B	B	B	C	C	C	C	C	C	A	A	B	B	B	B	B	B	C	C	C	C	A	A	A	A	A	A	B	B	C	C	C	C	C	C	A	L	B	B	C	C	A	A	A	A	B	B	C	C	C	C	A	A	B	B	B	B	C	C	A	A	A	A	B	B	C	C	C	C	A	A	B	B	B	B	C	C	A	A	A	A	B	B	C	C	C	C	A	A	B	B	B	B	C	C	A	A	A	A	B	B	C	C	C	C	A	A	B	B	B	B	C	C	A	A	A	A	B	B	C	C	C	C	A	A	B	B	L	A	B	B	C	C	A	A	B	B	C	C	A	A	B	B	C	C	A	A	B	B	C	C	A	A	B	B	C	C	A	A	B	B	C	C	A	A	B	B	C	C	A	A	B	B	C	C	A	A	B	B	C	C	A	A	B	B	C	C	A	A	B	B	C	C	A	A	B	B	C	C	A	A	B	B	C	C	A	A	B	B	C	C	A	A	B	B	C	C	A	A	B	B	C	C	A	A	B	B	C	C	A	A	B	B	C	C	A	A	B	B	A	C	B	L	L	L	L	L	L	L	L	L	L	L	L	L	L	L	L	L	L	L	L	L	L	L	L	L	L	L	L	L	L	L	L	L	L	L	L	L	L	L	L	L	L	L	L	L	L	L	L	
424	G	B	A	B	L	B	G	L	C	C	C	L	C	C	C	C	C	L	A	A	B	B	B	B	B	B	B	B	L	B	B	B	C	C	C	C	C	C	C	C	A	A	A	A	A	L	A	A	A	A	A	A	A	A	A	A	B	B	C	C	C	C	C	C	C	C	C	C	A	A	A	A	L	B	C	C	A	A	A	A	A	A	B	B	B	B	C	C	C	C	C	C	A	A	B	B	B	B	B	B	C	C	C	C	A	A	A	A	A	A	B	B	C	C	C	C	C	C	A	A	L	B	C	C	A	A	A	A	B	B	C	C	C	C	A	A	B	B	B	B	C	C	A	A	A	A	B	B	C	C	C	C	A	A	B	B	B	B	C	C	A	A	A	A	B	B	C	C	C	C	A	A	B	B	B	B	C	C	A	A	A	A	B	B	C	C	C	C	A	A	B	B	B	B	C	C	A	A	A	A	B	B	C	C	C	C	A	A	B	B	G	L	L	B	C	C	A	A	B	B	C	C	A	A	B	B	C	C	A	A	B	B	C	C	A	A	B	B	C	C	A	A	B	B	C	C	A	A	B	B	C	C	A	A	B	B	C	C	A	A	B	B	C	C	A	A	B	B	C	C	A	A	B	B	C	C	A	A	B	B	C	C	A	A	B	B	C	C	A	A	B	B	C	C	A	A	B	B	C	C	A	A	B	B	C	C	A	A	B	B	C	C	A	A	B	B	C	C	A	A	B	B	A	C	B	L	L	L	L	L	L	L	L	L	L	L	L	L	L	L	L	L	L	L	L	L	L	L	L	L	L	L	L	L	L	L	L	L	L	L	L	L	L	L	L	L	L	L	L	L	L	L	L	L	
425	G	C	G	G	L	B	B	L	C	C	C	L	C	C	C	C	C	L	A	B	B	B	B	B	B	B	B	G	L	B	B	C	C	C	C	C	C	C	C	A	A	A	A	A	A	L	A	A	A	A	A	A	A	A	A	B	B	C	C	C	C	C	C	C	C	C	C	A	A	A	A	A	L	L	C	A	A	A	A	A	A	B	B	B	B	C	C	C	C	C	C	A	A	B	B	B	B	B	B	C	C	C	C	A	A	A	A	A	A	B	B	C	C	C	C	C	C	A	A	A	L	L	C	A	A	A	A	B	B	C	C	C	C	A	A	B	B	B	B	C	C	A	A	A	A	B	B	C	C	C	C	A	A	B	B	B	B	C	C	A	A	A	A	B	B	C	C	C	C	A	A	B	B	B	B	C	C	A	A	A	A	B	B	C	C	C	C	A	A	B	B	B	B	C	C	A	A	A	A	B	B	C	C	C	C	A	A	B	B	B	B	C	L	L	C	A	A	B	B	C	C	A	A	B	B	C	C	A	A	B	B	C	C	A	A	B	B	C	C	A	A	B	B	C	C	A	A	B	B	C	C	A	A	B	B	C	C	A	A	B	B	C	C	A	A	B	B	C	C	A	A	B	B	C	C	A	A	B	B	C	C	A	A	B	B	C	C	A	A	B	B	C	C	A	A	B	B	C	C	A	A	B	B	C	C	A	A	B	B	C	C	A	A	B	B	C	C	A	A	B	B	A	C	B	L	L	L	L	L	L	L	L	L	L	L	L	L	L	L	L	L	L	L	L	L	L	L	L	L	L	L	L	L	L	L	L	L	L	L	L	L	L	L	L	L	L	L	L	L	L	L	L	L	L	
426	G	B	A	B	L	B	G	L	C	C	C	L	C	C	C	C	C	L	L	B	B	B	B	B	B	B	B	B	L	B	C	C	C	C	C	C	C	C	A	A	A	A	A	A	A	L	A	A	A	A	A	A	A	A	B	B	C	C	C	C	C	C	C	C	C	C	A	A	A	A	A	A	G	L	A	A	A	A	A	A	B	B	B	B	C	C	C	C	C	C	A	A	B	B	B	B	B	B	C	C	C	C	A	A	A	A	A	A	B	B	C	C	C	C	C	C	A	A	A	A	G	L	A	A	A	A	B	B	C	C	C	C	A	A	B	B	B	B	C	C	A	A	A	A	B	B	C	C	C	C	A	A	B	B	B	B	C	C	A	A	A	A	B	B	C	C	C	C	A	A	B	B	B	B	C	C	A	A	A	A	B	B	C	C	C	C	A	A	B	B	B	B	C	C	A	A	A	A	B	B	C	C	C	C	A	A	B	B	B	B	C	C	A	L	A	A	B	B	C	C	A	A	B	B	C	C	A	A	B	B	C	C	A	A	B	B	C	C	A	A	B	B	C	C	A	A	B	B	C	C	A	A	B	B	C	C	A	A	B	B	C	C	A	A	B	B	C	C	A	A	B	B	C	C	A	A	B	B	C	C	A	A	B	B	C	C	A	A	B	B	C	C	A	A	B	B	C	C	A	A	B	B	C	C	A	A	B	B	C	C	A	A	B	B	C	C	A	A	B	B	A	C	B	L	L	L	L	L	L	L	L	L	L	L	L	L	L	L	L	L	L	L	L	L	L	L	L	L	L	L	L	L	L	L	L	L	L	L	L	L	L	L	L	L	L	L	L	L	L	L	L	L	L	L	
427	G	C	G	G	L	B	B	L	C	C	C	L	C	C	C	C	C	A	L	B	B	B	B	B	B	B	B	G	L	L	C	C	C	C	C	C	C	A	A	A	A	A	A	A	A	L	A	A	A	A	A	A	A	B	B	C	C	C	C	C	C	C	C	C	C	A	A	A	A	A	A	B	B	L	A	A	A	A	A	B	B	B	B	C	C	C	C	C	C	A	A	B	B	B	B	B	B	C	C	C	C	A	A	A	A	A	A	B	B	C	C	C	C	C	C	A	A	A	A	B	B	L	A	A	A	B	B	C	C	C	C	A	A	B	B	B	B	C	C	A	A	A	A	B	B	C	C	C	C	A	A	B	B	B	B	C	C	A	A	A	A	B	B	C	C	C	C	A	A	B	B	B	B	C	C	A	A	A	A	B	B	C	C	C	C	A	A	B	B	B	B	C	C	A	A	A	A	B	B	C	C	C	C	A	A	B	B	B	B	C	C	A	A	L	A	B	B	C	C	A	A	B	B	C	C	A	A	B	B	C	C	A	A	B	B	C	C	A	A	B	B	C	C	A	A	B	B	C	C	A	A	B	B	C	C	A	A	B	B	C	C	A	A	B	B	C	C	A	A	B	B	C	C	A	A	B	B	C	C	A	A	B	B	C	C	A	A	B	B	C	C	A	A	B	B	C	C	A	A	B	B	C	C	A	A	B	B	C	C	A	A	B	B	C	C	A	A	B	B	A	C	B	L	L	L	L	L	L	L	L	L	L	L	L	L	L	L	L	L	L	L	L	L	L	L	L	L	L	L	L	L	L	L	L	L	L	L	L	L	L	L	L	L	L	L	L	L	L	L	L	L	L	L	L	
428	G	B	A	B	L	B	G	L	C	C	C	L	C	C	C	C	A	A	L	B	B	B	B	B	B	B	B	B	C	L	C	C	C	C	C	C	A	A	A	A	A	A	A	A	A	L	A	A	A	A	A	A	B	B	C	C	C	C	C	C	C	C	C	C	A	A	A	A	A	A	B	B	G	L	A	A	A	A	B	B	B	B	C	C	C	C	C	C	A	A	B	B	B	B	B	B	C	C	C	C	A	A	A	A	A	A	B	B	C	C	C	C	C	C	A	A	A	A	B	B	G	L	A	A	B	B	C	C	C	C	A	A	B	B	B	B	C	C	A	A	A	A	B	B	C	C	C	C	A	A	B	B	B	B	C	C	A	A	A	A	B	B	C	C	C	C	A	A	B	B	B	B	C	C	A	A	A	A	B	B	C	C	C	C	A	A	B	B	B	B	C	C	A	A	A	A	B	B	C	C	C	C	A	A	B	B	B	B	C	C	A	A	A	L	L	B	C	C	A	A	B	B	C	C	A	A	B	B	C	C	A	A	B	B	C	C	A	A	B	B	C	C	A	A	B	B	C	C	A	A	B	B	C	C	A	A	B	B	C	C	A	A	B	B	C	C	A	A	B	B	C	C	A	A	B	B	C	C	A	A	B	B	C	C	A	A	B	B	C	C	A	A	B	B	C	C	A	A	B	B	C	C	A	A	B	B	C	C	A	A	B	B	C	C	A	A	B	B	A	C	B	L	L	L	L	L	L	L	L	L	L	L	L	L	L	L	L	L	L	L	L	L	L	L	L	L	L	L	L	L	L	L	L	L	L	L	L	L	L	L	L	L	L	L	L	L	L	L	L	L	L	L	L	L	
429	G	C	G	G	L	B	B	L	C	C	C	L	C	C	C	A	A	A	L	B	B	B	B	B	B	B	B	C	C	L	C	C	C	C	C	A	A	A	A	A	A	A	A	A	A	L	A	A	A	A	A	B	B	C	C	C	C	C	C	C	C	C	C	A	A	A	A	A	A	B	B	B	B	L	A	A	A	B	B	B	B	C	C	C	C	C	C	A	A	B	B	B	B	B	B	C	C	C	C	A	A	A	A	A	A	B	B	C	C	C	C	C	C	A	A	A	A	B	B	B	B	L	A	B	B	C	C	C	C	A	A	B	B	B	B	C	C	A	A	A	A	B	B	C	C	C	C	A	A	B	B	B	B	C	C	A	A	A	A	B	B	C	C	C	C	A	A	B	B	B	B	C	C	A	A	A	A	B	B	C	C	C	C	A	A	B	B	B	B	C	C	A	A	A	A	B	B	C	C	C	C	A	A	B	B	B	B	C	C	A	A	A	A	G	L	L	C	A	A	B	B	C	C	A	A	B	B	C	C	A	A	B	B	C	C	A	A	B	B	C	C	A	A	B	B	C	C	A	A	B	B	C	C	A	A	B	B	C	C	A	A	B	B	C	C	A	A	B	B	C	C	A	A	B	B	C	C	A	A	B	B	C	C	A	A	B	B	C	C	A	A	B	B	C	C	A	A	B	B	C	C	A	A	B	B	C	C	A	A	B	B	C	C	A	A	B	B	A	C	B	L	L	L	L	L	L	L	L	L	L	L	L	L	L	L	L	L	L	L	L	L	L	L	L	L	L	L	L	L	L	L	L	L	L	L	L	L	L	L	L	L	L	L	L	L	L	L	L	L	L	L	L	L	L	
430	G	B	A	B	L	B	G	L	C	C	C	L	C	C	A	A	A	A	L	B	B	B	B	B	B	B	C	C	C	L	C	C	C	C	A	A	A	A	A	A	A	A	A	A	A	L	A	A	A	A	B	B	C	C	C	C	C	C	C	C	C	C	A	A	A	A	A	A	B	B	B	B	G	L	A	A	B	B	B	B	C	C	C	C	C	C	A	A	B	B	B	B	B	B	C	C	C	C	A	A	A	A	A	A	B	B	C	C	C	C	C	C	A	A	A	A	B	B	B	B	G	L	L	B	C	C	C	C	A	A	B	B	B	B	C	C	A	A	A	A	B	B	C	C	C	C	A	A	B	B	B	B	C	C	A	A	A	A	B	B	C	C	C	C	A	A	B	B	B	B	C	C	A	A	A	A	B	B	C	C	C	C	A	A	B	B	B	B	C	C	A	A	A	A	B	B	C	C	C	C	A	A	B	B	B	B	C	C	A	A	A	A	B	B	C	L	A	A	B	B	C	C	A	A	B	B	C	C	A	A	B	B	C	C	A	A	B	B	C	C	A	A	B	B	C	C	A	A	B	B	C	C	A	A	B	B	C	C	A	A	B	B	C	C	A	A	B	B	C	C	A	A	B	B	C	C	A	A	B	B	C	C	A	A	B	B	C	C	A	A	B	B	C	C	A	A	B	B	C	C	A	A	B	B	C	C	A	A	B	B	C	C	A	A	B	B	A	C	B	L	L	L	L	L	L	L	L	L	L	L	L	L	L	L	L	L	L	L	L	L	L	L	L	L	L	L	L	L	L	L	L	L	L	L	L	L	L	L	L	L	L	L	L	L	L	L	L	L	L	L	L	L	L	L	
431	G	C	G	G	L	B	B	L	C	C	C	L	C	A	A	A	A	A	L	B	B	B	B	B	B	C	C	C	C	L	C	C	C	A	A	A	A	A	A	A	A	A	A	A	A	L	A	A	A	B	B	C	C	C	C	C	C	C	C	C	C	A	A	A	A	A	A	B	B	B	B	B	B	L	A	B	B	B	B	C	C	C	C	C	C	A	A	B	B	B	B	B	B	C	C	C	C	A	A	A	A	A	A	B	B	C	C	C	C	C	C	A	A	A	A	B	B	B	B	B	B	C	L	L	C	C	C	A	A	B	B	B	B	C	C	A	A	A	A	B	B	C	C	C	C	A	A	B	B	B	B	C	C	A	A	A	A	B	B	C	C	C	C	A	A	B	B	B	B	C	C	A	A	A	A	B	B	C	C	C	C	A	A	B	B	B	B	C	C	A	A	A	A	B	B	C	C	C	C	A	A	B	B	B	B	C	C	A	A	A	A	B	B	C	C	L	A	B	B	C	C	A	A	B	B	C	C	A	A	B	B	C	C	A	A	B	B	C	C	A	A	B	B	C	C	A	A	B	B	C	C	A	A	B	B	C	C	A	A	B	B	C	C	A	A	B	B	C	C	A	A	B	B	C	C	A	A	B	B	C	C	A	A	B	B	C	C	A	A	B	B	C	C	A	A	B	B	C	C	A	A	B	B	C	C	A	A	B	B	C	C	A	A	B	B	A	C	B	L	L	L	L	L	L	L	L	L	L	L	L	L	L	L	L	L	L	L	L	L	L	L	L	L	L	L	L	L	L	L	L	L	L	L	L	L	L	L	L	L	L	L	L	L	L	L	L	L	L	L	L	L	L	L	L	
432	G	B	A	B	L	B	G	L	C	C	C	L	A	A	A	A	A	A	L	B	B	B	B	B	C	C	C	C	C	L	C	C	A	A	A	A	A	A	A	A	A	A	A	A	A	L	A	A	B	B	C	C	C	C	C	C	C	C	C	C	A	A	A	A	A	A	B	B	B	B	B	B	G	L	L	B	B	B	C	C	C	C	C	C	A	A	B	B	B	B	B	B	C	C	C	C	A	A	A	A	A	A	B	B	C	C	C	C	C	C	A	A	A	A	B	B	B	B	B	B	C	C	A	L	C	C	A	A	B	B	B	B	C	C	A	A	A	A	B	B	C	C	C	C	A	A	B	B	B	B	C	C	A	A	A	A	B	B	C	C	C	C	A	A	B	B	B	B	C	C	A	A	A	A	B	B	C	C	C	C	A	A	B	B	B	B	C	C	A	A	A	A	B	B	C	C	C	C	A	A	B	B	B	B	C	C	A	A	A	A	B	B	C	C	C	L	L	B	C	C	A	A	B	B	C	C	A	A	B	B	C	C	A	A	B	B	C	C	A	A	B	B	C	C	A	A	B	B	C	C	A	A	B	B	C	C	A	A	B	B	C	C	A	A	B	B	C	C	A	A	B	B	C	C	A	A	B	B	C	C	A	A	B	B	C	C	A	A	B	B	C	C	A	A	B	B	C	C	A	A	B	B	C	C	A	A	B	B	C	C	A	A	B	B	A	C	B	L	L	L	L	L	L	L	L	L	L	L	L	L	L	L	L	L	L	L	L	L	L	L	L	L	L	L	L	L	L	L	L	L	L	L	L	L	L	L	L	L	L	L	L	L	L	L	L	L	L	L	L	L	L	L	L	L	
433	G	C	G	G	L	B	B	L	C	C	C	L	A	A	A	A	A	A	L	B	B	B	B	C	C	C	C	C	C	L	C	A	A	A	A	A	A	A	A	A	A	A	A	A	A	L	A	B	B	C	C	C	C	C	C	C	C	C	C	A	A	A	A	A	A	B	B	B	B	B	B	B	B	C	L	B	B	C	C	C	C	C	C	A	A	B	B	B	B	B	B	C	C	C	C	A	A	A	A	A	A	B	B	C	C	C	C	C	C	A	A	A	A	B	B	B	B	B	B	C	C	A	A	L	C	A	A	B	B	B	B	C	C	A	A	A	A	B	B	C	C	C	C	A	A	B	B	B	B	C	C	A	A	A	A	B	B	C	C	C	C	A	A	B	B	B	B	C	C	A	A	A	A	B	B	C	C	C	C	A	A	B	B	B	B	C	C	A	A	A	A	B	B	C	C	C	C	A	A	B	B	B	B	C	C	A	A	A	A	B	B	C	C	C	C	A	L	L	C	A	A	B	B	C	C	A	A	B	B	C	C	A	A	B	B	C	C	A	A	B	B	C	C	A	A	B	B	C	C	A	A	B	B	C	C	A	A	B	B	C	C	A	A	B	B	C	C	A	A	B	B	C	C	A	A	B	B	C	C	A	A	B	B	C	C	A	A	B	B	C	C	A	A	B	B	C	C	A	A	B	B	C	C	A	A	B	B	C	C	A	A	B	B	A	C	B	L	L	L	L	L	L	L	L	L	L	L	L	L	L	L	L	L	L	L	L	L	L	L	L	L	L	L	L	L	L	L	L	L	L	L	L	L	L	L	L	L	L	L	L	L	L	L	L	L	L	L	L	L	L	L	L	L	L	
434	G	B	A	B	L	B	G	L	C	C	C	L	A	A	A	A	A	A	L	B	B	B	C	C	C	C	C	C	C	L	A	A	A	A	A	A	A	A	A	A	A	A	A	A	A	L	L	B	C	C	C	C	C	C	C	C	C	C	A	A	A	A	A	A	B	B	B	B	B	B	B	B	C	C	L	B	C	C	C	C	C	C	A	A	B	B	B	B	B	B	C	C	C	C	A	A	A	A	A	A	B	B	C	C	C	C	C	C	A	A	A	A	B	B	B	B	B	B	C	C	A	A	A	L	A	A	B	B	B	B	C	C	A	A	A	A	B	B	C	C	C	C	A	A	B	B	B	B	C	C	A	A	A	A	B	B	C	C	C	C	A	A	B	B	B	B	C	C	A	A	A	A	B	B	C	C	C	C	A	A	B	B	B	B	C	C	A	A	A	A	B	B	C	C	C	C	A	A	B	B	B	B	C	C	A	A	A	A	B	B	C	C	C	C	A	A	G	L	A	A	B	B	C	C	A	A	B	B	C	C	A	A	B	B	C	C	A	A	B	B	C	C	A	A	B	B	C	C	A	A	B	B	C	C	A	A	B	B	C	C	A	A	B	B	C	C	A	A	B	B	C	C	A	A	B	B	C	C	A	A	B	B	C	C	A	A	B	B	C	C	A	A	B	B	C	C	A	A	B	B	C	C	A	A	B	B	C	C	A	A	B	B	A	C	B	L	L	L	L	L	L	L	L	L	L	L	L	L	L	L	L	L	L	L	L	L	L	L	L	L	L	L	L	L	L	L	L	L	L	L	L	L	L	L	L	L	L	L	L	L	L	L	L	L	L	L	L	L	L	L	L	L	L	L	
435	G	C	G	G	L	B	B	L	C	C	C	L	A	A	A	A	A	A	L	B	B	C	C	C	C	C	C	C	C	L	A	A	A	A	A	A	A	A	A	A	A	A	A	A	A	G	L	L	C	C	C	C	C	C	C	C	C	A	A	A	A	A	A	B	B	B	B	B	B	B	B	C	C	C	L	L	C	C	C	C	C	A	A	B	B	B	B	B	B	C	C	C	C	A	A	A	A	A	A	B	B	C	C	C	C	C	C	A	A	A	A	B	B	B	B	B	B	C	C	A	A	A	A	L	A	B	B	B	B	C	C	A	A	A	A	B	B	C	C	C	C	A	A	B	B	B	B	C	C	A	A	A	A	B	B	C	C	C	C	A	A	B	B	B	B	C	C	A	A	A	A	B	B	C	C	C	C	A	A	B	B	B	B	C	C	A	A	A	A	B	B	C	C	C	C	A	A	B	B	B	B	C	C	A	A	A	A	B	B	C	C	C	C	A	A	B	B	L	A	B	B	C	C	A	A	B	B	C	C	A	A	B	B	C	C	A	A	B	B	C	C	A	A	B	B	C	C	A	A	B	B	C	C	A	A	B	B	C	C	A	A	B	B	C	C	A	A	B	B	C	C	A	A	B	B	C	C	A	A	B	B	C	C	A	A	B	B	C	C	A	A	B	B	C	C	A	A	B	B	C	C	A	A	B	B	C	C	A	A	B	B	A	C	B	L	L	L	L	L	L	L	L	L	L	L	L	L	L	L	L	L	L	L	L	L	L	L	L	L	L	L	L	L	L	L	L	L	L	L	L	L	L	L	L	L	L	L	L	L	L	L	L	L	L	L	L	L	L	L	L	L	L	L	L	
436	G	B	A	B	L	B	G	L	C	C	C	L	A	A	A	A	A	A	L	B	C	C	C	C	C	C	C	C	C	L	A	A	A	A	A	A	A	A	A	A	A	A	A	A	B	B	C	L	C	C	C	C	C	C	C	C	A	A	A	A	A	A	B	B	B	B	B	B	B	B	C	C	C	C	A	L	C	C	C	C	A	A	B	B	B	B	B	B	C	C	C	C	A	A	A	A	A	A	B	B	C	C	C	C	C	C	A	A	A	A	B	B	B	B	B	B	C	C	A	A	A	A	A	L	L	B	B	B	C	C	A	A	A	A	B	B	C	C	C	C	A	A	B	B	B	B	C	C	A	A	A	A	B	B	C	C	C	C	A	A	B	B	B	B	C	C	A	A	A	A	B	B	C	C	C	C	A	A	B	B	B	B	C	C	A	A	A	A	B	B	C	C	C	C	A	A	B	B	B	B	C	C	A	A	A	A	B	B	C	C	C	C	A	A	B	B	G	L	L	B	C	C	A	A	B	B	C	C	A	A	B	B	C	C	A	A	B	B	C	C	A	A	B	B	C	C	A	A	B	B	C	C	A	A	B	B	C	C	A	A	B	B	C	C	A	A	B	B	C	C	A	A	B	B	C	C	A	A	B	B	C	C	A	A	B	B	C	C	A	A	B	B	C	C	A	A	B	B	C	C	A	A	B	B	C	C	A	A	B	B	A	C	B	L	L	L	L	L	L	L	L	L	L	L	L	L	L	L	L	L	L	L	L	L	L	L	L	L	L	L	L	L	L	L	L	L	L	L	L	L	L	L	L	L	L	L	L	L	L	L	L	L	L	L	L	L	L	L	L	L	L	L	L	L	
437	G	C	G	G	L	B	B	L	C	C	C	L	A	A	A	A	A	A	L	L	C	C	C	C	C	C	C	C	C	L	A	A	A	A	A	A	A	A	A	A	A	A	A	B	B	C	C	L	C	C	C	C	C	C	C	A	A	A	A	A	A	B	B	B	B	B	B	B	B	C	C	C	C	A	A	L	C	C	C	A	A	B	B	B	B	B	B	C	C	C	C	A	A	A	A	A	A	B	B	C	C	C	C	C	C	A	A	A	A	B	B	B	B	B	B	C	C	A	A	A	A	A	A	G	L	B	B	C	C	A	A	A	A	B	B	C	C	C	C	A	A	B	B	B	B	C	C	A	A	A	A	B	B	C	C	C	C	A	A	B	B	B	B	C	C	A	A	A	A	B	B	C	C	C	C	A	A	B	B	B	B	C	C	A	A	A	A	B	B	C	C	C	C	A	A	B	B	B	B	C	C	A	A	A	A	B	B	C	C	C	C	A	A	B	B	B	B	C	L	L	C	A	A	B	B	C	C	A	A	B	B	C	C	A	A	B	B	C	C	A	A	B	B	C	C	A	A	B	B	C	C	A	A	B	B	C	C	A	A	B	B	C	C	A	A	B	B	C	C	A	A	B	B	C	C	A	A	B	B	C	C	A	A	B	B	C	C	A	A	B	B	C	C	A	A	B	B	C	C	A	A	B	B	C	C	A	A	B	B	A	C	B	L	L	L	L	L	L	L	L	L	L	L	L	L	L	L	L	L	L	L	L	L	L	L	L	L	L	L	L	L	L	L	L	L	L	L	L	L	L	L	L	L	L	L	L	L	L	L	L	L	L	L	L	L	L	L	L	L	L	L	L	L	L	
438	G	B	A	B	L	B	G	L	C	C	C	L	A	A	A	A	A	A	G	L	C	C	C	C	C	C	C	C	C	L	A	A	A	A	A	A	A	A	A	A	A	A	B	B	C	C	C	L	C	C	C	C	C	C	A	A	A	A	A	A	B	B	B	B	B	B	B	B	C	C	C	C	A	A	A	L	C	C	A	A	B	B	B	B	B	B	C	C	C	C	A	A	A	A	A	A	B	B	C	C	C	C	C	C	A	A	A	A	B	B	B	B	B	B	C	C	A	A	A	A	A	A	B	B	L	B	C	C	A	A	A	A	B	B	C	C	C	C	A	A	B	B	B	B	C	C	A	A	A	A	B	B	C	C	C	C	A	A	B	B	B	B	C	C	A	A	A	A	B	B	C	C	C	C	A	A	B	B	B	B	C	C	A	A	A	A	B	B	C	C	C	C	A	A	B	B	B	B	C	C	A	A	A	A	B	B	C	C	C	C	A	A	B	B	B	B	C	C	A	L	A	A	B	B	C	C	A	A	B	B	C	C	A	A	B	B	C	C	A	A	B	B	C	C	A	A	B	B	C	C	A	A	B	B	C	C	A	A	B	B	C	C	A	A	B	B	C	C	A	A	B	B	C	C	A	A	B	B	C	C	A	A	B	B	C	C	A	A	B	B	C	C	A	A	B	B	C	C	A	A	B	B	C	C	A	A	B	B	A	C	B	L	L	L	L	L	L	L	L	L	L	L	L	L	L	L	L	L	L	L	L	L	L	L	L	L	L	L	L	L	L	L	L	L	L	L	L	L	L	L	L	L	L	L	L	L	L	L	L	L	L	L	L	L	L	L	L	L	L	L	L	L	L	L	
439	G	C	G	G	L	B	B	L	C	C	C	L	A	A	A	A	A	B	B	L	C	C	C	C	C	C	C	C	C	L	A	A	A	A	A	A	A	A	A	A	A	B	B	C	C	C	C	L	C	C	C	C	C	A	A	A	A	A	A	B	B	B	B	B	B	B	B	C	C	C	C	A	A	A	A	L	C	A	A	B	B	B	B	B	B	C	C	C	C	A	A	A	A	A	A	B	B	C	C	C	C	C	C	A	A	A	A	B	B	B	B	B	B	C	C	A	A	A	A	A	A	B	B	G	L	L	C	A	A	A	A	B	B	C	C	C	C	A	A	B	B	B	B	C	C	A	A	A	A	B	B	C	C	C	C	A	A	B	B	B	B	C	C	A	A	A	A	B	B	C	C	C	C	A	A	B	B	B	B	C	C	A	A	A	A	B	B	C	C	C	C	A	A	B	B	B	B	C	C	A	A	A	A	B	B	C	C	C	C	A	A	B	B	B	B	C	C	A	A	L	A	B	B	C	C	A	A	B	B	C	C	A	A	B	B	C	C	A	A	B	B	C	C	A	A	B	B	C	C	A	A	B	B	C	C	A	A	B	B	C	C	A	A	B	B	C	C	A	A	B	B	C	C	A	A	B	B	C	C	A	A	B	B	C	C	A	A	B	B	C	C	A	A	B	B	C	C	A	A	B	B	C	C	A	A	B	B	A	C	B	L	L	L	L	L	L	L	L	L	L	L	L	L	L	L	L	L	L	L	L	L	L	L	L	L	L	L	L	L	L	L	L	L	L	L	L	L	L	L	L	L	L	L	L	L	L	L	L	L	L	L	L	L	L	L	L	L	L	L	L	L	L	L	L	
440	G	B	A	B	L	B	G	L	C	C	C	L	A	A	A	A	B	B	G	L	C	C	C	C	C	C	C	C	C	L	A	A	A	A	A	A	A	A	A	A	B	B	C	C	C	C	C	L	C	C	C	C	A	A	A	A	A	A	B	B	B	B	B	B	B	B	C	C	C	C	A	A	A	A	A	L	A	A	B	B	B	B	B	B	C	C	C	C	A	A	A	A	A	A	B	B	C	C	C	C	C	C	A	A	A	A	B	B	B	B	B	B	C	C	A	A	A	A	A	A	B	B	B	B	C	L	A	A	A	A	B	B	C	C	C	C	A	A	B	B	B	B	C	C	A	A	A	A	B	B	C	C	C	C	A	A	B	B	B	B	C	C	A	A	A	A	B	B	C	C	C	C	A	A	B	B	B	B	C	C	A	A	A	A	B	B	C	C	C	C	A	A	B	B	B	B	C	C	A	A	A	A	B	B	C	C	C	C	A	A	B	B	B	B	C	C	A	A	A	L	L	B	C	C	A	A	B	B	C	C	A	A	B	B	C	C	A	A	B	B	C	C	A	A	B	B	C	C	A	A	B	B	C	C	A	A	B	B	C	C	A	A	B	B	C	C	A	A	B	B	C	C	A	A	B	B	C	C	A	A	B	B	C	C	A	A	B	B	C	C	A	A	B	B	C	C	A	A	B	B	C	C	A	A	B	B	A	C	B	L	L	L	L	L	L	L	L	L	L	L	L	L	L	L	L	L	L	L	L	L	L	L	L	L	L	L	L	L	L	L	L	L	L	L	L	L	L	L	L	L	L	L	L	L	L	L	L	L	L	L	L	L	L	L	L	L	L	L	L	L	L	L	L	L	
441	G	C	G	G	L	B	B	L	C	C	C	L	A	A	A	B	B	B	B	L	C	C	C	C	C	C	C	C	C	L	A	A	A	A	A	A	A	A	A	B	B	C	C	C	C	C	C	L	C	C	C	A	A	A	A	A	A	B	B	B	B	B	B	B	B	C	C	C	C	A	A	A	A	A	A	L	A	B	B	B	B	B	B	C	C	C	C	A	A	A	A	A	A	B	B	C	C	C	C	C	C	A	A	A	A	B	B	B	B	B	B	C	C	A	A	A	A	A	A	B	B	B	B	C	C	L	A	A	A	B	B	C	C	C	C	A	A	B	B	B	B	C	C	A	A	A	A	B	B	C	C	C	C	A	A	B	B	B	B	C	C	A	A	A	A	B	B	C	C	C	C	A	A	B	B	B	B	C	C	A	A	A	A	B	B	C	C	C	C	A	A	B	B	B	B	C	C	A	A	A	A	B	B	C	C	C	C	A	A	B	B	B	B	C	C	A	A	A	A	G	L	L	C	A	A	B	B	C	C	A	A	B	B	C	C	A	A	B	B	C	C	A	A	B	B	C	C	A	A	B	B	C	C	A	A	B	B	C	C	A	A	B	B	C	C	A	A	B	B	C	C	A	A	B	B	C	C	A	A	B	B	C	C	A	A	B	B	C	C	A	A	B	B	C	C	A	A	B	B	C	C	A	A	B	B	A	C	B	L	L	L	L	L	L	L	L	L	L	L	L	L	L	L	L	L	L	L	L	L	L	L	L	L	L	L	L	L	L	L	L	L	L	L	L	L	L	L	L	L	L	L	L	L	L	L	L	L	L	L	L	L	L	L	L	L	L	L	L	L	L	L	L	L	L	
442	G	B	A	B	L	B	G	L	C	C	C	L	A	A	B	B	B	B	G	L	C	C	C	C	C	C	C	C	C	L	A	A	A	A	A	A	A	A	B	B	C	C	C	C	C	C	C	L	C	C	A	A	A	A	A	A	B	B	B	B	B	B	B	B	C	C	C	C	A	A	A	A	A	A	A	L	L	B	B	B	B	B	C	C	C	C	A	A	A	A	A	A	B	B	C	C	C	C	C	C	A	A	A	A	B	B	B	B	B	B	C	C	A	A	A	A	A	A	B	B	B	B	C	C	C	L	A	A	B	B	C	C	C	C	A	A	B	B	B	B	C	C	A	A	A	A	B	B	C	C	C	C	A	A	B	B	B	B	C	C	A	A	A	A	B	B	C	C	C	C	A	A	B	B	B	B	C	C	A	A	A	A	B	B	C	C	C	C	A	A	B	B	B	B	C	C	A	A	A	A	B	B	C	C	C	C	A	A	B	B	B	B	C	C	A	A	A	A	B	B	C	L	A	A	B	B	C	C	A	A	B	B	C	C	A	A	B	B	C	C	A	A	B	B	C	C	A	A	B	B	C	C	A	A	B	B	C	C	A	A	B	B	C	C	A	A	B	B	C	C	A	A	B	B	C	C	A	A	B	B	C	C	A	A	B	B	C	C	A	A	B	B	C	C	A	A	B	B	C	C	A	A	B	B	A	C	B	L	L	L	L	L	L	L	L	L	L	L	L	L	L	L	L	L	L	L	L	L	L	L	L	L	L	L	L	L	L	L	L	L	L	L	L	L	L	L	L	L	L	L	L	L	L	L	L	L	L	L	L	L	L	L	L	L	L	L	L	L	L	L	L	L	L	L	
443	G	C	G	G	L	B	B	L	C	C	C	L	A	B	B	B	B	B	B	L	C	C	C	C	C	C	C	C	C	L	A	A	A	A	A	A	A	B	B	C	C	C	C	C	C	C	C	L	C	A	A	A	A	A	A	B	B	B	B	B	B	B	B	C	C	C	C	A	A	A	A	A	A	A	A	G	L	B	B	B	B	C	C	C	C	A	A	A	A	A	A	B	B	C	C	C	C	C	C	A	A	A	A	B	B	B	B	B	B	C	C	A	A	A	A	A	A	B	B	B	B	C	C	C	C	L	A	B	B	C	C	C	C	A	A	B	B	B	B	C	C	A	A	A	A	B	B	C	C	C	C	A	A	B	B	B	B	C	C	A	A	A	A	B	B	C	C	C	C	A	A	B	B	B	B	C	C	A	A	A	A	B	B	C	C	C	C	A	A	B	B	B	B	C	C	A	A	A	A	B	B	C	C	C	C	A	A	B	B	B	B	C	C	A	A	A	A	B	B	C	C	L	A	B	B	C	C	A	A	B	B	C	C	A	A	B	B	C	C	A	A	B	B	C	C	A	A	B	B	C	C	A	A	B	B	C	C	A	A	B	B	C	C	A	A	B	B	C	C	A	A	B	B	C	C	A	A	B	B	C	C	A	A	B	B	C	C	A	A	B	B	C	C	A	A	B	B	C	C	A	A	B	B	A	C	B	L	L	L	L	L	L	L	L	L	L	L	L	L	L	L	L	L	L	L	L	L	L	L	L	L	L	L	L	L	L	L	L	L	L	L	L	L	L	L	L	L	L	L	L	L	L	L	L	L	L	L	L	L	L	L	L	L	L	L	L	L	L	L	L	L	L	L	L	
444	G	B	A	B	L	B	G	L	C	C	C	L	L	B	B	B	B	B	G	L	C	C	C	C	C	C	C	C	C	L	A	A	A	A	A	A	B	B	C	C	C	C	C	C	C	C	C	L	A	A	A	A	A	A	B	B	B	B	B	B	B	B	C	C	C	C	A	A	A	A	A	A	A	A	B	B	L	B	B	B	C	C	C	C	A	A	A	A	A	A	B	B	C	C	C	C	C	C	A	A	A	A	B	B	B	B	B	B	C	C	A	A	A	A	A	A	B	B	B	B	C	C	C	C	C	L	L	B	C	C	C	C	A	A	B	B	B	B	C	C	A	A	A	A	B	B	C	C	C	C	A	A	B	B	B	B	C	C	A	A	A	A	B	B	C	C	C	C	A	A	B	B	B	B	C	C	A	A	A	A	B	B	C	C	C	C	A	A	B	B	B	B	C	C	A	A	A	A	B	B	C	C	C	C	A	A	B	B	B	B	C	C	A	A	A	A	B	B	C	C	C	L	L	B	C	C	A	A	B	B	C	C	A	A	B	B	C	C	A	A	B	B	C	C	A	A	B	B	C	C	A	A	B	B	C	C	A	A	B	B	C	C	A	A	B	B	C	C	A	A	B	B	C	C	A	A	B	B	C	C	A	A	B	B	C	C	A	A	B	B	C	C	A	A	B	B	C	C	A	A	B	B	A	C	B	L	L	L	L	L	L	L	L	L	L	L	L	L	L	L	L	L	L	L	L	L	L	L	L	L	L	L	L	L	L	L	L	L	L	L	L	L	L	L	L	L	L	L	L	L	L	L	L	L	L	L	L	L	L	L	L	L	L	L	L	L	L	L	L	L	L	L	L	L	
445	G	C	G	G	L	B	B	L	C	C	C	A	L	B	B	B	B	B	B	L	C	C	C	C	C	C	C	C	C	L	A	A	A	A	A	B	B	C	C	C	C	C	C	C	C	C	C	L	A	A	A	A	A	B	B	B	B	B	B	B	B	C	C	C	C	A	A	A	A	A	A	A	A	B	B	G	L	B	B	C	C	C	C	A	A	A	A	A	A	B	B	C	C	C	C	C	C	A	A	A	A	B	B	B	B	B	B	C	C	A	A	A	A	A	A	B	B	B	B	C	C	C	C	C	C	A	L	L	C	C	C	A	A	B	B	B	B	C	C	A	A	A	A	B	B	C	C	C	C	A	A	B	B	B	B	C	C	A	A	A	A	B	B	C	C	C	C	A	A	B	B	B	B	C	C	A	A	A	A	B	B	C	C	C	C	A	A	B	B	B	B	C	C	A	A	A	A	B	B	C	C	C	C	A	A	B	B	B	B	C	C	A	A	A	A	B	B	C	C	C	C	A	L	L	C	A	A	B	B	C	C	A	A	B	B	C	C	A	A	B	B	C	C	A	A	B	B	C	C	A	A	B	B	C	C	A	A	B	B	C	C	A	A	B	B	C	C	A	A	B	B	C	C	A	A	B	B	C	C	A	A	B	B	C	C	A	A	B	B	C	C	A	A	B	B	C	C	A	A	B	B	A	C	B	L	L	L	L	L	L	L	L	L	L	L	L	L	L	L	L	L	L	L	L	L	L	L	L	L	L	L	L	L	L	L	L	L	L	L	L	L	L	L	L	L	L	L	L	L	L	L	L	L	L	L	L	L	L	L	L	L	L	L	L	L	L	L	L	L	L	L	L	L	L	
446	G	B	A	B	L	B	G	L	C	C	A	A	L	B	B	B	B	B	G	L	C	C	C	C	C	C	C	C	C	L	A	A	A	A	B	B	C	C	C	C	C	C	C	C	C	C	C	L	A	A	A	A	B	B	B	B	B	B	B	B	C	C	C	C	A	A	A	A	A	A	A	A	B	B	B	B	L	B	C	C	C	C	A	A	A	A	A	A	B	B	C	C	C	C	C	C	A	A	A	A	B	B	B	B	B	B	C	C	A	A	A	A	A	A	B	B	B	B	C	C	C	C	C	C	A	A	G	L	C	C	A	A	B	B	B	B	C	C	A	A	A	A	B	B	C	C	C	C	A	A	B	B	B	B	C	C	A	A	A	A	B	B	C	C	C	C	A	A	B	B	B	B	C	C	A	A	A	A	B	B	C	C	C	C	A	A	B	B	B	B	C	C	A	A	A	A	B	B	C	C	C	C	A	A	B	B	B	B	C	C	A	A	A	A	B	B	C	C	C	C	A	A	G	L	A	A	B	B	C	C	A	A	B	B	C	C	A	A	B	B	C	C	A	A	B	B	C	C	A	A	B	B	C	C	A	A	B	B	C	C	A	A	B	B	C	C	A	A	B	B	C	C	A	A	B	B	C	C	A	A	B	B	C	C	A	A	B	B	C	C	A	A	B	B	C	C	A	A	B	B	A	C	B	L	L	L	L	L	L	L	L	L	L	L	L	L	L	L	L	L	L	L	L	L	L	L	L	L	L	L	L	L	L	L	L	L	L	L	L	L	L	L	L	L	L	L	L	L	L	L	L	L	L	L	L	L	L	L	L	L	L	L	L	L	L	L	L	L	L	L	L	L	L	L	
447	G	C	G	G	L	B	B	L	C	A	A	A	L	B	B	B	B	B	B	L	C	C	C	C	C	C	C	C	C	L	A	A	A	B	B	C	C	C	C	C	C	C	C	C	C	C	C	L	A	A	A	B	B	B	B	B	B	B	B	C	C	C	C	A	A	A	A	A	A	A	A	B	B	B	B	G	L	L	C	C	C	A	A	A	A	A	A	B	B	C	C	C	C	C	C	A	A	A	A	B	B	B	B	B	B	C	C	A	A	A	A	A	A	B	B	B	B	C	C	C	C	C	C	A	A	B	B	L	C	A	A	B	B	B	B	C	C	A	A	A	A	B	B	C	C	C	C	A	A	B	B	B	B	C	C	A	A	A	A	B	B	C	C	C	C	A	A	B	B	B	B	C	C	A	A	A	A	B	B	C	C	C	C	A	A	B	B	B	B	C	C	A	A	A	A	B	B	C	C	C	C	A	A	B	B	B	B	C	C	A	A	A	A	B	B	C	C	C	C	A	A	B	B	L	A	B	B	C	C	A	A	B	B	C	C	A	A	B	B	C	C	A	A	B	B	C	C	A	A	B	B	C	C	A	A	B	B	C	C	A	A	B	B	C	C	A	A	B	B	C	C	A	A	B	B	C	C	A	A	B	B	C	C	A	A	B	B	C	C	A	A	B	B	C	C	A	A	B	B	A	C	B	L	L	L	L	L	L	L	L	L	L	L	L	L	L	L	L	L	L	L	L	L	L	L	L	L	L	L	L	L	L	L	L	L	L	L	L	L	L	L	L	L	L	L	L	L	L	L	L	L	L	L	L	L	L	L	L	L	L	L	L	L	L	L	L	L	L	L	L	L	L	L	L	
448	G	B	A	B	L	B	G	L	A	A	A	A	L	B	B	B	B	B	G	L	C	C	C	C	C	C	C	C	C	L	A	A	B	B	C	C	C	C	C	C	C	C	C	C	C	C	C	L	A	A	B	B	B	B	B	B	B	B	C	C	C	C	A	A	A	A	A	A	A	A	B	B	B	B	B	B	C	L	C	C	A	A	A	A	A	A	B	B	C	C	C	C	C	C	A	A	A	A	B	B	B	B	B	B	C	C	A	A	A	A	A	A	B	B	B	B	C	C	C	C	C	C	A	A	B	B	G	L	A	A	B	B	B	B	C	C	A	A	A	A	B	B	C	C	C	C	A	A	B	B	B	B	C	C	A	A	A	A	B	B	C	C	C	C	A	A	B	B	B	B	C	C	A	A	A	A	B	B	C	C	C	C	A	A	B	B	B	B	C	C	A	A	A	A	B	B	C	C	C	C	A	A	B	B	B	B	C	C	A	A	A	A	B	B	C	C	C	C	A	A	B	B	G	L	L	B	C	C	A	A	B	B	C	C	A	A	B	B	C	C	A	A	B	B	C	C	A	A	B	B	C	C	A	A	B	B	C	C	A	A	B	B	C	C	A	A	B	B	C	C	A	A	B	B	C	C	A	A	B	B	C	C	A	A	B	B	C	C	A	A	B	B	C	C	A	A	B	B	A	C	B	L	L	L	L	L	L	L	L	L	L	L	L	L	L	L	L	L	L	L	L	L	L	L	L	L	L	L	L	L	L	L	L	L	L	L	L	L	L	L	L	L	L	L	L	L	L	L	L	L	L	L	L	L	L	L	L	L	L	L	L	L	L	L	L	L	L	L	L	L	L	L	L	L	
449	G	C	G	G	L	B	B	L	A	A	A	A	L	B	B	B	B	B	B	L	C	C	C	C	C	C	C	C	C	L	A	B	B	C	C	C	C	C	C	C	C	C	C	C	C	C	C	L	A	B	B	B	B	B	B	B	B	C	C	C	C	A	A	A	A	A	A	A	A	B	B	B	B	B	B	C	C	L	C	A	A	A	A	A	A	B	B	C	C	C	C	C	C	A	A	A	A	B	B	B	B	B	B	C	C	A	A	A	A	A	A	B	B	B	B	C	C	C	C	C	C	A	A	B	B	B	B	L	A	B	B	B	B	C	C	A	A	A	A	B	B	C	C	C	C	A	A	B	B	B	B	C	C	A	A	A	A	B	B	C	C	C	C	A	A	B	B	B	B	C	C	A	A	A	A	B	B	C	C	C	C	A	A	B	B	B	B	C	C	A	A	A	A	B	B	C	C	C	C	A	A	B	B	B	B	C	C	A	A	A	A	B	B	C	C	C	C	A	A	B	B	B	B	C	L	L	C	A	A	B	B	C	C	A	A	B	B	C	C	A	A	B	B	C	C	A	A	B	B	C	C	A	A	B	B	C	C	A	A	B	B	C	C	A	A	B	B	C	C	A	A	B	B	C	C	A	A	B	B	C	C	A	A	B	B	C	C	A	A	B	B	C	C	A	A	B	B	A	C	B	L	L	L	L	L	L	L	L	L	L	L	L	L	L	L	L	L	L	L	L	L	L	L	L	L	L	L	L	L	L	L	L	L	L	L	L	L	L	L	L	L	L	L	L	L	L	L	L	L	L	L	L	L	L	L	L	L	L	L	L	L	L	L	L	L	L	L	L	L	L	L	L	L	L	
450	G	B	A	B	L	B	G	L	A	A	A	A	L	B	B	B	B	B	G	L	C	C	C	C	C	C	C	C	C	L	L	B	C	C	C	C	C	C	C	C	C	C	C	C	C	C	C	L	L	B	B	B	B	B	B	B	C	C	C	C	A	A	A	A	A	A	A	A	B	B	B	B	B	B	C	C	C	L	A	A	A	A	A	A	B	B	C	C	C	C	C	C	A	A	A	A	B	B	B	B	B	B	C	C	A	A	A	A	A	A	B	B	B	B	C	C	C	C	C	C	A	A	B	B	B	B	G	L	L	B	B	B	C	C	A	A	A	A	B	B	C	C	C	C	A	A	B	B	B	B	C	C	A	A	A	A	B	B	C	C	C	C	A	A	B	B	B	B	C	C	A	A	A	A	B	B	C	C	C	C	A	A	B	B	B	B	C	C	A	A	A	A	B	B	C	C	C	C	A	A	B	B	B	B	C	C	A	A	A	A	B	B	C	C	C	C	A	A	B	B	B	B	C	C	A	L	A	A	B	B	C	C	A	A	B	B	C	C	A	A	B	B	C	C	A	A	B	B	C	C	A	A	B	B	C	C	A	A	B	B	C	C	A	A	B	B	C	C	A	A	B	B	C	C	A	A	B	B	C	C	A	A	B	B	C	C	A	A	B	B	C	C	A	A	B	B	A	C	B	L	L	L	L	L	L	L	L	L	L	L	L	L	L	L	L	L	L	L	L	L	L	L	L	L	L	L	L	L	L	L	L	L	L	L	L	L	L	L	L	L	L	L	L	L	L	L	L	L	L	L	L	L	L	L	L	L	L	L	L	L	L	L	L	L	L	L	L	L	L	L	L	L	L	L	
451	G	C	G	G	L	B	B	L	A	A	A	A	L	B	B	B	B	B	B	L	C	C	C	C	C	C	C	C	C	A	L	L	C	C	C	C	C	C	C	C	C	C	C	C	C	C	C	A	L	B	B	B	B	B	B	C	C	C	C	A	A	A	A	A	A	A	A	B	B	B	B	B	B	C	C	C	C	L	A	A	A	A	A	B	B	C	C	C	C	C	C	A	A	A	A	B	B	B	B	B	B	C	C	A	A	A	A	A	A	B	B	B	B	C	C	C	C	C	C	A	A	B	B	B	B	B	B	C	L	B	B	C	C	A	A	A	A	B	B	C	C	C	C	A	A	B	B	B	B	C	C	A	A	A	A	B	B	C	C	C	C	A	A	B	B	B	B	C	C	A	A	A	A	B	B	C	C	C	C	A	A	B	B	B	B	C	C	A	A	A	A	B	B	C	C	C	C	A	A	B	B	B	B	C	C	A	A	A	A	B	B	C	C	C	C	A	A	B	B	B	B	C	C	A	A	L	A	B	B	C	C	A	A	B	B	C	C	A	A	B	B	C	C	A	A	B	B	C	C	A	A	B	B	C	C	A	A	B	B	C	C	A	A	B	B	C	C	A	A	B	B	C	C	A	A	B	B	C	C	A	A	B	B	C	C	A	A	B	B	C	C	A	A	B	B	A	C	B	L	L	L	L	L	L	L	L	L	L	L	L	L	L	L	L	L	L	L	L	L	L	L	L	L	L	L	L	L	L	L	L	L	L	L	L	L	L	L	L	L	L	L	L	L	L	L	L	L	L	L	L	L	L	L	L	L	L	L	L	L	L	L	L	L	L	L	L	L	L	L	L	L	L	L	L	
452	G	B	A	B	L	B	G	L	A	A	A	A	L	B	B	B	B	B	G	L	C	C	C	C	C	C	C	C	A	A	G	L	C	C	C	C	C	C	C	C	C	C	C	C	C	C	A	A	L	B	B	B	B	B	C	C	C	C	A	A	A	A	A	A	A	A	B	B	B	B	B	B	C	C	C	C	C	L	A	A	A	A	B	B	C	C	C	C	C	C	A	A	A	A	B	B	B	B	B	B	C	C	A	A	A	A	A	A	B	B	B	B	C	C	C	C	C	C	A	A	B	B	B	B	B	B	C	C	L	B	C	C	A	A	A	A	B	B	C	C	C	C	A	A	B	B	B	B	C	C	A	A	A	A	B	B	C	C	C	C	A	A	B	B	B	B	C	C	A	A	A	A	B	B	C	C	C	C	A	A	B	B	B	B	C	C	A	A	A	A	B	B	C	C	C	C	A	A	B	B	B	B	C	C	A	A	A	A	B	B	C	C	C	C	A	A	B	B	B	B	C	C	A	A	A	L	L	B	C	C	A	A	B	B	C	C	A	A	B	B	C	C	A	A	B	B	C	C	A	A	B	B	C	C	A	A	B	B	C	C	A	A	B	B	C	C	A	A	B	B	C	C	A	A	B	B	C	C	A	A	B	B	C	C	A	A	B	B	C	C	A	A	B	B	A	C	B	L	L	L	L	L	L	L	L	L	L	L	L	L	L	L	L	L	L	L	L	L	L	L	L	L	L	L	L	L	L	L	L	L	L	L	L	L	L	L	L	L	L	L	L	L	L	L	L	L	L	L	L	L	L	L	L	L	L	L	L	L	L	L	L	L	L	L	L	L	L	L	L	L	L	L	L	L	
453	G	C	G	G	L	B	B	L	A	A	A	A	L	B	B	B	B	B	B	L	C	C	C	C	C	C	C	A	A	B	B	L	C	C	C	C	C	C	C	C	C	C	C	C	C	A	A	A	L	B	B	B	B	C	C	C	C	A	A	A	A	A	A	A	A	B	B	B	B	B	B	C	C	C	C	C	C	L	A	A	A	B	B	C	C	C	C	C	C	A	A	A	A	B	B	B	B	B	B	C	C	A	A	A	A	A	A	B	B	B	B	C	C	C	C	C	C	A	A	B	B	B	B	B	B	C	C	C	L	L	C	A	A	A	A	B	B	C	C	C	C	A	A	B	B	B	B	C	C	A	A	A	A	B	B	C	C	C	C	A	A	B	B	B	B	C	C	A	A	A	A	B	B	C	C	C	C	A	A	B	B	B	B	C	C	A	A	A	A	B	B	C	C	C	C	A	A	B	B	B	B	C	C	A	A	A	A	B	B	C	C	C	C	A	A	B	B	B	B	C	C	A	A	A	A	G	L	L	C	A	A	B	B	C	C	A	A	B	B	C	C	A	A	B	B	C	C	A	A	B	B	C	C	A	A	B	B	C	C	A	A	B	B	C	C	A	A	B	B	C	C	A	A	B	B	C	C	A	A	B	B	C	C	A	A	B	B	C	C	A	A	B	B	A	C	B	L	L	L	L	L	L	L	L	L	L	L	L	L	L	L	L	L	L	L	L	L	L	L	L	L	L	L	L	L	L	L	L	L	L	L	L	L	L	L	L	L	L	L	L	L	L	L	L	L	L	L	L	L	L	L	L	L	L	L	L	L	L	L	L	L	L	L	L	L	L	L	L	L	L	L	L	L	L	
454	G	B	A	B	L	B	G	L	A	A	A	A	L	B	B	B	B	B	G	L	C	C	C	C	C	C	A	A	B	B	G	L	C	C	C	C	C	C	C	C	C	C	C	C	A	A	A	A	L	B	B	B	C	C	C	C	A	A	A	A	A	A	A	A	B	B	B	B	B	B	C	C	C	C	C	C	C	L	A	A	B	B	C	C	C	C	C	C	A	A	A	A	B	B	B	B	B	B	C	C	A	A	A	A	A	A	B	B	B	B	C	C	C	C	C	C	A	A	B	B	B	B	B	B	C	C	C	C	A	L	A	A	A	A	B	B	C	C	C	C	A	A	B	B	B	B	C	C	A	A	A	A	B	B	C	C	C	C	A	A	B	B	B	B	C	C	A	A	A	A	B	B	C	C	C	C	A	A	B	B	B	B	C	C	A	A	A	A	B	B	C	C	C	C	A	A	B	B	B	B	C	C	A	A	A	A	B	B	C	C	C	C	A	A	B	B	B	B	C	C	A	A	A	A	B	B	C	L	A	A	B	B	C	C	A	A	B	B	C	C	A	A	B	B	C	C	A	A	B	B	C	C	A	A	B	B	C	C	A	A	B	B	C	C	A	A	B	B	C	C	A	A	B	B	C	C	A	A	B	B	C	C	A	A	B	B	C	C	A	A	B	B	A	C	B	L	L	L	L	L	L	L	L	L	L	L	L	L	L	L	L	L	L	L	L	L	L	L	L	L	L	L	L	L	L	L	L	L	L	L	L	L	L	L	L	L	L	L	L	L	L	L	L	L	L	L	L	L	L	L	L	L	L	L	L	L	L	L	L	L	L	L	L	L	L	L	L	L	L	L	L	L	L	L	
455	G	C	G	G	L	B	B	L	A	A	A	A	L	B	B	B	B	B	B	L	C	C	C	C	C	A	A	B	B	B	B	L	C	C	C	C	C	C	C	C	C	C	C	A	A	A	A	A	L	B	B	C	C	C	C	A	A	A	A	A	A	A	A	B	B	B	B	B	B	C	C	C	C	C	C	C	C	L	A	B	B	C	C	C	C	C	C	A	A	A	A	B	B	B	B	B	B	C	C	A	A	A	A	A	A	B	B	B	B	C	C	C	C	C	C	A	A	B	B	B	B	B	B	C	C	C	C	A	A	L	A	A	A	B	B	C	C	C	C	A	A	B	B	B	B	C	C	A	A	A	A	B	B	C	C	C	C	A	A	B	B	B	B	C	C	A	A	A	A	B	B	C	C	C	C	A	A	B	B	B	B	C	C	A	A	A	A	B	B	C	C	C	C	A	A	B	B	B	B	C	C	A	A	A	A	B	B	C	C	C	C	A	A	B	B	B	B	C	C	A	A	A	A	B	B	C	C	L	A	B	B	C	C	A	A	B	B	C	C	A	A	B	B	C	C	A	A	B	B	C	C	A	A	B	B	C	C	A	A	B	B	C	C	A	A	B	B	C	C	A	A	B	B	C	C	A	A	B	B	C	C	A	A	B	B	C	C	A	A	B	B	A	C	B	L	L	L	L	L	L	L	L	L	L	L	L	L	L	L	L	L	L	L	L	L	L	L	L	L	L	L	L	L	L	L	L	L	L	L	L	L	L	L	L	L	L	L	L	L	L	L	L	L	L	L	L	L	L	L	L	L	L	L	L	L	L	L	L	L	L	L	L	L	L	L	L	L	L	L	L	L	L	L	L	
456	G	B	A	B	L	B	G	L	A	A	A	A	L	B	B	B	B	B	G	L	C	C	C	C	A	A	B	B	B	B	G	L	C	C	C	C	C	C	C	C	C	C	A	A	A	A	A	A	L	B	C	C	C	C	A	A	A	A	A	A	A	A	B	B	B	B	B	B	C	C	C	C	C	C	C	C	C	L	L	B	C	C	C	C	C	C	A	A	A	A	B	B	B	B	B	B	C	C	A	A	A	A	A	A	B	B	B	B	C	C	C	C	C	C	A	A	B	B	B	B	B	B	C	C	C	C	A	A	A	L	A	A	B	B	C	C	C	C	A	A	B	B	B	B	C	C	A	A	A	A	B	B	C	C	C	C	A	A	B	B	B	B	C	C	A	A	A	A	B	B	C	C	C	C	A	A	B	B	B	B	C	C	A	A	A	A	B	B	C	C	C	C	A	A	B	B	B	B	C	C	A	A	A	A	B	B	C	C	C	C	A	A	B	B	B	B	C	C	A	A	A	A	B	B	C	C	C	L	L	B	C	C	A	A	B	B	C	C	A	A	B	B	C	C	A	A	B	B	C	C	A	A	B	B	C	C	A	A	B	B	C	C	A	A	B	B	C	C	A	A	B	B	C	C	A	A	B	B	C	C	A	A	B	B	C	C	A	A	B	B	A	C	B	L	L	L	L	L	L	L	L	L	L	L	L	L	L	L	L	L	L	L	L	L	L	L	L	L	L	L	L	L	L	L	L	L	L	L	L	L	L	L	L	L	L	L	L	L	L	L	L	L	L	L	L	L	L	L	L	L	L	L	L	L	L	L	L	L	L	L	L	L	L	L	L	L	L	L	L	L	L	L	L	L	
457	G	C	G	G	L	B	B	L	A	A	A	A	L	B	B	B	B	B	B	L	C	C	C	A	A	B	B	B	B	B	B	L	C	C	C	C	C	C	C	C	C	A	A	A	A	A	A	A	L	L	C	C	C	A	A	A	A	A	A	A	A	B	B	B	B	B	B	C	C	C	C	C	C	C	C	C	C	A	L	L	C	C	C	C	C	A	A	A	A	B	B	B	B	B	B	C	C	A	A	A	A	A	A	B	B	B	B	C	C	C	C	C	C	A	A	B	B	B	B	B	B	C	C	C	C	A	A	A	A	L	A	B	B	C	C	C	C	A	A	B	B	B	B	C	C	A	A	A	A	B	B	C	C	C	C	A	A	B	B	B	B	C	C	A	A	A	A	B	B	C	C	C	C	A	A	B	B	B	B	C	C	A	A	A	A	B	B	C	C	C	C	A	A	B	B	B	B	C	C	A	A	A	A	B	B	C	C	C	C	A	A	B	B	B	B	C	C	A	A	A	A	B	B	C	C	C	C	A	L	L	C	A	A	B	B	C	C	A	A	B	B	C	C	A	A	B	B	C	C	A	A	B	B	C	C	A	A	B	B	C	C	A	A	B	B	C	C	A	A	B	B	C	C	A	A	B	B	C	C	A	A	B	B	C	C	A	A	B	B	A	C	B	L	L	L	L	L	L	L	L	L	L	L	L	L	L	L	L	L	L	L	L	L	L	L	L	L	L	L	L	L	L	L	L	L	L	L	L	L	L	L	L	L	L	L	L	L	L	L	L	L	L	L	L	L	L	L	L	L	L	L	L	L	L	L	L	L	L	L	L	L	L	L	L	L	L	L	L	L	L	L	L	L	L	
458	G	B	A	B	L	B	G	L	A	A	A	A	L	B	B	B	B	B	G	L	C	C	A	A	B	B	B	B	B	B	G	L	C	C	C	C	C	C	C	C	A	A	A	A	A	A	A	A	G	L	C	C	A	A	A	A	A	A	A	A	B	B	B	B	B	B	C	C	C	C	C	C	C	C	C	C	A	A	G	L	C	C	C	C	A	A	A	A	B	B	B	B	B	B	C	C	A	A	A	A	A	A	B	B	B	B	C	C	C	C	C	C	A	A	B	B	B	B	B	B	C	C	C	C	A	A	A	A	A	L	L	B	C	C	C	C	A	A	B	B	B	B	C	C	A	A	A	A	B	B	C	C	C	C	A	A	B	B	B	B	C	C	A	A	A	A	B	B	C	C	C	C	A	A	B	B	B	B	C	C	A	A	A	A	B	B	C	C	C	C	A	A	B	B	B	B	C	C	A	A	A	A	B	B	C	C	C	C	A	A	B	B	B	B	C	C	A	A	A	A	B	B	C	C	C	C	A	A	G	L	A	A	B	B	C	C	A	A	B	B	C	C	A	A	B	B	C	C	A	A	B	B	C	C	A	A	B	B	C	C	A	A	B	B	C	C	A	A	B	B	C	C	A	A	B	B	C	C	A	A	B	B	C	C	A	A	B	B	A	C	B	L	L	L	L	L	L	L	L	L	L	L	L	L	L	L	L	L	L	L	L	L	L	L	L	L	L	L	L	L	L	L	L	L	L	L	L	L	L	L	L	L	L	L	L	L	L	L	L	L	L	L	L	L	L	L	L	L	L	L	L	L	L	L	L	L	L	L	L	L	L	L	L	L	L	L	L	L	L	L	L	L	L	L	
459	G	C	G	G	L	B	B	L	A	A	A	A	L	B	B	B	B	B	B	L	C	A	A	B	B	B	B	B	B	B	B	L	C	C	C	C	C	C	C	A	A	A	A	A	A	A	A	B	B	L	C	A	A	A	A	A	A	A	A	B	B	B	B	B	B	C	C	C	C	C	C	C	C	C	C	A	A	B	B	L	C	C	C	A	A	A	A	B	B	B	B	B	B	C	C	A	A	A	A	A	A	B	B	B	B	C	C	C	C	C	C	A	A	B	B	B	B	B	B	C	C	C	C	A	A	A	A	A	A	G	L	L	C	C	C	A	A	B	B	B	B	C	C	A	A	A	A	B	B	C	C	C	C	A	A	B	B	B	B	C	C	A	A	A	A	B	B	C	C	C	C	A	A	B	B	B	B	C	C	A	A	A	A	B	B	C	C	C	C	A	A	B	B	B	B	C	C	A	A	A	A	B	B	C	C	C	C	A	A	B	B	B	B	C	C	A	A	A	A	B	B	C	C	C	C	A	A	B	B	L	A	B	B	C	C	A	A	B	B	C	C	A	A	B	B	C	C	A	A	B	B	C	C	A	A	B	B	C	C	A	A	B	B	C	C	A	A	B	B	C	C	A	A	B	B	C	C	A	A	B	B	C	C	A	A	B	B	A	C	B	L	L	L	L	L	L	L	L	L	L	L	L	L	L	L	L	L	L	L	L	L	L	L	L	L	L	L	L	L	L	L	L	L	L	L	L	L	L	L	L	L	L	L	L	L	L	L	L	L	L	L	L	L	L	L	L	L	L	L	L	L	L	L	L	L	L	L	L	L	L	L	L	L	L	L	L	L	L	L	L	L	L	L	L	
460	G	B	A	B	L	B	G	L	A	A	A	A	L	B	B	B	B	B	G	L	A	A	B	B	B	B	B	B	B	B	G	L	C	C	C	C	C	C	A	A	A	A	A	A	A	A	B	B	G	L	A	A	A	A	A	A	A	A	B	B	B	B	B	B	C	C	C	C	C	C	C	C	C	C	A	A	B	B	G	L	C	C	A	A	A	A	B	B	B	B	B	B	C	C	A	A	A	A	A	A	B	B	B	B	C	C	C	C	C	C	A	A	B	B	B	B	B	B	C	C	C	C	A	A	A	A	A	A	B	B	C	L	C	C	A	A	B	B	B	B	C	C	A	A	A	A	B	B	C	C	C	C	A	A	B	B	B	B	C	C	A	A	A	A	B	B	C	C	C	C	A	A	B	B	B	B	C	C	A	A	A	A	B	B	C	C	C	C	A	A	B	B	B	B	C	C	A	A	A	A	B	B	C	C	C	C	A	A	B	B	B	B	C	C	A	A	A	A	B	B	C	C	C	C	A	A	B	B	G	L	L	B	C	C	A	A	B	B	C	C	A	A	B	B	C	C	A	A	B	B	C	C	A	A	B	B	C	C	A	A	B	B	C	C	A	A	B	B	C	C	A	A	B	B	C	C	A	A	B	B	C	C	A	A	B	B	A	C	B	L	L	L	L	L	L	L	L	L	L	L	L	L	L	L	L	L	L	L	L	L	L	L	L	L	L	L	L	L	L	L	L	L	L	L	L	L	L	L	L	L	L	L	L	L	L	L	L	L	L	L	L	L	L	L	L	L	L	L	L	L	L	L	L	L	L	L	L	L	L	L	L	L	L	L	L	L	L	L	L	L	L	L	L	L	
461	G	C	G	G	L	B	B	L	A	A	A	A	L	B	B	B	B	B	B	L	A	B	B	B	B	B	B	B	B	B	B	L	C	C	C	C	C	A	A	A	A	A	A	A	A	B	B	B	B	L	A	A	A	A	A	A	A	B	B	B	B	B	B	C	C	C	C	C	C	C	C	C	C	A	A	B	B	B	B	L	C	A	A	A	A	B	B	B	B	B	B	C	C	A	A	A	A	A	A	B	B	B	B	C	C	C	C	C	C	A	A	B	B	B	B	B	B	C	C	C	C	A	A	A	A	A	A	B	B	C	C	L	C	A	A	B	B	B	B	C	C	A	A	A	A	B	B	C	C	C	C	A	A	B	B	B	B	C	C	A	A	A	A	B	B	C	C	C	C	A	A	B	B	B	B	C	C	A	A	A	A	B	B	C	C	C	C	A	A	B	B	B	B	C	C	A	A	A	A	B	B	C	C	C	C	A	A	B	B	B	B	C	C	A	A	A	A	B	B	C	C	C	C	A	A	B	B	B	B	C	L	L	C	A	A	B	B	C	C	A	A	B	B	C	C	A	A	B	B	C	C	A	A	B	B	C	C	A	A	B	B	C	C	A	A	B	B	C	C	A	A	B	B	C	C	A	A	B	B	C	C	A	A	B	B	A	C	B	L	L	L	L	L	L	L	L	L	L	L	L	L	L	L	L	L	L	L	L	L	L	L	L	L	L	L	L	L	L	L	L	L	L	L	L	L	L	L	L	L	L	L	L	L	L	L	L	L	L	L	L	L	L	L	L	L	L	L	L	L	L	L	L	L	L	L	L	L	L	L	L	L	L	L	L	L	L	L	L	L	L	L	L	L	L	
462	G	B	A	B	L	B	G	L	A	A	A	A	L	B	B	B	B	B	G	L	L	B	B	B	B	B	B	B	B	B	G	L	C	C	C	C	A	A	A	A	A	A	A	A	B	B	B	B	G	L	A	A	A	A	A	A	B	B	B	B	B	B	C	C	C	C	C	C	C	C	C	C	A	A	B	B	B	B	G	L	A	A	A	A	B	B	B	B	B	B	C	C	A	A	A	A	A	A	B	B	B	B	C	C	C	C	C	C	A	A	B	B	B	B	B	B	C	C	C	C	A	A	A	A	A	A	B	B	C	C	C	L	A	A	B	B	B	B	C	C	A	A	A	A	B	B	C	C	C	C	A	A	B	B	B	B	C	C	A	A	A	A	B	B	C	C	C	C	A	A	B	B	B	B	C	C	A	A	A	A	B	B	C	C	C	C	A	A	B	B	B	B	C	C	A	A	A	A	B	B	C	C	C	C	A	A	B	B	B	B	C	C	A	A	A	A	B	B	C	C	C	C	A	A	B	B	B	B	C	C	A	L	A	A	B	B	C	C	A	A	B	B	C	C	A	A	B	B	C	C	A	A	B	B	C	C	A	A	B	B	C	C	A	A	B	B	C	C	A	A	B	B	C	C	A	A	B	B	C	C	A	A	B	B	A	C	B	L	L	L	L	L	L	L	L	L	L	L	L	L	L	L	L	L	L	L	L	L	L	L	L	L	L	L	L	L	L	L	L	L	L	L	L	L	L	L	L	L	L	L	L	L	L	L	L	L	L	L	L	L	L	L	L	L	L	L	L	L	L	L	L	L	L	L	L	L	L	L	L	L	L	L	L	L	L	L	L	L	L	L	L	L	L	L	
463	G	C	G	G	L	B	B	L	A	A	A	A	L	B	B	B	B	B	B	C	L	B	B	B	B	B	B	B	B	B	B	L	C	C	C	A	A	A	A	A	A	A	A	B	B	B	B	B	B	L	A	A	A	A	A	B	B	B	B	B	B	C	C	C	C	C	C	C	C	C	C	A	A	B	B	B	B	B	B	L	A	A	A	B	B	B	B	B	B	C	C	A	A	A	A	A	A	B	B	B	B	C	C	C	C	C	C	A	A	B	B	B	B	B	B	C	C	C	C	A	A	A	A	A	A	B	B	C	C	C	C	L	A	B	B	B	B	C	C	A	A	A	A	B	B	C	C	C	C	A	A	B	B	B	B	C	C	A	A	A	A	B	B	C	C	C	C	A	A	B	B	B	B	C	C	A	A	A	A	B	B	C	C	C	C	A	A	B	B	B	B	C	C	A	A	A	A	B	B	C	C	C	C	A	A	B	B	B	B	C	C	A	A	A	A	B	B	C	C	C	C	A	A	B	B	B	B	C	C	A	A	L	A	B	B	C	C	A	A	B	B	C	C	A	A	B	B	C	C	A	A	B	B	C	C	A	A	B	B	C	C	A	A	B	B	C	C	A	A	B	B	C	C	A	A	B	B	C	C	A	A	B	B	A	C	B	L	L	L	L	L	L	L	L	L	L	L	L	L	L	L	L	L	L	L	L	L	L	L	L	L	L	L	L	L	L	L	L	L	L	L	L	L	L	L	L	L	L	L	L	L	L	L	L	L	L	L	L	L	L	L	L	L	L	L	L	L	L	L	L	L	L	L	L	L	L	L	L	L	L	L	L	L	L	L	L	L	L	L	L	L	L	L	L	
464	G	B	A	B	L	B	G	L	A	A	A	A	L	B	B	B	B	B	C	C	L	B	B	B	B	B	B	B	B	B	G	L	C	C	A	A	A	A	A	A	A	A	B	B	B	B	B	B	G	L	A	A	A	A	B	B	B	B	B	B	C	C	C	C	C	C	C	C	C	C	A	A	B	B	B	B	B	B	G	L	A	A	B	B	B	B	B	B	C	C	A	A	A	A	A	A	B	B	B	B	C	C	C	C	C	C	A	A	B	B	B	B	B	B	C	C	C	C	A	A	A	A	A	A	B	B	C	C	C	C	C	L	L	B	B	B	C	C	A	A	A	A	B	B	C	C	C	C	A	A	B	B	B	B	C	C	A	A	A	A	B	B	C	C	C	C	A	A	B	B	B	B	C	C	A	A	A	A	B	B	C	C	C	C	A	A	B	B	B	B	C	C	A	A	A	A	B	B	C	C	C	C	A	A	B	B	B	B	C	C	A	A	A	A	B	B	C	C	C	C	A	A	B	B	B	B	C	C	A	A	A	L	L	B	C	C	A	A	B	B	C	C	A	A	B	B	C	C	A	A	B	B	C	C	A	A	B	B	C	C	A	A	B	B	C	C	A	A	B	B	C	C	A	A	B	B	C	C	A	A	B	B	A	C	B	L	L	L	L	L	L	L	L	L	L	L	L	L	L	L	L	L	L	L	L	L	L	L	L	L	L	L	L	L	L	L	L	L	L	L	L	L	L	L	L	L	L	L	L	L	L	L	L	L	L	L	L	L	L	L	L	L	L	L	L	L	L	L	L	L	L	L	L	L	L	L	L	L	L	L	L	L	L	L	L	L	L	L	L	L	L	L	L	L	
465	G	C	G	G	L	B	B	L	A	A	A	A	L	B	B	B	B	C	C	C	L	B	B	B	B	B	B	B	B	B	B	L	C	A	A	A	A	A	A	A	A	B	B	B	B	B	B	B	B	L	A	A	A	B	B	B	B	B	B	C	C	C	C	C	C	C	C	C	C	A	A	B	B	B	B	B	B	B	B	L	A	B	B	B	B	B	B	C	C	A	A	A	A	A	A	B	B	B	B	C	C	C	C	C	C	A	A	B	B	B	B	B	B	C	C	C	C	A	A	A	A	A	A	B	B	C	C	C	C	C	C	A	L	B	B	C	C	A	A	A	A	B	B	C	C	C	C	A	A	B	B	B	B	C	C	A	A	A	A	B	B	C	C	C	C	A	A	B	B	B	B	C	C	A	A	A	A	B	B	C	C	C	C	A	A	B	B	B	B	C	C	A	A	A	A	B	B	C	C	C	C	A	A	B	B	B	B	C	C	A	A	A	A	B	B	C	C	C	C	A	A	B	B	B	B	C	C	A	A	A	A	G	L	L	C	A	A	B	B	C	C	A	A	B	B	C	C	A	A	B	B	C	C	A	A	B	B	C	C	A	A	B	B	C	C	A	A	B	B	C	C	A	A	B	B	C	C	A	A	B	B	A	C	B	L	L	L	L	L	L	L	L	L	L	L	L	L	L	L	L	L	L	L	L	L	L	L	L	L	L	L	L	L	L	L	L	L	L	L	L	L	L	L	L	L	L	L	L	L	L	L	L	L	L	L	L	L	L	L	L	L	L	L	L	L	L	L	L	L	L	L	L	L	L	L	L	L	L	L	L	L	L	L	L	L	L	L	L	L	L	L	L	L	L	
466	G	B	A	B	L	B	G	L	A	A	A	A	L	B	B	B	C	C	C	C	L	B	B	B	B	B	B	B	B	B	G	L	A	A	A	A	A	A	A	A	B	B	B	B	B	B	B	B	G	L	A	A	B	B	B	B	B	B	C	C	C	C	C	C	C	C	C	C	A	A	B	B	B	B	B	B	B	B	G	L	L	B	B	B	B	B	C	C	A	A	A	A	A	A	B	B	B	B	C	C	C	C	C	C	A	A	B	B	B	B	B	B	C	C	C	C	A	A	A	A	A	A	B	B	C	C	C	C	C	C	A	A	L	B	C	C	A	A	A	A	B	B	C	C	C	C	A	A	B	B	B	B	C	C	A	A	A	A	B	B	C	C	C	C	A	A	B	B	B	B	C	C	A	A	A	A	B	B	C	C	C	C	A	A	B	B	B	B	C	C	A	A	A	A	B	B	C	C	C	C	A	A	B	B	B	B	C	C	A	A	A	A	B	B	C	C	C	C	A	A	B	B	B	B	C	C	A	A	A	A	B	B	C	L	A	A	B	B	C	C	A	A	B	B	C	C	A	A	B	B	C	C	A	A	B	B	C	C	A	A	B	B	C	C	A	A	B	B	C	C	A	A	B	B	C	C	A	A	B	B	A	C	B	L	L	L	L	L	L	L	L	L	L	L	L	L	L	L	L	L	L	L	L	L	L	L	L	L	L	L	L	L	L	L	L	L	L	L	L	L	L	L	L	L	L	L	L	L	L	L	L	L	L	L	L	L	L	L	L	L	L	L	L	L	L	L	L	L	L	L	L	L	L	L	L	L	L	L	L	L	L	L	L	L	L	L	L	L	L	L	L	L	L	L	
467	G	C	G	G	L	B	B	L	A	A	A	A	L	B	B	C	C	C	C	C	L	B	B	B	B	B	B	B	B	B	B	L	A	A	A	A	A	A	A	B	B	B	B	B	B	B	B	B	B	L	A	B	B	B	B	B	B	C	C	C	C	C	C	C	C	C	C	A	A	B	B	B	B	B	B	B	B	B	B	C	L	B	B	B	B	C	C	A	A	A	A	A	A	B	B	B	B	C	C	C	C	C	C	A	A	B	B	B	B	B	B	C	C	C	C	A	A	A	A	A	A	B	B	C	C	C	C	C	C	A	A	A	L	L	C	A	A	A	A	B	B	C	C	C	C	A	A	B	B	B	B	C	C	A	A	A	A	B	B	C	C	C	C	A	A	B	B	B	B	C	C	A	A	A	A	B	B	C	C	C	C	A	A	B	B	B	B	C	C	A	A	A	A	B	B	C	C	C	C	A	A	B	B	B	B	C	C	A	A	A	A	B	B	C	C	C	C	A	A	B	B	B	B	C	C	A	A	A	A	B	B	C	C	L	A	B	B	C	C	A	A	B	B	C	C	A	A	B	B	C	C	A	A	B	B	C	C	A	A	B	B	C	C	A	A	B	B	C	C	A	A	B	B	C	C	A	A	B	B	A	C	B	L	L	L	L	L	L	L	L	L	L	L	L	L	L	L	L	L	L	L	L	L	L	L	L	L	L	L	L	L	L	L	L	L	L	L	L	L	L	L	L	L	L	L	L	L	L	L	L	L	L	L	L	L	L	L	L	L	L	L	L	L	L	L	L	L	L	L	L	L	L	L	L	L	L	L	L	L	L	L	L	L	L	L	L	L	L	L	L	L	L	L	L	
468	G	B	A	B	L	B	G	L	A	A	A	A	L	B	C	C	C	C	C	C	L	B	B	B	B	B	B	B	B	B	G	L	A	A	A	A	A	A	B	B	B	B	B	B	B	B	B	B	G	L	L	B	B	B	B	B	C	C	C	C	C	C	C	C	C	C	A	A	B	B	B	B	B	B	B	B	B	B	C	C	L	B	B	B	C	C	A	A	A	A	A	A	B	B	B	B	C	C	C	C	C	C	A	A	B	B	B	B	B	B	C	C	C	C	A	A	A	A	A	A	B	B	C	C	C	C	C	C	A	A	A	A	G	L	A	A	A	A	B	B	C	C	C	C	A	A	B	B	B	B	C	C	A	A	A	A	B	B	C	C	C	C	A	A	B	B	B	B	C	C	A	A	A	A	B	B	C	C	C	C	A	A	B	B	B	B	C	C	A	A	A	A	B	B	C	C	C	C	A	A	B	B	B	B	C	C	A	A	A	A	B	B	C	C	C	C	A	A	B	B	B	B	C	C	A	A	A	A	B	B	C	C	C	L	L	B	C	C	A	A	B	B	C	C	A	A	B	B	C	C	A	A	B	B	C	C	A	A	B	B	C	C	A	A	B	B	C	C	A	A	B	B	C	C	A	A	B	B	A	C	B	L	L	L	L	L	L	L	L	L	L	L	L	L	L	L	L	L	L	L	L	L	L	L	L	L	L	L	L	L	L	L	L	L	L	L	L	L	L	L	L	L	L	L	L	L	L	L	L	L	L	L	L	L	L	L	L	L	L	L	L	L	L	L	L	L	L	L	L	L	L	L	L	L	L	L	L	L	L	L	L	L	L	L	L	L	L	L	L	L	L	L	L	L	
469	G	C	G	G	L	B	B	L	A	A	A	A	L	L	C	C	C	C	C	C	L	B	B	B	B	B	B	B	B	B	B	L	A	A	A	A	A	B	B	B	B	B	B	B	B	B	B	B	B	C	L	B	B	B	B	C	C	C	C	C	C	C	C	C	C	A	A	B	B	B	B	B	B	B	B	B	B	C	C	C	L	B	B	C	C	A	A	A	A	A	A	B	B	B	B	C	C	C	C	C	C	A	A	B	B	B	B	B	B	C	C	C	C	A	A	A	A	A	A	B	B	C	C	C	C	C	C	A	A	A	A	B	B	L	A	A	A	B	B	C	C	C	C	A	A	B	B	B	B	C	C	A	A	A	A	B	B	C	C	C	C	A	A	B	B	B	B	C	C	A	A	A	A	B	B	C	C	C	C	A	A	B	B	B	B	C	C	A	A	A	A	B	B	C	C	C	C	A	A	B	B	B	B	C	C	A	A	A	A	B	B	C	C	C	C	A	A	B	B	B	B	C	C	A	A	A	A	B	B	C	C	C	C	A	L	L	C	A	A	B	B	C	C	A	A	B	B	C	C	A	A	B	B	C	C	A	A	B	B	C	C	A	A	B	B	C	C	A	A	B	B	C	C	A	A	B	B	A	C	B	L	L	L	L	L	L	L	L	L	L	L	L	L	L	L	L	L	L	L	L	L	L	L	L	L	L	L	L	L	L	L	L	L	L	L	L	L	L	L	L	L	L	L	L	L	L	L	L	L	L	L	L	L	L	L	L	L	L	L	L	L	L	L	L	L	L	L	L	L	L	L	L	L	L	L	L	L	L	L	L	L	L	L	L	L	L	L	L	L	L	L	L	L	L	
470	G	B	A	B	L	B	G	L	A	A	A	A	G	L	C	C	C	C	C	C	L	B	B	B	B	B	B	B	B	B	G	L	A	A	A	A	B	B	B	B	B	B	B	B	B	B	B	B	C	C	L	B	B	B	C	C	C	C	C	C	C	C	C	C	A	A	B	B	B	B	B	B	B	B	B	B	C	C	C	C	L	B	C	C	A	A	A	A	A	A	B	B	B	B	C	C	C	C	C	C	A	A	B	B	B	B	B	B	C	C	C	C	A	A	A	A	A	A	B	B	C	C	C	C	C	C	A	A	A	A	B	B	G	L	A	A	B	B	C	C	C	C	A	A	B	B	B	B	C	C	A	A	A	A	B	B	C	C	C	C	A	A	B	B	B	B	C	C	A	A	A	A	B	B	C	C	C	C	A	A	B	B	B	B	C	C	A	A	A	A	B	B	C	C	C	C	A	A	B	B	B	B	C	C	A	A	A	A	B	B	C	C	C	C	A	A	B	B	B	B	C	C	A	A	A	A	B	B	C	C	C	C	A	A	G	L	A	A	B	B	C	C	A	A	B	B	C	C	A	A	B	B	C	C	A	A	B	B	C	C	A	A	B	B	C	C	A	A	B	B	C	C	A	A	B	B	A	C	B	L	L	L	L	L	L	L	L	L	L	L	L	L	L	L	L	L	L	L	L	L	L	L	L	L	L	L	L	L	L	L	L	L	L	L	L	L	L	L	L	L	L	L	L	L	L	L	L	L	L	L	L	L	L	L	L	L	L	L	L	L	L	L	L	L	L	L	L	L	L	L	L	L	L	L	L	L	L	L	L	L	L	L	L	L	L	L	L	L	L	L	L	L	L	L	
471	G	C	G	G	L	B	B	L	A	A	A	B	B	L	C	C	C	C	C	C	L	B	B	B	B	B	B	B	B	B	B	L	A	A	A	B	B	B	B	B	B	B	B	B	B	B	B	C	C	C	L	B	B	C	C	C	C	C	C	C	C	C	C	A	A	B	B	B	B	B	B	B	B	B	B	C	C	C	C	C	L	L	C	A	A	A	A	A	A	B	B	B	B	C	C	C	C	C	C	A	A	B	B	B	B	B	B	C	C	C	C	A	A	A	A	A	A	B	B	C	C	C	C	C	C	A	A	A	A	B	B	B	B	L	A	B	B	C	C	C	C	A	A	B	B	B	B	C	C	A	A	A	A	B	B	C	C	C	C	A	A	B	B	B	B	C	C	A	A	A	A	B	B	C	C	C	C	A	A	B	B	B	B	C	C	A	A	A	A	B	B	C	C	C	C	A	A	B	B	B	B	C	C	A	A	A	A	B	B	C	C	C	C	A	A	B	B	B	B	C	C	A	A	A	A	B	B	C	C	C	C	A	A	B	B	L	A	B	B	C	C	A	A	B	B	C	C	A	A	B	B	C	C	A	A	B	B	C	C	A	A	B	B	C	C	A	A	B	B	C	C	A	A	B	B	A	C	B	L	L	L	L	L	L	L	L	L	L	L	L	L	L	L	L	L	L	L	L	L	L	L	L	L	L	L	L	L	L	L	L	L	L	L	L	L	L	L	L	L	L	L	L	L	L	L	L	L	L	L	L	L	L	L	L	L	L	L	L	L	L	L	L	L	L	L	L	L	L	L	L	L	L	L	L	L	L	L	L	L	L	L	L	L	L	L	L	L	L	L	L	L	L	L	L	
472	G	B	A	B	L	B	G	L	A	A	B	B	G	L	C	C	C	C	C	C	L	B	B	B	B	B	B	B	B	B	G	L	A	A	B	B	B	B	B	B	B	B	B	B	B	B	C	C	C	C	L	B	C	C	C	C	C	C	C	C	C	C	A	A	B	B	B	B	B	B	B	B	B	B	C	C	C	C	C	C	A	L	A	A	A	A	A	A	B	B	B	B	C	C	C	C	C	C	A	A	B	B	B	B	B	B	C	C	C	C	A	A	A	A	A	A	B	B	C	C	C	C	C	C	A	A	A	A	B	B	B	B	G	L	L	B	C	C	C	C	A	A	B	B	B	B	C	C	A	A	A	A	B	B	C	C	C	C	A	A	B	B	B	B	C	C	A	A	A	A	B	B	C	C	C	C	A	A	B	B	B	B	C	C	A	A	A	A	B	B	C	C	C	C	A	A	B	B	B	B	C	C	A	A	A	A	B	B	C	C	C	C	A	A	B	B	B	B	C	C	A	A	A	A	B	B	C	C	C	C	A	A	B	B	G	L	L	B	C	C	A	A	B	B	C	C	A	A	B	B	C	C	A	A	B	B	C	C	A	A	B	B	C	C	A	A	B	B	C	C	A	A	B	B	A	C	B	L	L	L	L	L	L	L	L	L	L	L	L	L	L	L	L	L	L	L	L	L	L	L	L	L	L	L	L	L	L	L	L	L	L	L	L	L	L	L	L	L	L	L	L	L	L	L	L	L	L	L	L	L	L	L	L	L	L	L	L	L	L	L	L	L	L	L	L	L	L	L	L	L	L	L	L	L	L	L	L	L	L	L	L	L	L	L	L	L	L	L	L	L	L	L	L	L	
473	G	C	G	G	L	B	B	L	A	B	B	B	B	L	C	C	C	C	C	C	L	B	B	B	B	B	B	B	B	B	B	L	A	B	B	B	B	B	B	B	B	B	B	B	B	C	C	C	C	C	L	L	C	C	C	C	C	C	C	C	C	A	A	B	B	B	B	B	B	B	B	B	B	C	C	C	C	C	C	A	A	L	A	A	A	A	A	B	B	B	B	C	C	C	C	C	C	A	A	B	B	B	B	B	B	C	C	C	C	A	A	A	A	A	A	B	B	C	C	C	C	C	C	A	A	A	A	B	B	B	B	B	B	C	L	L	C	C	C	A	A	B	B	B	B	C	C	A	A	A	A	B	B	C	C	C	C	A	A	B	B	B	B	C	C	A	A	A	A	B	B	C	C	C	C	A	A	B	B	B	B	C	C	A	A	A	A	B	B	C	C	C	C	A	A	B	B	B	B	C	C	A	A	A	A	B	B	C	C	C	C	A	A	B	B	B	B	C	C	A	A	A	A	B	B	C	C	C	C	A	A	B	B	B	B	C	L	L	C	A	A	B	B	C	C	A	A	B	B	C	C	A	A	B	B	C	C	A	A	B	B	C	C	A	A	B	B	C	C	A	A	B	B	A	C	B	L	L	L	L	L	L	L	L	L	L	L	L	L	L	L	L	L	L	L	L	L	L	L	L	L	L	L	L	L	L	L	L	L	L	L	L	L	L	L	L	L	L	L	L	L	L	L	L	L	L	L	L	L	L	L	L	L	L	L	L	L	L	L	L	L	L	L	L	L	L	L	L	L	L	L	L	L	L	L	L	L	L	L	L	L	L	L	L	L	L	L	L	L	L	L	L	L	L	
474	G	B	A	B	L	B	G	L	L	B	B	B	G	L	C	C	C	C	C	C	L	B	B	B	B	B	B	B	B	B	G	L	L	B	B	B	B	B	B	B	B	B	B	B	C	C	C	C	C	C	A	L	C	C	C	C	C	C	C	C	A	A	B	B	B	B	B	B	B	B	B	B	C	C	C	C	C	C	A	A	A	L	A	A	A	A	B	B	B	B	C	C	C	C	C	C	A	A	B	B	B	B	B	B	C	C	C	C	A	A	A	A	A	A	B	B	C	C	C	C	C	C	A	A	A	A	B	B	B	B	B	B	C	C	A	L	C	C	A	A	B	B	B	B	C	C	A	A	A	A	B	B	C	C	C	C	A	A	B	B	B	B	C	C	A	A	A	A	B	B	C	C	C	C	A	A	B	B	B	B	C	C	A	A	A	A	B	B	C	C	C	C	A	A	B	B	B	B	C	C	A	A	A	A	B	B	C	C	C	C	A	A	B	B	B	B	C	C	A	A	A	A	B	B	C	C	C	C	A	A	B	B	B	B	C	C	A	L	A	A	B	B	C	C	A	A	B	B	C	C	A	A	B	B	C	C	A	A	B	B	C	C	A	A	B	B	C	C	A	A	B	B	A	C	B	L	L	L	L	L	L	L	L	L	L	L	L	L	L	L	L	L	L	L	L	L	L	L	L	L	L	L	L	L	L	L	L	L	L	L	L	L	L	L	L	L	L	L	L	L	L	L	L	L	L	L	L	L	L	L	L	L	L	L	L	L	L	L	L	L	L	L	L	L	L	L	L	L	L	L	L	L	L	L	L	L	L	L	L	L	L	L	L	L	L	L	L	L	L	L	L	L	L	L	
475	G	C	G	G	L	B	B	C	L	B	B	B	B	L	C	C	C	C	C	C	L	B	B	B	B	B	B	B	B	B	B	C	L	B	B	B	B	B	B	B	B	B	B	C	C	C	C	C	C	A	A	L	C	C	C	C	C	C	C	A	A	B	B	B	B	B	B	B	B	B	B	C	C	C	C	C	C	A	A	A	A	L	A	A	A	B	B	B	B	C	C	C	C	C	C	A	A	B	B	B	B	B	B	C	C	C	C	A	A	A	A	A	A	B	B	C	C	C	C	C	C	A	A	A	A	B	B	B	B	B	B	C	C	A	A	L	C	A	A	B	B	B	B	C	C	A	A	A	A	B	B	C	C	C	C	A	A	B	B	B	B	C	C	A	A	A	A	B	B	C	C	C	C	A	A	B	B	B	B	C	C	A	A	A	A	B	B	C	C	C	C	A	A	B	B	B	B	C	C	A	A	A	A	B	B	C	C	C	C	A	A	B	B	B	B	C	C	A	A	A	A	B	B	C	C	C	C	A	A	B	B	B	B	C	C	A	A	L	A	B	B	C	C	A	A	B	B	C	C	A	A	B	B	C	C	A	A	B	B	C	C	A	A	B	B	C	C	A	A	B	B	A	C	B	L	L	L	L	L	L	L	L	L	L	L	L	L	L	L	L	L	L	L	L	L	L	L	L	L	L	L	L	L	L	L	L	L	L	L	L	L	L	L	L	L	L	L	L	L	L	L	L	L	L	L	L	L	L	L	L	L	L	L	L	L	L	L	L	L	L	L	L	L	L	L	L	L	L	L	L	L	L	L	L	L	L	L	L	L	L	L	L	L	L	L	L	L	L	L	L	L	L	L	L	
476	G	B	A	B	L	B	C	C	L	B	B	B	G	L	C	C	C	C	C	C	L	B	B	B	B	B	B	B	B	B	C	C	L	B	B	B	B	B	B	B	B	B	C	C	C	C	C	C	A	A	A	L	C	C	C	C	C	C	A	A	B	B	B	B	B	B	B	B	B	B	C	C	C	C	C	C	A	A	A	A	A	L	A	A	B	B	B	B	C	C	C	C	C	C	A	A	B	B	B	B	B	B	C	C	C	C	A	A	A	A	A	A	B	B	C	C	C	C	C	C	A	A	A	A	B	B	B	B	B	B	C	C	A	A	A	L	A	A	B	B	B	B	C	C	A	A	A	A	B	B	C	C	C	C	A	A	B	B	B	B	C	C	A	A	A	A	B	B	C	C	C	C	A	A	B	B	B	B	C	C	A	A	A	A	B	B	C	C	C	C	A	A	B	B	B	B	C	C	A	A	A	A	B	B	C	C	C	C	A	A	B	B	B	B	C	C	A	A	A	A	B	B	C	C	C	C	A	A	B	B	B	B	C	C	A	A	A	L	L	B	C	C	A	A	B	B	C	C	A	A	B	B	C	C	A	A	B	B	C	C	A	A	B	B	C	C	A	A	B	B	A	C	B	L	L	L	L	L	L	L	L	L	L	L	L	L	L	L	L	L	L	L	L	L	L	L	L	L	L	L	L	L	L	L	L	L	L	L	L	L	L	L	L	L	L	L	L	L	L	L	L	L	L	L	L	L	L	L	L	L	L	L	L	L	L	L	L	L	L	L	L	L	L	L	L	L	L	L	L	L	L	L	L	L	L	L	L	L	L	L	L	L	L	L	L	L	L	L	L	L	L	L	L	L	
477	G	C	G	G	L	L	C	C	L	B	B	B	B	L	C	C	C	C	C	C	L	B	B	B	B	B	B	B	B	C	C	C	L	B	B	B	B	B	B	B	B	C	C	C	C	C	C	A	A	A	A	L	C	C	C	C	C	A	A	B	B	B	B	B	B	B	B	B	B	C	C	C	C	C	C	A	A	A	A	A	A	L	A	B	B	B	B	C	C	C	C	C	C	A	A	B	B	B	B	B	B	C	C	C	C	A	A	A	A	A	A	B	B	C	C	C	C	C	C	A	A	A	A	B	B	B	B	B	B	C	C	A	A	A	A	L	A	B	B	B	B	C	C	A	A	A	A	B	B	C	C	C	C	A	A	B	B	B	B	C	C	A	A	A	A	B	B	C	C	C	C	A	A	B	B	B	B	C	C	A	A	A	A	B	B	C	C	C	C	A	A	B	B	B	B	C	C	A	A	A	A	B	B	C	C	C	C	A	A	B	B	B	B	C	C	A	A	A	A	B	B	C	C	C	C	A	A	B	B	B	B	C	C	A	A	A	A	G	L	L	C	A	A	B	B	C	C	A	A	B	B	C	C	A	A	B	B	C	C	A	A	B	B	C	C	A	A	B	B	A	C	B	L	L	L	L	L	L	L	L	L	L	L	L	L	L	L	L	L	L	L	L	L	L	L	L	L	L	L	L	L	L	L	L	L	L	L	L	L	L	L	L	L	L	L	L	L	L	L	L	L	L	L	L	L	L	L	L	L	L	L	L	L	L	L	L	L	L	L	L	L	L	L	L	L	L	L	L	L	L	L	L	L	L	L	L	L	L	L	L	L	L	L	L	L	L	L	L	L	L	L	L	L	L	
478	G	B	A	B	C	L	C	C	L	B	B	B	G	L	C	C	C	C	C	C	L	B	B	B	B	B	B	B	C	C	C	C	L	B	B	B	B	B	B	B	C	C	C	C	C	C	A	A	A	A	A	L	C	C	C	C	A	A	B	B	B	B	B	B	B	B	B	B	C	C	C	C	C	C	A	A	A	A	A	A	A	L	L	B	B	B	C	C	C	C	C	C	A	A	B	B	B	B	B	B	C	C	C	C	A	A	A	A	A	A	B	B	C	C	C	C	C	C	A	A	A	A	B	B	B	B	B	B	C	C	A	A	A	A	A	L	L	B	B	B	C	C	A	A	A	A	B	B	C	C	C	C	A	A	B	B	B	B	C	C	A	A	A	A	B	B	C	C	C	C	A	A	B	B	B	B	C	C	A	A	A	A	B	B	C	C	C	C	A	A	B	B	B	B	C	C	A	A	A	A	B	B	C	C	C	C	A	A	B	B	B	B	C	C	A	A	A	A	B	B	C	C	C	C	A	A	B	B	B	B	C	C	A	A	A	A	B	B	C	L	A	A	B	B	C	C	A	A	B	B	C	C	A	A	B	B	C	C	A	A	B	B	C	C	A	A	B	B	A	C	B	L	L	L	L	L	L	L	L	L	L	L	L	L	L	L	L	L	L	L	L	L	L	L	L	L	L	L	L	L	L	L	L	L	L	L	L	L	L	L	L	L	L	L	L	L	L	L	L	L	L	L	L	L	L	L	L	L	L	L	L	L	L	L	L	L	L	L	L	L	L	L	L	L	L	L	L	L	L	L	L	L	L	L	L	L	L	L	L	L	L	L	L	L	L	L	L	L	L	L	L	L	L	L	
479	G	C	G	L	C	L	C	C	L	B	B	B	B	L	C	C	C	C	C	C	L	B	B	B	B	B	B	C	C	C	C	C	L	B	B	B	B	B	B	C	C	C	C	C	C	A	A	A	A	A	A	L	C	C	C	A	A	B	B	B	B	B	B	B	B	B	B	C	C	C	C	C	C	A	A	A	A	A	A	A	A	G	L	B	B	C	C	C	C	C	C	A	A	B	B	B	B	B	B	C	C	C	C	A	A	A	A	A	A	B	B	C	C	C	C	C	C	A	A	A	A	B	B	B	B	B	B	C	C	A	A	A	A	A	A	G	L	B	B	C	C	A	A	A	A	B	B	C	C	C	C	A	A	B	B	B	B	C	C	A	A	A	A	B	B	C	C	C	C	A	A	B	B	B	B	C	C	A	A	A	A	B	B	C	C	C	C	A	A	B	B	B	B	C	C	A	A	A	A	B	B	C	C	C	C	A	A	B	B	B	B	C	C	A	A	A	A	B	B	C	C	C	C	A	A	B	B	B	B	C	C	A	A	A	A	B	B	C	C	L	A	B	B	C	C	A	A	B	B	C	C	A	A	B	B	C	C	A	A	B	B	C	C	A	A	B	B	A	C	B	L	L	L	L	L	L	L	L	L	L	L	L	L	L	L	L	L	L	L	L	L	L	L	L	L	L	L	L	L	L	L	L	L	L	L	L	L	L	L	L	L	L	L	L	L	L	L	L	L	L	L	L	L	L	L	L	L	L	L	L	L	L	L	L	L	L	L	L	L	L	L	L	L	L	L	L	L	L	L	L	L	L	L	L	L	L	L	L	L	L	L	L	L	L	L	L	L	L	L	L	L	L	L	L	
480	G	B	A	L	C	L	C	C	L	B	B	B	G	L	C	C	C	C	C	C	L	B	B	B	B	B	C	C	C	C	C	C	L	B	B	B	B	B	C	C	C	C	C	C	A	A	A	A	A	A	A	L	C	C	A	A	B	B	B	B	B	B	B	B	B	B	C	C	C	C	C	C	A	A	A	A	A	A	A	A	B	B	L	B	C	C	C	C	C	C	A	A	B	B	B	B	B	B	C	C	C	C	A	A	A	A	A	A	B	B	C	C	C	C	C	C	A	A	A	A	B	B	B	B	B	B	C	C	A	A	A	A	A	A	B	B	L	B	C	C	A	A	A	A	B	B	C	C	C	C	A	A	B	B	B	B	C	C	A	A	A	A	B	B	C	C	C	C	A	A	B	B	B	B	C	C	A	A	A	A	B	B	C	C	C	C	A	A	B	B	B	B	C	C	A	A	A	A	B	B	C	C	C	C	A	A	B	B	B	B	C	C	A	A	A	A	B	B	C	C	C	C	A	A	B	B	B	B	C	C	A	A	A	A	B	B	C	C	C	L	L	B	C	C	A	A	B	B	C	C	A	A	B	B	C	C	A	A	B	B	C	C	A	A	B	B	A	C	B	L	L	L	L	L	L	L	L	L	L	L	L	L	L	L	L	L	L	L	L	L	L	L	L	L	L	L	L	L	L	L	L	L	L	L	L	L	L	L	L	L	L	L	L	L	L	L	L	L	L	L	L	L	L	L	L	L	L	L	L	L	L	L	L	L	L	L	L	L	L	L	L	L	L	L	L	L	L	L	L	L	L	L	L	L	L	L	L	L	L	L	L	L	L	L	L	L	L	L	L	L	L	L	L	L	
481	G	C	G	L	C	L	C	C	L	B	B	B	B	L	C	C	C	C	C	C	L	B	B	B	B	C	C	C	C	C	C	C	L	B	B	B	B	C	C	C	C	C	C	A	A	A	A	A	A	A	A	L	C	A	A	B	B	B	B	B	B	B	B	B	B	C	C	C	C	C	C	A	A	A	A	A	A	A	A	B	B	G	L	L	C	C	C	C	C	A	A	B	B	B	B	B	B	C	C	C	C	A	A	A	A	A	A	B	B	C	C	C	C	C	C	A	A	A	A	B	B	B	B	B	B	C	C	A	A	A	A	A	A	B	B	G	L	L	C	A	A	A	A	B	B	C	C	C	C	A	A	B	B	B	B	C	C	A	A	A	A	B	B	C	C	C	C	A	A	B	B	B	B	C	C	A	A	A	A	B	B	C	C	C	C	A	A	B	B	B	B	C	C	A	A	A	A	B	B	C	C	C	C	A	A	B	B	B	B	C	C	A	A	A	A	B	B	C	C	C	C	A	A	B	B	B	B	C	C	A	A	A	A	B	B	C	C	C	C	A	L	L	C	A	A	B	B	C	C	A	A	B	B	C	C	A	A	B	B	C	C	A	A	B	B	A	C	B	L	L	L	L	L	L	L	L	L	L	L	L	L	L	L	L	L	L	L	L	L	L	L	L	L	L	L	L	L	L	L	L	L	L	L	L	L	L	L	L	L	L	L	L	L	L	L	L	L	L	L	L	L	L	L	L	L	L	L	L	L	L	L	L	L	L	L	L	L	L	L	L	L	L	L	L	L	L	L	L	L	L	L	L	L	L	L	L	L	L	L	L	L	L	L	L	L	L	L	L	L	L	L	L	L	L	
482	G	B	A	L	C	L	C	C	L	B	B	B	G	L	C	C	C	C	C	C	L	B	B	B	C	C	C	C	C	C	C	C	L	B	B	B	C	C	C	C	C	C	A	A	A	A	A	A	A	A	A	L	A	A	B	B	B	B	B	B	B	B	B	B	C	C	C	C	C	C	A	A	A	A	A	A	A	A	B	B	B	B	C	L	C	C	C	C	A	A	B	B	B	B	B	B	C	C	C	C	A	A	A	A	A	A	B	B	C	C	C	C	C	C	A	A	A	A	B	B	B	B	B	B	C	C	A	A	A	A	A	A	B	B	B	B	C	L	A	A	A	A	B	B	C	C	C	C	A	A	B	B	B	B	C	C	A	A	A	A	B	B	C	C	C	C	A	A	B	B	B	B	C	C	A	A	A	A	B	B	C	C	C	C	A	A	B	B	B	B	C	C	A	A	A	A	B	B	C	C	C	C	A	A	B	B	B	B	C	C	A	A	A	A	B	B	C	C	C	C	A	A	B	B	B	B	C	C	A	A	A	A	B	B	C	C	C	C	A	A	G	L	A	A	B	B	C	C	A	A	B	B	C	C	A	A	B	B	C	C	A	A	B	B	A	C	B	L	L	L	L	L	L	L	L	L	L	L	L	L	L	L	L	L	L	L	L	L	L	L	L	L	L	L	L	L	L	L	L	L	L	L	L	L	L	L	L	L	L	L	L	L	L	L	L	L	L	L	L	L	L	L	L	L	L	L	L	L	L	L	L	L	L	L	L	L	L	L	L	L	L	L	L	L	L	L	L	L	L	L	L	L	L	L	L	L	L	L	L	L	L	L	L	L	L	L	L	L	L	L	L	L	L	L	
483	G	C	G	L	C	L	C	C	L	B	B	B	B	L	C	C	C	C	C	C	L	B	B	C	C	C	C	C	C	C	C	C	L	B	B	C	C	C	C	C	C	A	A	A	A	A	A	A	A	A	A	L	A	B	B	B	B	B	B	B	B	B	B	C	C	C	C	C	C	A	A	A	A	A	A	A	A	B	B	B	B	C	C	L	C	C	C	A	A	B	B	B	B	B	B	C	C	C	C	A	A	A	A	A	A	B	B	C	C	C	C	C	C	A	A	A	A	B	B	B	B	B	B	C	C	A	A	A	A	A	A	B	B	B	B	C	C	L	A	A	A	B	B	C	C	C	C	A	A	B	B	B	B	C	C	A	A	A	A	B	B	C	C	C	C	A	A	B	B	B	B	C	C	A	A	A	A	B	B	C	C	C	C	A	A	B	B	B	B	C	C	A	A	A	A	B	B	C	C	C	C	A	A	B	B	B	B	C	C	A	A	A	A	B	B	C	C	C	C	A	A	B	B	B	B	C	C	A	A	A	A	B	B	C	C	C	C	A	A	B	B	L	A	B	B	C	C	A	A	B	B	C	C	A	A	B	B	C	C	A	A	B	B	A	C	B	L	L	L	L	L	L	L	L	L	L	L	L	L	L	L	L	L	L	L	L	L	L	L	L	L	L	L	L	L	L	L	L	L	L	L	L	L	L	L	L	L	L	L	L	L	L	L	L	L	L	L	L	L	L	L	L	L	L	L	L	L	L	L	L	L	L	L	L	L	L	L	L	L	L	L	L	L	L	L	L	L	L	L	L	L	L	L	L	L	L	L	L	L	L	L	L	L	L	L	L	L	L	L	L	L	L	L	L	
484	G	B	A	L	C	L	C	C	L	B	B	B	G	L	C	C	C	C	C	C	L	B	C	C	C	C	C	C	C	C	C	C	L	B	C	C	C	C	C	C	A	A	A	A	A	A	A	A	A	A	A	L	L	B	B	B	B	B	B	B	B	B	C	C	C	C	C	C	A	A	A	A	A	A	A	A	B	B	B	B	C	C	C	L	C	C	A	A	B	B	B	B	B	B	C	C	C	C	A	A	A	A	A	A	B	B	C	C	C	C	C	C	A	A	A	A	B	B	B	B	B	B	C	C	A	A	A	A	A	A	B	B	B	B	C	C	C	L	A	A	B	B	C	C	C	C	A	A	B	B	B	B	C	C	A	A	A	A	B	B	C	C	C	C	A	A	B	B	B	B	C	C	A	A	A	A	B	B	C	C	C	C	A	A	B	B	B	B	C	C	A	A	A	A	B	B	C	C	C	C	A	A	B	B	B	B	C	C	A	A	A	A	B	B	C	C	C	C	A	A	B	B	B	B	C	C	A	A	A	A	B	B	C	C	C	C	A	A	B	B	G	L	L	B	C	C	A	A	B	B	C	C	A	A	B	B	C	C	A	A	B	B	A	C	B	L	L	L	L	L	L	L	L	L	L	L	L	L	L	L	L	L	L	L	L	L	L	L	L	L	L	L	L	L	L	L	L	L	L	L	L	L	L	L	L	L	L	L	L	L	L	L	L	L	L	L	L	L	L	L	L	L	L	L	L	L	L	L	L	L	L	L	L	L	L	L	L	L	L	L	L	L	L	L	L	L	L	L	L	L	L	L	L	L	L	L	L	L	L	L	L	L	L	L	L	L	L	L	L	L	L	L	L	L	
485	G	C	G	L	C	L	C	C	L	B	B	B	B	L	C	C	C	C	C	C	L	L	C	C	C	C	C	C	C	C	C	C	L	L	C	C	C	C	C	A	A	A	A	A	A	A	A	A	A	A	A	G	L	B	B	B	B	B	B	B	B	C	C	C	C	C	C	A	A	A	A	A	A	A	A	B	B	B	B	C	C	C	C	L	C	A	A	B	B	B	B	B	B	C	C	C	C	A	A	A	A	A	A	B	B	C	C	C	C	C	C	A	A	A	A	B	B	B	B	B	B	C	C	A	A	A	A	A	A	B	B	B	B	C	C	C	C	L	A	B	B	C	C	C	C	A	A	B	B	B	B	C	C	A	A	A	A	B	B	C	C	C	C	A	A	B	B	B	B	C	C	A	A	A	A	B	B	C	C	C	C	A	A	B	B	B	B	C	C	A	A	A	A	B	B	C	C	C	C	A	A	B	B	B	B	C	C	A	A	A	A	B	B	C	C	C	C	A	A	B	B	B	B	C	C	A	A	A	A	B	B	C	C	C	C	A	A	B	B	B	B	C	L	L	C	A	A	B	B	C	C	A	A	B	B	C	C	A	A	B	B	A	C	B	L	L	L	L	L	L	L	L	L	L	L	L	L	L	L	L	L	L	L	L	L	L	L	L	L	L	L	L	L	L	L	L	L	L	L	L	L	L	L	L	L	L	L	L	L	L	L	L	L	L	L	L	L	L	L	L	L	L	L	L	L	L	L	L	L	L	L	L	L	L	L	L	L	L	L	L	L	L	L	L	L	L	L	L	L	L	L	L	L	L	L	L	L	L	L	L	L	L	L	L	L	L	L	L	L	L	L	L	L	L	
486	G	B	A	L	C	L	C	C	L	B	B	B	G	L	C	C	C	C	C	C	A	L	C	C	C	C	C	C	C	C	C	C	A	L	C	C	C	C	A	A	A	A	A	A	A	A	A	A	A	A	B	B	L	B	B	B	B	B	B	B	C	C	C	C	C	C	A	A	A	A	A	A	A	A	B	B	B	B	C	C	C	C	C	L	A	A	B	B	B	B	B	B	C	C	C	C	A	A	A	A	A	A	B	B	C	C	C	C	C	C	A	A	A	A	B	B	B	B	B	B	C	C	A	A	A	A	A	A	B	B	B	B	C	C	C	C	C	L	L	B	C	C	C	C	A	A	B	B	B	B	C	C	A	A	A	A	B	B	C	C	C	C	A	A	B	B	B	B	C	C	A	A	A	A	B	B	C	C	C	C	A	A	B	B	B	B	C	C	A	A	A	A	B	B	C	C	C	C	A	A	B	B	B	B	C	C	A	A	A	A	B	B	C	C	C	C	A	A	B	B	B	B	C	C	A	A	A	A	B	B	C	C	C	C	A	A	B	B	B	B	C	C	A	L	A	A	B	B	C	C	A	A	B	B	C	C	A	A	B	B	A	C	B	L	L	L	L	L	L	L	L	L	L	L	L	L	L	L	L	L	L	L	L	L	L	L	L	L	L	L	L	L	L	L	L	L	L	L	L	L	L	L	L	L	L	L	L	L	L	L	L	L	L	L	L	L	L	L	L	L	L	L	L	L	L	L	L	L	L	L	L	L	L	L	L	L	L	L	L	L	L	L	L	L	L	L	L	L	L	L	L	L	L	L	L	L	L	L	L	L	L	L	L	L	L	L	L	L	L	L	L	L	L	L	
487	G	C	G	L	C	L	C	C	L	B	B	B	B	L	C	C	C	C	C	A	A	L	C	C	C	C	C	C	C	C	C	A	A	L	C	C	C	A	A	A	A	A	A	A	A	A	A	A	A	B	B	G	L	B	B	B	B	B	B	C	C	C	C	C	C	A	A	A	A	A	A	A	A	B	B	B	B	C	C	C	C	C	C	L	A	B	B	B	B	B	B	C	C	C	C	A	A	A	A	A	A	B	B	C	C	C	C	C	C	A	A	A	A	B	B	B	B	B	B	C	C	A	A	A	A	A	A	B	B	B	B	C	C	C	C	C	C	A	L	L	C	C	C	A	A	B	B	B	B	C	C	A	A	A	A	B	B	C	C	C	C	A	A	B	B	B	B	C	C	A	A	A	A	B	B	C	C	C	C	A	A	B	B	B	B	C	C	A	A	A	A	B	B	C	C	C	C	A	A	B	B	B	B	C	C	A	A	A	A	B	B	C	C	C	C	A	A	B	B	B	B	C	C	A	A	A	A	B	B	C	C	C	C	A	A	B	B	B	B	C	C	A	A	L	A	B	B	C	C	A	A	B	B	C	C	A	A	B	B	A	C	B	L	L	L	L	L	L	L	L	L	L	L	L	L	L	L	L	L	L	L	L	L	L	L	L	L	L	L	L	L	L	L	L	L	L	L	L	L	L	L	L	L	L	L	L	L	L	L	L	L	L	L	L	L	L	L	L	L	L	L	L	L	L	L	L	L	L	L	L	L	L	L	L	L	L	L	L	L	L	L	L	L	L	L	L	L	L	L	L	L	L	L	L	L	L	L	L	L	L	L	L	L	L	L	L	L	L	L	L	L	L	L	L	
488	G	B	A	L	C	L	C	C	L	B	B	B	G	L	C	C	C	C	A	A	A	L	C	C	C	C	C	C	C	C	A	A	A	L	C	C	A	A	A	A	A	A	A	A	A	A	A	A	B	B	B	B	L	B	B	B	B	B	C	C	C	C	C	C	A	A	A	A	A	A	A	A	B	B	B	B	C	C	C	C	C	C	C	L	L	B	B	B	B	B	C	C	C	C	A	A	A	A	A	A	B	B	C	C	C	C	C	C	A	A	A	A	B	B	B	B	B	B	C	C	A	A	A	A	A	A	B	B	B	B	C	C	C	C	C	C	A	A	G	L	C	C	A	A	B	B	B	B	C	C	A	A	A	A	B	B	C	C	C	C	A	A	B	B	B	B	C	C	A	A	A	A	B	B	C	C	C	C	A	A	B	B	B	B	C	C	A	A	A	A	B	B	C	C	C	C	A	A	B	B	B	B	C	C	A	A	A	A	B	B	C	C	C	C	A	A	B	B	B	B	C	C	A	A	A	A	B	B	C	C	C	C	A	A	B	B	B	B	C	C	A	A	A	L	L	B	C	C	A	A	B	B	C	C	A	A	B	B	A	C	B	L	L	L	L	L	L	L	L	L	L	L	L	L	L	L	L	L	L	L	L	L	L	L	L	L	L	L	L	L	L	L	L	L	L	L	L	L	L	L	L	L	L	L	L	L	L	L	L	L	L	L	L	L	L	L	L	L	L	L	L	L	L	L	L	L	L	L	L	L	L	L	L	L	L	L	L	L	L	L	L	L	L	L	L	L	L	L	L	L	L	L	L	L	L	L	L	L	L	L	L	L	L	L	L	L	L	L	L	L	L	L	L	L	
489	G	C	G	L	C	L	C	C	L	B	B	B	B	L	C	C	C	A	A	A	A	L	C	C	C	C	C	C	C	A	A	A	A	L	C	A	A	A	A	A	A	A	A	A	A	A	A	B	B	B	B	G	L	B	B	B	B	C	C	C	C	C	C	A	A	A	A	A	A	A	A	B	B	B	B	C	C	C	C	C	C	C	C	A	L	B	B	B	B	C	C	C	C	A	A	A	A	A	A	B	B	C	C	C	C	C	C	A	A	A	A	B	B	B	B	B	B	C	C	A	A	A	A	A	A	B	B	B	B	C	C	C	C	C	C	A	A	B	B	L	C	A	A	B	B	B	B	C	C	A	A	A	A	B	B	C	C	C	C	A	A	B	B	B	B	C	C	A	A	A	A	B	B	C	C	C	C	A	A	B	B	B	B	C	C	A	A	A	A	B	B	C	C	C	C	A	A	B	B	B	B	C	C	A	A	A	A	B	B	C	C	C	C	A	A	B	B	B	B	C	C	A	A	A	A	B	B	C	C	C	C	A	A	B	B	B	B	C	C	A	A	A	A	G	L	L	C	A	A	B	B	C	C	A	A	B	B	A	C	B	L	L	L	L	L	L	L	L	L	L	L	L	L	L	L	L	L	L	L	L	L	L	L	L	L	L	L	L	L	L	L	L	L	L	L	L	L	L	L	L	L	L	L	L	L	L	L	L	L	L	L	L	L	L	L	L	L	L	L	L	L	L	L	L	L	L	L	L	L	L	L	L	L	L	L	L	L	L	L	L	L	L	L	L	L	L	L	L	L	L	L	L	L	L	L	L	L	L	L	L	L	L	L	L	L	L	L	L	L	L	L	L	L	L	
490	G	B	A	L	C	L	C	C	L	B	B	B	G	L	C	C	A	A	A	A	A	L	C	C	C	C	C	C	A	A	A	A	A	L	A	A	A	A	A	A	A	A	A	A	A	A	B	B	B	B	B	B	L	B	B	B	C	C	C	C	C	C	A	A	A	A	A	A	A	A	B	B	B	B	C	C	C	C	C	C	C	C	A	A	L	B	B	B	C	C	C	C	A	A	A	A	A	A	B	B	C	C	C	C	C	C	A	A	A	A	B	B	B	B	B	B	C	C	A	A	A	A	A	A	B	B	B	B	C	C	C	C	C	C	A	A	B	B	G	L	A	A	B	B	B	B	C	C	A	A	A	A	B	B	C	C	C	C	A	A	B	B	B	B	C	C	A	A	A	A	B	B	C	C	C	C	A	A	B	B	B	B	C	C	A	A	A	A	B	B	C	C	C	C	A	A	B	B	B	B	C	C	A	A	A	A	B	B	C	C	C	C	A	A	B	B	B	B	C	C	A	A	A	A	B	B	C	C	C	C	A	A	B	B	B	B	C	C	A	A	A	A	B	B	C	L	A	A	B	B	C	C	A	A	B	B	A	C	B	L	L	L	L	L	L	L	L	L	L	L	L	L	L	L	L	L	L	L	L	L	L	L	L	L	L	L	L	L	L	L	L	L	L	L	L	L	L	L	L	L	L	L	L	L	L	L	L	L	L	L	L	L	L	L	L	L	L	L	L	L	L	L	L	L	L	L	L	L	L	L	L	L	L	L	L	L	L	L	L	L	L	L	L	L	L	L	L	L	L	L	L	L	L	L	L	L	L	L	L	L	L	L	L	L	L	L	L	L	L	L	L	L	L	L	
491	G	C	G	L	C	L	C	C	L	B	B	B	B	L	C	A	A	A	A	A	A	L	C	C	C	C	C	A	A	A	A	A	A	L	A	A	A	A	A	A	A	A	A	A	A	B	B	B	B	B	B	G	L	B	B	C	C	C	C	C	C	A	A	A	A	A	A	A	A	B	B	B	B	C	C	C	C	C	C	C	C	A	A	A	L	B	B	C	C	C	C	A	A	A	A	A	A	B	B	C	C	C	C	C	C	A	A	A	A	B	B	B	B	B	B	C	C	A	A	A	A	A	A	B	B	B	B	C	C	C	C	C	C	A	A	B	B	B	B	L	A	B	B	B	B	C	C	A	A	A	A	B	B	C	C	C	C	A	A	B	B	B	B	C	C	A	A	A	A	B	B	C	C	C	C	A	A	B	B	B	B	C	C	A	A	A	A	B	B	C	C	C	C	A	A	B	B	B	B	C	C	A	A	A	A	B	B	C	C	C	C	A	A	B	B	B	B	C	C	A	A	A	A	B	B	C	C	C	C	A	A	B	B	B	B	C	C	A	A	A	A	B	B	C	C	L	A	B	B	C	C	A	A	B	B	A	C	B	L	L	L	L	L	L	L	L	L	L	L	L	L	L	L	L	L	L	L	L	L	L	L	L	L	L	L	L	L	L	L	L	L	L	L	L	L	L	L	L	L	L	L	L	L	L	L	L	L	L	L	L	L	L	L	L	L	L	L	L	L	L	L	L	L	L	L	L	L	L	L	L	L	L	L	L	L	L	L	L	L	L	L	L	L	L	L	L	L	L	L	L	L	L	L	L	L	L	L	L	L	L	L	L	L	L	L	L	L	L	L	L	L	L	L	L	
492	G	B	A	L	C	L	C	C	L	B	B	B	G	L	A	A	A	A	A	A	A	L	C	C	C	C	A	A	A	A	A	A	A	L	A	A	A	A	A	A	A	A	A	A	B	B	B	B	B	B	B	B	L	B	C	C	C	C	C	C	A	A	A	A	A	A	A	A	B	B	B	B	C	C	C	C	C	C	C	C	A	A	A	A	L	B	C	C	C	C	A	A	A	A	A	A	B	B	C	C	C	C	C	C	A	A	A	A	B	B	B	B	B	B	C	C	A	A	A	A	A	A	B	B	B	B	C	C	C	C	C	C	A	A	B	B	B	B	G	L	L	B	B	B	C	C	A	A	A	A	B	B	C	C	C	C	A	A	B	B	B	B	C	C	A	A	A	A	B	B	C	C	C	C	A	A	B	B	B	B	C	C	A	A	A	A	B	B	C	C	C	C	A	A	B	B	B	B	C	C	A	A	A	A	B	B	C	C	C	C	A	A	B	B	B	B	C	C	A	A	A	A	B	B	C	C	C	C	A	A	B	B	B	B	C	C	A	A	A	A	B	B	C	C	C	L	L	B	C	C	A	A	B	B	A	C	B	L	L	L	L	L	L	L	L	L	L	L	L	L	L	L	L	L	L	L	L	L	L	L	L	L	L	L	L	L	L	L	L	L	L	L	L	L	L	L	L	L	L	L	L	L	L	L	L	L	L	L	L	L	L	L	L	L	L	L	L	L	L	L	L	L	L	L	L	L	L	L	L	L	L	L	L	L	L	L	L	L	L	L	L	L	L	L	L	L	L	L	L	L	L	L	L	L	L	L	L	L	L	L	L	L	L	L	L	L	L	L	L	L	L	L	L	L	
493	G	C	G	L	C	L	C	C	L	B	B	B	B	L	A	A	A	A	A	A	A	L	C	C	C	A	A	A	A	A	A	A	A	L	A	A	A	A	A	A	A	A	A	B	B	B	B	B	B	B	B	G	L	L	C	C	C	C	C	A	A	A	A	A	A	A	A	B	B	B	B	C	C	C	C	C	C	C	C	A	A	A	A	A	L	L	C	C	C	A	A	A	A	A	A	B	B	C	C	C	C	C	C	A	A	A	A	B	B	B	B	B	B	C	C	A	A	A	A	A	A	B	B	B	B	C	C	C	C	C	C	A	A	B	B	B	B	B	B	C	L	B	B	C	C	A	A	A	A	B	B	C	C	C	C	A	A	B	B	B	B	C	C	A	A	A	A	B	B	C	C	C	C	A	A	B	B	B	B	C	C	A	A	A	A	B	B	C	C	C	C	A	A	B	B	B	B	C	C	A	A	A	A	B	B	C	C	C	C	A	A	B	B	B	B	C	C	A	A	A	A	B	B	C	C	C	C	A	A	B	B	B	B	C	C	A	A	A	A	B	B	C	C	C	C	A	L	L	C	A	A	B	B	A	C	B	L	L	L	L	L	L	L	L	L	L	L	L	L	L	L	L	L	L	L	L	L	L	L	L	L	L	L	L	L	L	L	L	L	L	L	L	L	L	L	L	L	L	L	L	L	L	L	L	L	L	L	L	L	L	L	L	L	L	L	L	L	L	L	L	L	L	L	L	L	L	L	L	L	L	L	L	L	L	L	L	L	L	L	L	L	L	L	L	L	L	L	L	L	L	L	L	L	L	L	L	L	L	L	L	L	L	L	L	L	L	L	L	L	L	L	L	L	L	
494	G	B	A	L	C	L	C	C	L	B	B	B	G	L	A	A	A	A	A	A	A	L	C	C	A	A	A	A	A	A	A	A	A	L	A	A	A	A	A	A	A	A	B	B	B	B	B	B	B	B	B	B	C	L	C	C	C	C	A	A	A	A	A	A	A	A	B	B	B	B	C	C	C	C	C	C	C	C	A	A	A	A	A	A	G	L	C	C	A	A	A	A	A	A	B	B	C	C	C	C	C	C	A	A	A	A	B	B	B	B	B	B	C	C	A	A	A	A	A	A	B	B	B	B	C	C	C	C	C	C	A	A	B	B	B	B	B	B	C	C	L	B	C	C	A	A	A	A	B	B	C	C	C	C	A	A	B	B	B	B	C	C	A	A	A	A	B	B	C	C	C	C	A	A	B	B	B	B	C	C	A	A	A	A	B	B	C	C	C	C	A	A	B	B	B	B	C	C	A	A	A	A	B	B	C	C	C	C	A	A	B	B	B	B	C	C	A	A	A	A	B	B	C	C	C	C	A	A	B	B	B	B	C	C	A	A	A	A	B	B	C	C	C	C	A	A	G	L	A	A	B	B	A	C	B	L	L	L	L	L	L	L	L	L	L	L	L	L	L	L	L	L	L	L	L	L	L	L	L	L	L	L	L	L	L	L	L	L	L	L	L	L	L	L	L	L	L	L	L	L	L	L	L	L	L	L	L	L	L	L	L	L	L	L	L	L	L	L	L	L	L	L	L	L	L	L	L	L	L	L	L	L	L	L	L	L	L	L	L	L	L	L	L	L	L	L	L	L	L	L	L	L	L	L	L	L	L	L	L	L	L	L	L	L	L	L	L	L	L	L	L	L	L	L	
495	G	C	G	L	C	L	C	C	L	B	B	B	B	L	A	A	A	A	A	A	A	L	C	A	A	A	A	A	A	A	A	A	A	L	A	A	A	A	A	A	A	B	B	B	B	B	B	B	B	B	B	C	C	L	C	C	C	A	A	A	A	A	A	A	A	B	B	B	B	C	C	C	C	C	C	C	C	A	A	A	A	A	A	B	B	L	C	A	A	A	A	A	A	B	B	C	C	C	C	C	C	A	A	A	A	B	B	B	B	B	B	C	C	A	A	A	A	A	A	B	B	B	B	C	C	C	C	C	C	A	A	B	B	B	B	B	B	C	C	C	L	L	C	A	A	A	A	B	B	C	C	C	C	A	A	B	B	B	B	C	C	A	A	A	A	B	B	C	C	C	C	A	A	B	B	B	B	C	C	A	A	A	A	B	B	C	C	C	C	A	A	B	B	B	B	C	C	A	A	A	A	B	B	C	C	C	C	A	A	B	B	B	B	C	C	A	A	A	A	B	B	C	C	C	C	A	A	B	B	B	B	C	C	A	A	A	A	B	B	C	C	C	C	A	A	B	B	L	A	B	B	A	C	B	L	L	L	L	L	L	L	L	L	L	L	L	L	L	L	L	L	L	L	L	L	L	L	L	L	L	L	L	L	L	L	L	L	L	L	L	L	L	L	L	L	L	L	L	L	L	L	L	L	L	L	L	L	L	L	L	L	L	L	L	L	L	L	L	L	L	L	L	L	L	L	L	L	L	L	L	L	L	L	L	L	L	L	L	L	L	L	L	L	L	L	L	L	L	L	L	L	L	L	L	L	L	L	L	L	L	L	L	L	L	L	L	L	L	L	L	L	L	L	L	
496	G	B	A	L	C	L	C	C	L	B	B	B	G	L	A	A	A	A	A	A	A	L	A	A	A	A	A	A	A	A	A	A	A	L	A	A	A	A	A	A	B	B	B	B	B	B	B	B	B	B	C	C	C	L	C	C	A	A	A	A	A	A	A	A	B	B	B	B	C	C	C	C	C	C	C	C	A	A	A	A	A	A	B	B	G	L	A	A	A	A	A	A	B	B	C	C	C	C	C	C	A	A	A	A	B	B	B	B	B	B	C	C	A	A	A	A	A	A	B	B	B	B	C	C	C	C	C	C	A	A	B	B	B	B	B	B	C	C	C	C	A	L	A	A	A	A	B	B	C	C	C	C	A	A	B	B	B	B	C	C	A	A	A	A	B	B	C	C	C	C	A	A	B	B	B	B	C	C	A	A	A	A	B	B	C	C	C	C	A	A	B	B	B	B	C	C	A	A	A	A	B	B	C	C	C	C	A	A	B	B	B	B	C	C	A	A	A	A	B	B	C	C	C	C	A	A	B	B	B	B	C	C	A	A	A	A	B	B	C	C	C	C	A	A	B	B	G	L	L	B	A	C	B	L	L	L	L	L	L	L	L	L	L	L	L	L	L	L	L	L	L	L	L	L	L	L	L	L	L	L	L	L	L	L	L	L	L	L	L	L	L	L	L	L	L	L	L	L	L	L	L	L	L	L	L	L	L	L	L	L	L	L	L	L	L	L	L	L	L	L	L	L	L	L	L	L	L	L	L	L	L	L	L	L	L	L	L	L	L	L	L	L	L	L	L	L	L	L	L	L	L	L	L	L	L	L	L	L	L	L	L	L	L	L	L	L	L	L	L	L	L	L	L	L	
497	G	C	G	L	C	L	C	C	L	B	B	B	B	L	A	A	A	A	A	A	A	L	A	A	A	A	A	A	A	A	A	A	A	L	A	A	A	A	A	B	B	B	B	B	B	B	B	B	B	C	C	C	C	L	C	A	A	A	A	A	A	A	A	B	B	B	B	C	C	C	C	C	C	C	C	A	A	A	A	A	A	B	B	B	B	L	A	A	A	A	A	B	B	C	C	C	C	C	C	A	A	A	A	B	B	B	B	B	B	C	C	A	A	A	A	A	A	B	B	B	B	C	C	C	C	C	C	A	A	B	B	B	B	B	B	C	C	C	C	A	A	L	A	A	A	B	B	C	C	C	C	A	A	B	B	B	B	C	C	A	A	A	A	B	B	C	C	C	C	A	A	B	B	B	B	C	C	A	A	A	A	B	B	C	C	C	C	A	A	B	B	B	B	C	C	A	A	A	A	B	B	C	C	C	C	A	A	B	B	B	B	C	C	A	A	A	A	B	B	C	C	C	C	A	A	B	B	B	B	C	C	A	A	A	A	B	B	C	C	C	C	A	A	B	B	B	B	C	L	G	C	B	L	L	L	L	L	L	L	L	L	L	L	L	L	L	L	L	L	L	L	L	L	L	L	L	L	L	L	L	L	L	L	L	L	L	L	L	L	L	L	L	L	L	L	L	L	L	L	L	L	L	L	L	L	L	L	L	L	L	L	L	L	L	L	L	L	L	L	L	L	L	L	L	L	L	L	L	L	L	L	L	L	L	L	L	L	L	L	L	L	L	L	L	L	L	L	L	L	L	L	L	L	L	L	L	L	L	L	L	L	L	L	L	L	L	L	L	L	L	L	L	L	L	
498	G	B	A	L	C	L	C	C	L	B	B	B	G	L	A	A	A	A	A	A	A	L	A	A	A	A	A	A	A	A	A	A	A	L	A	A	A	A	B	B	B	B	B	B	B	B	B	B	C	C	C	C	C	L	A	A	A	A	A	A	A	A	B	B	B	B	C	C	C	C	C	C	C	C	A	A	A	A	A	A	B	B	B	B	G	L	A	A	A	A	B	B	C	C	C	C	C	C	A	A	A	A	B	B	B	B	B	B	C	C	A	A	A	A	A	A	B	B	B	B	C	C	C	C	C	C	A	A	B	B	B	B	B	B	C	C	C	C	A	A	A	L	A	A	B	B	C	C	C	C	A	A	B	B	B	B	C	C	A	A	A	A	B	B	C	C	C	C	A	A	B	B	B	B	C	C	A	A	A	A	B	B	C	C	C	C	A	A	B	B	B	B	C	C	A	A	A	A	B	B	C	C	C	C	A	A	B	B	B	B	C	C	A	A	A	A	B	B	C	C	C	C	A	A	B	B	B	B	C	C	A	A	A	A	B	B	C	C	C	C	A	A	B	B	B	B	C	C	G	G	B	L	L	L	L	L	L	L	L	L	L	L	L	L	L	L	L	L	L	L	L	L	L	L	L	L	L	L	L	L	L	L	L	L	L	L	L	L	L	L	L	L	L	L	L	L	L	L	L	L	L	L	L	L	L	L	L	L	L	L	L	L	L	L	L	L	L	L	L	L	L	L	L	L	L	L	L	L	L	L	L	L	L	L	L	L	L	L	L	L	L	L	L	L	L	L	L	L	L	L	L	L	L	L	L	L	L	L	L	L	L	L	L	L	L	L	L	L	L	L	L	L	L	L	
499	G	C	G	L	C	L	C	C	L	B	B	B	B	L	A	A	A	A	A	A	A	L	A	A	A	A	A	A	A	A	A	A	A	L	A	A	A	B	B	B	B	B	B	B	B	B	B	C	C	C	C	C	C	L	A	A	A	A	A	A	A	B	B	B	B	C	C	C	C	C	C	C	C	A	A	A	A	A	A	B	B	B	B	B	B	L	A	A	A	B	B	C	C	C	C	C	C	A	A	A	A	B	B	B	B	B	B	C	C	A	A	A	A	A	A	B	B	B	B	C	C	C	C	C	C	A	A	B	B	B	B	B	B	C	C	C	C	A	A	A	A	L	A	B	B	C	C	C	C	A	A	B	B	B	B	C	C	A	A	A	A	B	B	C	C	C	C	A	A	B	B	B	B	C	C	A	A	A	A	B	B	C	C	C	C	A	A	B	B	B	B	C	C	A	A	A	A	B	B	C	C	C	C	A	A	B	B	B	B	C	C	A	A	A	A	B	B	C	C	C	C	A	A	B	B	B	B	C	C	A	A	A	A	B	B	C	C	C	C	A	A	B	B	B	B	C	C	B	A	G	C	L	L	L	L	L	L	L	L	L	L	L	L	L	L	L	L	L	L	L	L	L	L	L	L	L	L	L	L	L	L	L	L	L	L	L	L	L	L	L	L	L	L	L	L	L	L	L	L	L	L	L	L	L	L	L	L	L	L	L	L	L	L	L	L	L	L	L	L	L	L	L	L	L	L	L	L	L	L	L	L	L	L	L	L	L	L	L	L	L	L	L	L	L	L	L	L	L	L	L	L	L	L	L	L	L	L	L	L	L	L	L	L	L	L	L	L	L	L	L	L	L	L	L	
500	G	B	A	L	C	L	C	C	L	B	B	B	G	L	A	A	A	A	A	A	A	L	A	A	A	A	A	A	A	A	A	A	A	L	A	A	B	B	B	B	B	B	B	B	B	B	C	C	C	C	C	C	C	L	A	A	A	A	A	A	B	B	B	B	C	C	C	C	C	C	C	C	A	A	A	A	A	A	B	B	B	B	B	B	G	L	A	A	B	B	C	C	C	C	C	C	A	A	A	A	B	B	B	B	B	B	C	C	A	A	A	A	A	A	B	B	B	B	C	C	C	C	C	C	A	A	B	B	B	B	B	B	C	C	C	C	A	A	A	A	A	L	L	B	C	C	C	C	A	A	B	B	B	B	C	C	A	A	A	A	B	B	C	C	C	C	A	A	B	B	B	B	C	C	A	A	A	A	B	B	C	C	C	C	A	A	B	B	B	B	C	C	A	A	A	A	B	B	C	C	C	C	A	A	B	B	B	B	C	C	A	A	A	A	B	B	C	C	C	C	A	A	B	B	B	B	C	C	A	A	A	A	B	B	C	C	C	C	A	A	B	B	B	B	C	C	B	A	C	G	B	A	L	L	L	L	L	L	L	L	L	L	L	L	L	L	L	L	L	L	L	L	L	L	L	L	L	L	L	L	L	L	L	L	L	L	L	L	L	L	L	L	L	L	L	L	L	L	L	L	L	L	L	L	L	L	L	L	L	L	L	L	L	L	L	L	L	L	L	L	L	L	L	L	L	L	L	L	L	L	L	L	L	L	L	L	L	L	L	L	L	L	L	L	L	L	L	L	L	L	L	L	L	L	L	L	L	L	L	L	L	L	L	L	L	L	L	L	L	L	L	L	L	L	
501	G	C	G	L	C	L	C	C	L	B	B	B	B	L	A	A	A	A	A	A	A	L	A	A	A	A	A	A	A	A	A	A	A	L	A	B	B	B	B	B	B	B	B	B	B	C	C	C	C	C	C	C	C	L	A	A	A	A	A	B	B	B	B	C	C	C	C	C	C	C	C	A	A	A	A	A	A	B	B	B	B	B	B	B	B	L	A	B	B	C	C	C	C	C	C	A	A	A	A	B	B	B	B	B	B	C	C	A	A	A	A	A	A	B	B	B	B	C	C	C	C	C	C	A	A	B	B	B	B	B	B	C	C	C	C	A	A	A	A	A	A	G	L	L	C	C	C	A	A	B	B	B	B	C	C	A	A	A	A	B	B	C	C	C	C	A	A	B	B	B	B	C	C	A	A	A	A	B	B	C	C	C	C	A	A	B	B	B	B	C	C	A	A	A	A	B	B	C	C	C	C	A	A	B	B	B	B	C	C	A	A	A	A	B	B	C	C	C	C	A	A	B	B	B	B	C	C	A	A	A	A	B	B	C	C	C	C	A	A	B	B	B	B	C	C	B	A	C	B	G	C	G	G	L	L	L	L	L	L	L	L	L	L	L	L	L	L	L	L	L	L	L	L	L	L	L	L	L	L	L	L	L	L	L	L	L	L	L	L	L	L	L	L	L	L	L	L	L	L	L	L	L	L	L	L	L	L	L	L	L	L	L	L	L	L	L	L	L	L	L	L	L	L	L	L	L	L	L	L	L	L	L	L	L	L	L	L	L	L	L	L	L	L	L	L	L	L	L	L	L	L	L	L	L	L	L	L	L	L	L	L	L	L	L	L	L	L	L	L	L	L	L	L	L	
502	G	B	A	L	C	L	C	C	L	B	B	B	G	L	A	A	A	A	A	A	A	L	A	A	A	A	A	A	A	A	A	A	A	L	L	B	B	B	B	B	B	B	B	B	C	C	C	C	C	C	C	C	C	L	A	A	A	A	B	B	B	B	C	C	C	C	C	C	C	C	A	A	A	A	A	A	B	B	B	B	B	B	B	B	G	L	L	B	C	C	C	C	C	C	A	A	A	A	B	B	B	B	B	B	C	C	A	A	A	A	A	A	B	B	B	B	C	C	C	C	C	C	A	A	B	B	B	B	B	B	C	C	C	C	A	A	A	A	A	A	B	B	C	L	C	C	A	A	B	B	B	B	C	C	A	A	A	A	B	B	C	C	C	C	A	A	B	B	B	B	C	C	A	A	A	A	B	B	C	C	C	C	A	A	B	B	B	B	C	C	A	A	A	A	B	B	C	C	C	C	A	A	B	B	B	B	C	C	A	A	A	A	B	B	C	C	C	C	A	A	B	B	B	B	C	C	A	A	A	A	B	B	C	C	C	C	A	A	B	B	B	B	C	C	B	A	C	B	L	G	B	A	B	C	L	L	L	L	L	L	L	L	L	L	L	L	L	L	L	L	L	L	L	L	L	L	L	L	L	L	L	L	L	L	L	L	L	L	L	L	L	L	L	L	L	L	L	L	L	L	L	L	L	L	L	L	L	L	L	L	L	L	L	L	L	L	L	L	L	L	L	L	L	L	L	L	L	L	L	L	L	L	L	L	L	L	L	L	L	L	L	L	L	L	L	L	L	L	L	L	L	L	L	L	L	L	L	L	L	L	L	L	L	L	L	L	L	L	L	L	L	L	L	L	
503	G	C	G	L	C	L	C	C	L	B	B	B	B	L	A	A	A	A	A	A	A	L	A	A	A	A	A	A	A	A	A	A	A	G	L	B	B	B	B	B	B	B	B	C	C	C	C	C	C	C	C	C	C	L	A	A	A	B	B	B	B	C	C	C	C	C	C	C	C	A	A	A	A	A	A	B	B	B	B	B	B	B	B	B	B	C	L	L	C	C	C	C	C	A	A	A	A	B	B	B	B	B	B	C	C	A	A	A	A	A	A	B	B	B	B	C	C	C	C	C	C	A	A	B	B	B	B	B	B	C	C	C	C	A	A	A	A	A	A	B	B	C	C	L	C	A	A	B	B	B	B	C	C	A	A	A	A	B	B	C	C	C	C	A	A	B	B	B	B	C	C	A	A	A	A	B	B	C	C	C	C	A	A	B	B	B	B	C	C	A	A	A	A	B	B	C	C	C	C	A	A	B	B	B	B	C	C	A	A	A	A	B	B	C	C	C	C	A	A	B	B	B	B	C	C	A	A	A	A	B	B	C	C	C	C	A	A	B	B	B	B	C	C	B	A	C	B	L	L	G	C	G	L	C	A	L	L	L	L	L	L	L	L	L	L	L	L	L	L	L	L	L	L	L	L	L	L	L	L	L	L	L	L	L	L	L	L	L	L	L	L	L	L	L	L	L	L	L	L	L	L	L	L	L	L	L	L	L	L	L	L	L	L	L	L	L	L	L	L	L	L	L	L	L	L	L	L	L	L	L	L	L	L	L	L	L	L	L	L	L	L	L	L	L	L	L	L	L	L	L	L	L	L	L	L	L	L	L	L	L	L	L	L	L	L	L	L	L	L	L	L	L	L	L	
504	G	B	A	L	C	L	C	C	L	B	B	B	G	L	A	A	A	A	A	A	A	L	A	A	A	A	A	A	A	A	A	A	B	B	L	B	B	B	B	B	B	B	C	C	C	C	C	C	C	C	C	C	C	L	A	A	B	B	B	B	C	C	C	C	C	C	C	C	A	A	A	A	A	A	B	B	B	B	B	B	B	B	B	B	C	C	A	L	C	C	C	C	A	A	A	A	B	B	B	B	B	B	C	C	A	A	A	A	A	A	B	B	B	B	C	C	C	C	C	C	A	A	B	B	B	B	B	B	C	C	C	C	A	A	A	A	A	A	B	B	C	C	C	L	A	A	B	B	B	B	C	C	A	A	A	A	B	B	C	C	C	C	A	A	B	B	B	B	C	C	A	A	A	A	B	B	C	C	C	C	A	A	B	B	B	B	C	C	A	A	A	A	B	B	C	C	C	C	A	A	B	B	B	B	C	C	A	A	A	A	B	B	C	C	C	C	A	A	B	B	B	B	C	C	A	A	A	A	B	B	C	C	C	C	A	A	B	B	B	B	C	C	B	A	C	B	L	L	L	G	B	A	L	A	A	G	L	L	L	L	L	L	L	L	L	L	L	L	L	L	L	L	L	L	L	L	L	L	L	L	L	L	L	L	L	L	L	L	L	L	L	L	L	L	L	L	L	L	L	L	L	L	L	L	L	L	L	L	L	L	L	L	L	L	L	L	L	L	L	L	L	L	L	L	L	L	L	L	L	L	L	L	L	L	L	L	L	L	L	L	L	L	L	L	L	L	L	L	L	L	L	L	L	L	L	L	L	L	L	L	L	L	L	L	L	L	L	L	L	L	L	L	L	L	
505	G	C	G	L	C	L	C	C	L	B	B	B	B	L	A	A	A	A	A	A	A	L	A	A	A	A	A	A	A	A	A	B	B	G	L	B	B	B	B	B	B	C	C	C	C	C	C	C	C	C	C	C	C	L	A	B	B	B	B	C	C	C	C	C	C	C	C	A	A	A	A	A	A	B	B	B	B	B	B	B	B	B	B	C	C	A	A	L	C	C	C	A	A	A	A	B	B	B	B	B	B	C	C	A	A	A	A	A	A	B	B	B	B	C	C	C	C	C	C	A	A	B	B	B	B	B	B	C	C	C	C	A	A	A	A	A	A	B	B	C	C	C	C	L	A	B	B	B	B	C	C	A	A	A	A	B	B	C	C	C	C	A	A	B	B	B	B	C	C	A	A	A	A	B	B	C	C	C	C	A	A	B	B	B	B	C	C	A	A	A	A	B	B	C	C	C	C	A	A	B	B	B	B	C	C	A	A	A	A	B	B	C	C	C	C	A	A	B	B	B	B	C	C	A	A	A	A	B	B	C	C	C	C	A	A	B	B	B	B	C	C	B	A	C	B	L	L	L	L	G	C	G	L	A	B	B	C	L	L	L	L	L	L	L	L	L	L	L	L	L	L	L	L	L	L	L	L	L	L	L	L	L	L	L	L	L	L	L	L	L	L	L	L	L	L	L	L	L	L	L	L	L	L	L	L	L	L	L	L	L	L	L	L	L	L	L	L	L	L	L	L	L	L	L	L	L	L	L	L	L	L	L	L	L	L	L	L	L	L	L	L	L	L	L	L	L	L	L	L	L	L	L	L	L	L	L	L	L	L	L	L	L	L	L	L	L	L	L	L	L	L	L	L	L	
506	G	B	A	L	C	L	C	C	L	B	B	B	G	L	A	A	A	A	A	A	A	L	A	A	A	A	A	A	A	A	B	B	B	B	L	B	B	B	B	B	C	C	C	C	C	C	C	C	C	C	C	C	C	L	L	B	B	B	C	C	C	C	C	C	C	C	A	A	A	A	A	A	B	B	B	B	B	B	B	B	B	B	C	C	A	A	A	L	C	C	A	A	A	A	B	B	B	B	B	B	C	C	A	A	A	A	A	A	B	B	B	B	C	C	C	C	C	C	A	A	B	B	B	B	B	B	C	C	C	C	A	A	A	A	A	A	B	B	C	C	C	C	C	L	L	B	B	B	C	C	A	A	A	A	B	B	C	C	C	C	A	A	B	B	B	B	C	C	A	A	A	A	B	B	C	C	C	C	A	A	B	B	B	B	C	C	A	A	A	A	B	B	C	C	C	C	A	A	B	B	B	B	C	C	A	A	A	A	B	B	C	C	C	C	A	A	B	B	B	B	C	C	A	A	A	A	B	B	C	C	C	C	A	A	B	B	B	B	C	C	B	A	C	B	L	L	L	L	L	G	B	A	L	L	B	C	C	A	L	L	L	L	L	L	L	L	L	L	L	L	L	L	L	L	L	L	L	L	L	L	L	L	L	L	L	L	L	L	L	L	L	L	L	L	L	L	L	L	L	L	L	L	L	L	L	L	L	L	L	L	L	L	L	L	L	L	L	L	L	L	L	L	L	L	L	L	L	L	L	L	L	L	L	L	L	L	L	L	L	L	L	L	L	L	L	L	L	L	L	L	L	L	L	L	L	L	L	L	L	L	L	L	L	L	L	L	L	L	L	L	L	L	L	L	
507	G	C	G	L	C	L	C	C	L	B	B	B	B	L	A	A	A	A	A	A	A	L	A	A	A	A	A	A	A	B	B	B	B	G	L	B	B	B	B	C	C	C	C	C	C	C	C	C	C	C	C	C	C	A	L	B	B	C	C	C	C	C	C	C	C	A	A	A	A	A	A	B	B	B	B	B	B	B	B	B	B	C	C	A	A	A	A	L	C	A	A	A	A	B	B	B	B	B	B	C	C	A	A	A	A	A	A	B	B	B	B	C	C	C	C	C	C	A	A	B	B	B	B	B	B	C	C	C	C	A	A	A	A	A	A	B	B	C	C	C	C	C	C	A	L	B	B	C	C	A	A	A	A	B	B	C	C	C	C	A	A	B	B	B	B	C	C	A	A	A	A	B	B	C	C	C	C	A	A	B	B	B	B	C	C	A	A	A	A	B	B	C	C	C	C	A	A	B	B	B	B	C	C	A	A	A	A	B	B	C	C	C	C	A	A	B	B	B	B	C	C	A	A	A	A	B	B	C	C	C	C	A	A	B	B	B	B	C	C	B	A	C	B	L	L	L	L	L	L	G	C	G	G	L	L	C	A	A	G	L	L	L	L	L	L	L	L	L	L	L	L	L	L	L	L	L	L	L	L	L	L	L	L	L	L	L	L	L	L	L	L	L	L	L	L	L	L	L	L	L	L	L	L	L	L	L	L	L	L	L	L	L	L	L	L	L	L	L	L	L	L	L	L	L	L	L	L	L	L	L	L	L	L	L	L	L	L	L	L	L	L	L	L	L	L	L	L	L	L	L	L	L	L	L	L	L	L	L	L	L	L	L	L	L	L	L	L	L	L	L	L	L	L	L	
508	G	B	A	L	C	L	C	C	L	B	B	B	G	L	A	A	A	A	A	A	A	L	A	A	A	A	A	A	B	B	B	B	B	B	L	B	B	B	C	C	C	C	C	C	C	C	C	C	C	C	C	C	A	A	L	B	C	C	C	C	C	C	C	C	A	A	A	A	A	A	B	B	B	B	B	B	B	B	B	B	C	C	A	A	A	A	A	L	A	A	A	A	B	B	B	B	B	B	C	C	A	A	A	A	A	A	B	B	B	B	C	C	C	C	C	C	A	A	B	B	B	B	B	B	C	C	C	C	A	A	A	A	A	A	B	B	C	C	C	C	C	C	A	A	L	B	C	C	A	A	A	A	B	B	C	C	C	C	A	A	B	B	B	B	C	C	A	A	A	A	B	B	C	C	C	C	A	A	B	B	B	B	C	C	A	A	A	A	B	B	C	C	C	C	A	A	B	B	B	B	C	C	A	A	A	A	B	B	C	C	C	C	A	A	B	B	B	B	C	C	A	A	A	A	B	B	C	C	C	C	A	A	B	B	B	B	C	C	B	A	C	B	L	L	L	L	L	L	L	G	B	A	B	C	L	A	A	B	B	C	L	L	L	L	L	L	L	L	L	L	L	L	L	L	L	L	L	L	L	L	L	L	L	L	L	L	L	L	L	L	L	L	L	L	L	L	L	L	L	L	L	L	L	L	L	L	L	L	L	L	L	L	L	L	L	L	L	L	L	L	L	L	L	L	L	L	L	L	L	L	L	L	L	L	L	L	L	L	L	L	L	L	L	L	L	L	L	L	L	L	L	L	L	L	L	L	L	L	L	L	L	L	L	L	L	L	L	L	L	L	L	L	L	L	
509	G	C	G	L	C	L	C	C	L	B	B	B	B	L	A	A	A	A	A	A	A	L	A	A	A	A	A	B	B	B	B	B	B	G	L	B	B	C	C	C	C	C	C	C	C	C	C	C	C	C	C	A	A	A	L	L	C	C	C	C	C	C	C	A	A	A	A	A	A	B	B	B	B	B	B	B	B	B	B	C	C	A	A	A	A	A	A	L	A	A	A	B	B	B	B	B	B	C	C	A	A	A	A	A	A	B	B	B	B	C	C	C	C	C	C	A	A	B	B	B	B	B	B	C	C	C	C	A	A	A	A	A	A	B	B	C	C	C	C	C	C	A	A	A	L	L	C	A	A	A	A	B	B	C	C	C	C	A	A	B	B	B	B	C	C	A	A	A	A	B	B	C	C	C	C	A	A	B	B	B	B	C	C	A	A	A	A	B	B	C	C	C	C	A	A	B	B	B	B	C	C	A	A	A	A	B	B	C	C	C	C	A	A	B	B	B	B	C	C	A	A	A	A	B	B	C	C	C	C	A	A	B	B	B	B	C	C	B	A	C	B	L	L	L	L	L	L	L	L	G	C	G	L	C	L	A	B	B	C	C	A	L	L	L	L	L	L	L	L	L	L	L	L	L	L	L	L	L	L	L	L	L	L	L	L	L	L	L	L	L	L	L	L	L	L	L	L	L	L	L	L	L	L	L	L	L	L	L	L	L	L	L	L	L	L	L	L	L	L	L	L	L	L	L	L	L	L	L	L	L	L	L	L	L	L	L	L	L	L	L	L	L	L	L	L	L	L	L	L	L	L	L	L	L	L	L	L	L	L	L	L	L	L	L	L	L	L	L	L	L	L	L	L	L	
510	G	B	A	L	C	L	C	C	L	B	B	B	G	L	A	A	A	A	A	A	A	L	A	A	A	A	B	B	B	B	B	B	B	B	L	B	C	C	C	C	C	C	C	C	C	C	C	C	C	C	A	A	A	A	G	L	C	C	C	C	C	C	A	A	A	A	A	A	B	B	B	B	B	B	B	B	B	B	C	C	A	A	A	A	A	A	A	L	A	A	B	B	B	B	B	B	C	C	A	A	A	A	A	A	B	B	B	B	C	C	C	C	C	C	A	A	B	B	B	B	B	B	C	C	C	C	A	A	A	A	A	A	B	B	C	C	C	C	C	C	A	A	A	A	G	L	A	A	A	A	B	B	C	C	C	C	A	A	B	B	B	B	C	C	A	A	A	A	B	B	C	C	C	C	A	A	B	B	B	B	C	C	A	A	A	A	B	B	C	C	C	C	A	A	B	B	B	B	C	C	A	A	A	A	B	B	C	C	C	C	A	A	B	B	B	B	C	C	A	A	A	A	B	B	C	C	C	C	A	A	B	B	B	B	C	C	B	A	C	B	L	L	L	L	L	L	L	L	L	G	B	A	L	C	L	L	B	C	C	A	A	G	L	L	L	L	L	L	L	L	L	L	L	L	L	L	L	L	L	L	L	L	L	L	L	L	L	L	L	L	L	L	L	L	L	L	L	L	L	L	L	L	L	L	L	L	L	L	L	L	L	L	L	L	L	L	L	L	L	L	L	L	L	L	L	L	L	L	L	L	L	L	L	L	L	L	L	L	L	L	L	L	L	L	L	L	L	L	L	L	L	L	L	L	L	L	L	L	L	L	L	L	L	L	L	L	L	L	L	L	L	L	L	L	
511	G	C	G	L	C	L	C	C	L	B	B	B	B	L	A	A	A	A	A	A	A	L	A	A	A	B	B	B	B	B	B	B	B	G	L	L	C	C	C	C	C	C	C	C	C	C	C	C	C	A	A	A	A	B	B	L	C	C	C	C	C	A	A	A	A	A	A	B	B	B	B	B	B	B	B	B	B	C	C	A	A	A	A	A	A	A	A	L	A	B	B	B	B	B	B	C	C	A	A	A	A	A	A	B	B	B	B	C	C	C	C	C	C	A	A	B	B	B	B	B	B	C	C	C	C	A	A	A	A	A	A	B	B	C	C	C	C	C	C	A	A	A	A	B	B	L	A	A	A	B	B	C	C	C	C	A	A	B	B	B	B	C	C	A	A	A	A	B	B	C	C	C	C	A	A	B	B	B	B	C	C	A	A	A	A	B	B	C	C	C	C	A	A	B	B	B	B	C	C	A	A	A	A	B	B	C	C	C	C	A	A	B	B	B	B	C	C	A	A	A	A	B	B	C	C	C	C	A	A	B	B	B	B	C	C	B	A	C	B	L	L	L	L	L	L	L	L	L	L	G	C	G	L	C	A	L	L	C	A	A	B	B	C	L	L	L	L	L	L	L	L	L	L	L	L	L	L	L	L	L	L	L	L	L	L	L	L	L	L	L	L	L	L	L	L	L	L	L	L	L	L	L	L	L	L	L	L	L	L	L	L	L	L	L	L	L	L	L	L	L	L	L	L	L	L	L	L	L	L	L	L	L	L	L	L	L	L	L	L	L	L	L	L	L	L	L	L	L	L	L	L	L	L	L	L	L	L	L	L	L	L	L	L	L	L	L	L	L	L	L	L	L	L	L	
512	G	B	A	L	C	L	C	C	L	B	B	B	G	L	A	A	A	A	A	A	A	L	A	A	B	B	B	B	B	B	B	B	B	B	C	L	C	C	C	C	C	C	C	C	C	C	C	C	A	A	A	A	B	B	G	L	C	C	C	C	A	A	A	A	A	A	B	B	B	B	B	B	B	B	B	B	C	C	A	A	A	A	A	A	A	A	A	L	L	B	B	B	B	B	C	C	A	A	A	A	A	A	B	B	B	B	C	C	C	C	C	C	A	A	B	B	B	B	B	B	C	C	C	C	A	A	A	A	A	A	B	B	C	C	C	C	C	C	A	A	A	A	B	B	G	L	A	A	B	B	C	C	C	C	A	A	B	B	B	B	C	C	A	A	A	A	B	B	C	C	C	C	A	A	B	B	B	B	C	C	A	A	A	A	B	B	C	C	C	C	A	A	B	B	B	B	C	C	A	A	A	A	B	B	C	C	C	C	A	A	B	B	B	B	C	C	A	A	A	A	B	B	C	C	C	C	A	A	B	B	B	B	C	C	B	A	C	B	L	L	L	L	L	L	L	L	L	L	L	G	B	A	L	A	A	G	L	A	A	B	B	C	C	A	L	L	L	L	L	L	L	L	L	L	L	L	L	L	L	L	L	L	L	L	L	L	L	L	L	L	L	L	L	L	L	L	L	L	L	L	L	L	L	L	L	L	L	L	L	L	L	L	L	L	L	L	L	L	L	L	L	L	L	L	L	L	L	L	L	L	L	L	L	L	L	L	L	L	L	L	L	L	L	L	L	L	L	L	L	L	L	L	L	L	L	L	L	L	L	L	L	L	L	L	L	L	L	L	L	L	L	L	L	L	
513	G	C	G	L	C	L	C	C	L	B	B	B	B	L	A	A	A	A	A	A	A	L	A	B	B	B	B	B	B	B	B	B	B	C	C	L	C	C	C	C	C	C	C	C	C	C	C	A	A	A	A	B	B	B	B	L	C	C	C	A	A	A	A	A	A	B	B	B	B	B	B	B	B	B	B	C	C	A	A	A	A	A	A	A	A	A	A	G	L	B	B	B	B	C	C	A	A	A	A	A	A	B	B	B	B	C	C	C	C	C	C	A	A	B	B	B	B	B	B	C	C	C	C	A	A	A	A	A	A	B	B	C	C	C	C	C	C	A	A	A	A	B	B	B	B	L	A	B	B	C	C	C	C	A	A	B	B	B	B	C	C	A	A	A	A	B	B	C	C	C	C	A	A	B	B	B	B	C	C	A	A	A	A	B	B	C	C	C	C	A	A	B	B	B	B	C	C	A	A	A	A	B	B	C	C	C	C	A	A	B	B	B	B	C	C	A	A	A	A	B	B	C	C	C	C	A	A	B	B	B	B	C	C	B	A	C	B	L	L	L	L	L	L	L	L	L	L	L	L	G	C	G	L	A	B	B	L	A	B	B	C	C	A	A	G	L	L	L	L	L	L	L	L	L	L	L	L	L	L	L	L	L	L	L	L	L	L	L	L	L	L	L	L	L	L	L	L	L	L	L	L	L	L	L	L	L	L	L	L	L	L	L	L	L	L	L	L	L	L	L	L	L	L	L	L	L	L	L	L	L	L	L	L	L	L	L	L	L	L	L	L	L	L	L	L	L	L	L	L	L	L	L	L	L	L	L	L	L	L	L	L	L	L	L	L	L	L	L	L	L	L	L	L	L	
514	G	B	A	L	C	L	C	C	L	B	B	B	G	L	A	A	A	A	A	A	A	L	L	B	B	B	B	B	B	B	B	B	C	C	C	L	C	C	C	C	C	C	C	C	C	C	A	A	A	A	B	B	B	B	G	L	C	C	A	A	A	A	A	A	B	B	B	B	B	B	B	B	B	B	C	C	A	A	A	A	A	A	A	A	A	A	B	B	L	B	B	B	C	C	A	A	A	A	A	A	B	B	B	B	C	C	C	C	C	C	A	A	B	B	B	B	B	B	C	C	C	C	A	A	A	A	A	A	B	B	C	C	C	C	C	C	A	A	A	A	B	B	B	B	G	L	L	B	C	C	C	C	A	A	B	B	B	B	C	C	A	A	A	A	B	B	C	C	C	C	A	A	B	B	B	B	C	C	A	A	A	A	B	B	C	C	C	C	A	A	B	B	B	B	C	C	A	A	A	A	B	B	C	C	C	C	A	A	B	B	B	B	C	C	A	A	A	A	B	B	C	C	C	C	A	A	B	B	B	B	C	C	B	A	C	B	L	L	L	L	L	L	L	L	L	L	L	L	L	G	B	A	L	L	B	G	L	L	B	C	C	A	A	B	B	C	L	L	L	L	L	L	L	L	L	L	L	L	L	L	L	L	L	L	L	L	L	L	L	L	L	L	L	L	L	L	L	L	L	L	L	L	L	L	L	L	L	L	L	L	L	L	L	L	L	L	L	L	L	L	L	L	L	L	L	L	L	L	L	L	L	L	L	L	L	L	L	L	L	L	L	L	L	L	L	L	L	L	L	L	L	L	L	L	L	L	L	L	L	L	L	L	L	L	L	L	L	L	L	L	L	L	L	L	
515	G	C	G	L	C	L	C	C	L	B	B	B	B	L	A	A	A	A	A	A	A	G	L	B	B	B	B	B	B	B	B	C	C	C	C	L	C	C	C	C	C	C	C	C	C	A	A	A	A	B	B	B	B	B	B	L	C	A	A	A	A	A	A	B	B	B	B	B	B	B	B	B	B	C	C	A	A	A	A	A	A	A	A	A	A	B	B	G	L	B	B	C	C	A	A	A	A	A	A	B	B	B	B	C	C	C	C	C	C	A	A	B	B	B	B	B	B	C	C	C	C	A	A	A	A	A	A	B	B	C	C	C	C	C	C	A	A	A	A	B	B	B	B	B	B	C	L	L	C	C	C	A	A	B	B	B	B	C	C	A	A	A	A	B	B	C	C	C	C	A	A	B	B	B	B	C	C	A	A	A	A	B	B	C	C	C	C	A	A	B	B	B	B	C	C	A	A	A	A	B	B	C	C	C	C	A	A	B	B	B	B	C	C	A	A	A	A	B	B	C	C	C	C	A	A	B	B	B	B	C	C	B	A	C	B	L	L	L	L	L	L	L	L	L	L	L	L	L	L	G	C	G	G	L	B	B	C	L	L	C	A	A	B	B	C	C	A	L	L	L	L	L	L	L	L	L	L	L	L	L	L	L	L	L	L	L	L	L	L	L	L	L	L	L	L	L	L	L	L	L	L	L	L	L	L	L	L	L	L	L	L	L	L	L	L	L	L	L	L	L	L	L	L	L	L	L	L	L	L	L	L	L	L	L	L	L	L	L	L	L	L	L	L	L	L	L	L	L	L	L	L	L	L	L	L	L	L	L	L	L	L	L	L	L	L	L	L	L	L	L	L	L	L	L	
516	G	B	A	L	C	L	C	C	L	B	B	B	G	L	A	A	A	A	A	A	B	B	L	B	B	B	B	B	B	B	C	C	C	C	C	L	C	C	C	C	C	C	C	C	A	A	A	A	B	B	B	B	B	B	G	L	A	A	A	A	A	A	B	B	B	B	B	B	B	B	B	B	C	C	A	A	A	A	A	A	A	A	A	A	B	B	B	B	L	B	C	C	A	A	A	A	A	A	B	B	B	B	C	C	C	C	C	C	A	A	B	B	B	B	B	B	C	C	C	C	A	A	A	A	A	A	B	B	C	C	C	C	C	C	A	A	A	A	B	B	B	B	B	B	C	C	A	L	C	C	A	A	B	B	B	B	C	C	A	A	A	A	B	B	C	C	C	C	A	A	B	B	B	B	C	C	A	A	A	A	B	B	C	C	C	C	A	A	B	B	B	B	C	C	A	A	A	A	B	B	C	C	C	C	A	A	B	B	B	B	C	C	A	A	A	A	B	B	C	C	C	C	A	A	B	B	B	B	C	C	B	A	C	B	L	L	L	L	L	L	L	L	L	L	L	L	L	L	L	G	B	A	B	L	B	C	C	A	L	A	A	B	B	C	C	A	A	G	L	L	L	L	L	L	L	L	L	L	L	L	L	L	L	L	L	L	L	L	L	L	L	L	L	L	L	L	L	L	L	L	L	L	L	L	L	L	L	L	L	L	L	L	L	L	L	L	L	L	L	L	L	L	L	L	L	L	L	L	L	L	L	L	L	L	L	L	L	L	L	L	L	L	L	L	L	L	L	L	L	L	L	L	L	L	L	L	L	L	L	L	L	L	L	L	L	L	L	L	L	L	L	L	L	L	
517	G	C	G	L	C	L	C	C	L	B	B	B	B	L	A	A	A	A	A	B	B	G	L	B	B	B	B	B	B	C	C	C	C	C	C	L	C	C	C	C	C	C	C	A	A	A	A	B	B	B	B	B	B	B	B	L	A	A	A	A	A	B	B	B	B	B	B	B	B	B	B	C	C	A	A	A	A	A	A	A	A	A	A	B	B	B	B	G	L	L	C	A	A	A	A	A	A	B	B	B	B	C	C	C	C	C	C	A	A	B	B	B	B	B	B	C	C	C	C	A	A	A	A	A	A	B	B	C	C	C	C	C	C	A	A	A	A	B	B	B	B	B	B	C	C	A	A	L	C	A	A	B	B	B	B	C	C	A	A	A	A	B	B	C	C	C	C	A	A	B	B	B	B	C	C	A	A	A	A	B	B	C	C	C	C	A	A	B	B	B	B	C	C	A	A	A	A	B	B	C	C	C	C	A	A	B	B	B	B	C	C	A	A	A	A	B	B	C	C	C	C	A	A	B	B	B	B	C	C	B	A	C	B	L	L	L	L	L	L	L	L	L	L	L	L	L	L	L	L	G	C	G	G	L	L	C	A	A	L	A	B	B	C	C	A	A	B	B	C	L	L	L	L	L	L	L	L	L	L	L	L	L	L	L	L	L	L	L	L	L	L	L	L	L	L	L	L	L	L	L	L	L	L	L	L	L	L	L	L	L	L	L	L	L	L	L	L	L	L	L	L	L	L	L	L	L	L	L	L	L	L	L	L	L	L	L	L	L	L	L	L	L	L	L	L	L	L	L	L	L	L	L	L	L	L	L	L	L	L	L	L	L	L	L	L	L	L	L	L	L	L	L	L	L	
518	G	B	A	L	C	L	C	C	L	B	B	B	G	L	A	A	A	A	B	B	B	B	L	B	B	B	B	B	C	C	C	C	C	C	C	L	C	C	C	C	C	C	A	A	A	A	B	B	B	B	B	B	B	B	G	L	A	A	A	A	B	B	B	B	B	B	B	B	B	B	C	C	A	A	A	A	A	A	A	A	A	A	B	B	B	B	B	B	C	L	A	A	A	A	A	A	B	B	B	B	C	C	C	C	C	C	A	A	B	B	B	B	B	B	C	C	C	C	A	A	A	A	A	A	B	B	C	C	C	C	C	C	A	A	A	A	B	B	B	B	B	B	C	C	A	A	A	L	A	A	B	B	B	B	C	C	A	A	A	A	B	B	C	C	C	C	A	A	B	B	B	B	C	C	A	A	A	A	B	B	C	C	C	C	A	A	B	B	B	B	C	C	A	A	A	A	B	B	C	C	C	C	A	A	B	B	B	B	C	C	A	A	A	A	B	B	C	C	C	C	A	A	B	B	B	B	C	C	B	A	C	B	L	L	L	L	L	L	L	L	L	L	L	L	L	L	L	L	L	G	B	A	B	C	L	A	A	A	L	L	B	C	C	A	A	B	B	C	C	A	L	L	L	L	L	L	L	L	L	L	L	L	L	L	L	L	L	L	L	L	L	L	L	L	L	L	L	L	L	L	L	L	L	L	L	L	L	L	L	L	L	L	L	L	L	L	L	L	L	L	L	L	L	L	L	L	L	L	L	L	L	L	L	L	L	L	L	L	L	L	L	L	L	L	L	L	L	L	L	L	L	L	L	L	L	L	L	L	L	L	L	L	L	L	L	L	L	L	L	L	L	L	L	L	
519	G	C	G	L	C	L	C	C	L	B	B	B	B	L	A	A	A	B	B	B	B	G	L	B	B	B	B	C	C	C	C	C	C	C	C	L	C	C	C	C	C	A	A	A	A	B	B	B	B	B	B	B	B	B	B	L	A	A	A	B	B	B	B	B	B	B	B	B	B	C	C	A	A	A	A	A	A	A	A	A	A	B	B	B	B	B	B	C	C	L	A	A	A	A	A	B	B	B	B	C	C	C	C	C	C	A	A	B	B	B	B	B	B	C	C	C	C	A	A	A	A	A	A	B	B	C	C	C	C	C	C	A	A	A	A	B	B	B	B	B	B	C	C	A	A	A	A	L	A	B	B	B	B	C	C	A	A	A	A	B	B	C	C	C	C	A	A	B	B	B	B	C	C	A	A	A	A	B	B	C	C	C	C	A	A	B	B	B	B	C	C	A	A	A	A	B	B	C	C	C	C	A	A	B	B	B	B	C	C	A	A	A	A	B	B	C	C	C	C	A	A	B	B	B	B	C	C	B	A	C	B	L	L	L	L	L	L	L	L	L	L	L	L	L	L	L	L	L	L	G	C	G	L	C	L	A	A	A	G	L	L	C	A	A	B	B	C	C	A	A	G	L	L	L	L	L	L	L	L	L	L	L	L	L	L	L	L	L	L	L	L	L	L	L	L	L	L	L	L	L	L	L	L	L	L	L	L	L	L	L	L	L	L	L	L	L	L	L	L	L	L	L	L	L	L	L	L	L	L	L	L	L	L	L	L	L	L	L	L	L	L	L	L	L	L	L	L	L	L	L	L	L	L	L	L	L	L	L	L	L	L	L	L	L	L	L	L	L	L	L	L	L	L	L	
520	G	B	A	L	C	L	C	C	L	B	B	B	G	L	A	A	B	B	B	B	B	B	L	B	B	B	C	C	C	C	C	C	C	C	C	L	C	C	C	C	A	A	A	A	B	B	B	B	B	B	B	B	B	B	G	L	A	A	B	B	B	B	B	B	B	B	B	B	C	C	A	A	A	A	A	A	A	A	A	A	B	B	B	B	B	B	C	C	C	L	A	A	A	A	B	B	B	B	C	C	C	C	C	C	A	A	B	B	B	B	B	B	C	C	C	C	A	A	A	A	A	A	B	B	C	C	C	C	C	C	A	A	A	A	B	B	B	B	B	B	C	C	A	A	A	A	A	L	L	B	B	B	C	C	A	A	A	A	B	B	C	C	C	C	A	A	B	B	B	B	C	C	A	A	A	A	B	B	C	C	C	C	A	A	B	B	B	B	C	C	A	A	A	A	B	B	C	C	C	C	A	A	B	B	B	B	C	C	A	A	A	A	B	B	C	C	C	C	A	A	B	B	B	B	C	C	B	A	C	B	L	L	L	L	L	L	L	L	L	L	L	L	L	L	L	L	L	L	L	G	B	A	L	C	L	A	A	B	B	C	L	A	A	B	B	C	C	A	A	B	B	C	L	L	L	L	L	L	L	L	L	L	L	L	L	L	L	L	L	L	L	L	L	L	L	L	L	L	L	L	L	L	L	L	L	L	L	L	L	L	L	L	L	L	L	L	L	L	L	L	L	L	L	L	L	L	L	L	L	L	L	L	L	L	L	L	L	L	L	L	L	L	L	L	L	L	L	L	L	L	L	L	L	L	L	L	L	L	L	L	L	L	L	L	L	L	L	L	L	L	L	L	L	L	
521	G	C	G	L	C	L	C	C	L	B	B	B	B	L	A	B	B	B	B	B	B	G	L	B	B	C	C	C	C	C	C	C	C	C	C	L	C	C	C	A	A	A	A	B	B	B	B	B	B	B	B	B	B	B	B	L	A	B	B	B	B	B	B	B	B	B	B	C	C	A	A	A	A	A	A	A	A	A	A	B	B	B	B	B	B	C	C	C	C	L	A	A	A	B	B	B	B	C	C	C	C	C	C	A	A	B	B	B	B	B	B	C	C	C	C	A	A	A	A	A	A	B	B	C	C	C	C	C	C	A	A	A	A	B	B	B	B	B	B	C	C	A	A	A	A	A	A	G	L	B	B	C	C	A	A	A	A	B	B	C	C	C	C	A	A	B	B	B	B	C	C	A	A	A	A	B	B	C	C	C	C	A	A	B	B	B	B	C	C	A	A	A	A	B	B	C	C	C	C	A	A	B	B	B	B	C	C	A	A	A	A	B	B	C	C	C	C	A	A	B	B	B	B	C	C	B	A	C	B	L	L	L	L	L	L	L	L	L	L	L	L	L	L	L	L	L	L	L	L	G	C	G	L	C	L	A	B	B	C	C	L	A	B	B	C	C	A	A	B	B	C	C	A	L	L	L	L	L	L	L	L	L	L	L	L	L	L	L	L	L	L	L	L	L	L	L	L	L	L	L	L	L	L	L	L	L	L	L	L	L	L	L	L	L	L	L	L	L	L	L	L	L	L	L	L	L	L	L	L	L	L	L	L	L	L	L	L	L	L	L	L	L	L	L	L	L	L	L	L	L	L	L	L	L	L	L	L	L	L	L	L	L	L	L	L	L	L	L	L	L	L	L	L	L	
522	G	B	A	L	C	L	C	C	L	B	B	B	G	L	L	B	B	B	B	B	B	B	L	B	C	C	C	C	C	C	C	C	C	C	C	L	C	C	A	A	A	A	B	B	B	B	B	B	B	B	B	B	B	B	G	L	L	B	B	B	B	B	B	B	B	B	C	C	A	A	A	A	A	A	A	A	A	A	B	B	B	B	B	B	C	C	C	C	C	L	A	A	B	B	B	B	C	C	C	C	C	C	A	A	B	B	B	B	B	B	C	C	C	C	A	A	A	A	A	A	B	B	C	C	C	C	C	C	A	A	A	A	B	B	B	B	B	B	C	C	A	A	A	A	A	A	B	B	L	B	C	C	A	A	A	A	B	B	C	C	C	C	A	A	B	B	B	B	C	C	A	A	A	A	B	B	C	C	C	C	A	A	B	B	B	B	C	C	A	A	A	A	B	B	C	C	C	C	A	A	B	B	B	B	C	C	A	A	A	A	B	B	C	C	C	C	A	A	B	B	B	B	C	C	B	A	C	B	L	L	L	L	L	L	L	L	L	L	L	L	L	L	L	L	L	L	L	L	L	G	B	A	L	C	L	L	B	C	C	C	L	L	B	C	C	A	A	B	B	C	C	A	A	G	L	L	L	L	L	L	L	L	L	L	L	L	L	L	L	L	L	L	L	L	L	L	L	L	L	L	L	L	L	L	L	L	L	L	L	L	L	L	L	L	L	L	L	L	L	L	L	L	L	L	L	L	L	L	L	L	L	L	L	L	L	L	L	L	L	L	L	L	L	L	L	L	L	L	L	L	L	L	L	L	L	L	L	L	L	L	L	L	L	L	L	L	L	L	L	L	L	L	L	L	
523	G	C	G	L	C	L	C	C	L	B	B	B	B	C	L	B	B	B	B	B	B	G	L	L	C	C	C	C	C	C	C	C	C	C	C	L	C	A	A	A	A	B	B	B	B	B	B	B	B	B	B	B	B	B	B	C	L	B	B	B	B	B	B	B	B	C	C	A	A	A	A	A	A	A	A	A	A	B	B	B	B	B	B	C	C	C	C	C	C	L	A	B	B	B	B	C	C	C	C	C	C	A	A	B	B	B	B	B	B	C	C	C	C	A	A	A	A	A	A	B	B	C	C	C	C	C	C	A	A	A	A	B	B	B	B	B	B	C	C	A	A	A	A	A	A	B	B	G	L	L	C	A	A	A	A	B	B	C	C	C	C	A	A	B	B	B	B	C	C	A	A	A	A	B	B	C	C	C	C	A	A	B	B	B	B	C	C	A	A	A	A	B	B	C	C	C	C	A	A	B	B	B	B	C	C	A	A	A	A	B	B	C	C	C	C	A	A	B	B	B	B	C	C	B	A	C	B	L	L	L	L	L	L	L	L	L	L	L	L	L	L	L	L	L	L	L	L	L	L	G	C	G	L	C	A	L	L	C	C	C	A	L	L	C	A	A	B	B	C	C	A	A	B	B	C	L	L	L	L	L	L	L	L	L	L	L	L	L	L	L	L	L	L	L	L	L	L	L	L	L	L	L	L	L	L	L	L	L	L	L	L	L	L	L	L	L	L	L	L	L	L	L	L	L	L	L	L	L	L	L	L	L	L	L	L	L	L	L	L	L	L	L	L	L	L	L	L	L	L	L	L	L	L	L	L	L	L	L	L	L	L	L	L	L	L	L	L	L	L	L	L	L	L	L	
524	G	B	A	L	C	L	C	C	L	B	B	B	C	C	L	B	B	B	B	B	B	B	C	L	C	C	C	C	C	C	C	C	C	C	C	L	A	A	A	A	B	B	B	B	B	B	B	B	B	B	B	B	B	B	C	C	L	B	B	B	B	B	B	B	C	C	A	A	A	A	A	A	A	A	A	A	B	B	B	B	B	B	C	C	C	C	C	C	C	L	L	B	B	B	C	C	C	C	C	C	A	A	B	B	B	B	B	B	C	C	C	C	A	A	A	A	A	A	B	B	C	C	C	C	C	C	A	A	A	A	B	B	B	B	B	B	C	C	A	A	A	A	A	A	B	B	B	B	C	L	A	A	A	A	B	B	C	C	C	C	A	A	B	B	B	B	C	C	A	A	A	A	B	B	C	C	C	C	A	A	B	B	B	B	C	C	A	A	A	A	B	B	C	C	C	C	A	A	B	B	B	B	C	C	A	A	A	A	B	B	C	C	C	C	A	A	B	B	B	B	C	C	B	A	C	B	L	L	L	L	L	L	L	L	L	L	L	L	L	L	L	L	L	L	L	L	L	L	L	G	B	A	L	A	A	G	L	C	C	A	A	G	L	A	A	B	B	C	C	A	A	B	B	C	C	A	L	L	L	L	L	L	L	L	L	L	L	L	L	L	L	L	L	L	L	L	L	L	L	L	L	L	L	L	L	L	L	L	L	L	L	L	L	L	L	L	L	L	L	L	L	L	L	L	L	L	L	L	L	L	L	L	L	L	L	L	L	L	L	L	L	L	L	L	L	L	L	L	L	L	L	L	L	L	L	L	L	L	L	L	L	L	L	L	L	L	L	L	L	L	L	L	L	L	
525	G	C	G	L	C	L	C	C	L	B	B	C	C	C	L	B	B	B	B	B	B	C	C	L	C	C	C	C	C	C	C	C	C	C	C	L	A	A	A	B	B	B	B	B	B	B	B	B	B	B	B	B	B	C	C	C	L	B	B	B	B	B	B	C	C	A	A	A	A	A	A	A	A	A	A	B	B	B	B	B	B	C	C	C	C	C	C	C	C	A	L	B	B	C	C	C	C	C	C	A	A	B	B	B	B	B	B	C	C	C	C	A	A	A	A	A	A	B	B	C	C	C	C	C	C	A	A	A	A	B	B	B	B	B	B	C	C	A	A	A	A	A	A	B	B	B	B	C	C	L	A	A	A	B	B	C	C	C	C	A	A	B	B	B	B	C	C	A	A	A	A	B	B	C	C	C	C	A	A	B	B	B	B	C	C	A	A	A	A	B	B	C	C	C	C	A	A	B	B	B	B	C	C	A	A	A	A	B	B	C	C	C	C	A	A	B	B	B	B	C	C	B	A	C	B	L	L	L	L	L	L	L	L	L	L	L	L	L	L	L	L	L	L	L	L	L	L	L	L	G	C	G	L	A	B	B	L	C	A	A	B	B	L	A	B	B	C	C	A	A	B	B	C	C	A	A	G	L	L	L	L	L	L	L	L	L	L	L	L	L	L	L	L	L	L	L	L	L	L	L	L	L	L	L	L	L	L	L	L	L	L	L	L	L	L	L	L	L	L	L	L	L	L	L	L	L	L	L	L	L	L	L	L	L	L	L	L	L	L	L	L	L	L	L	L	L	L	L	L	L	L	L	L	L	L	L	L	L	L	L	L	L	L	L	L	L	L	L	L	L	L	L	L	L	
526	G	B	A	L	C	L	C	C	L	B	C	C	C	C	L	B	B	B	B	B	C	C	C	L	C	C	C	C	C	C	C	C	C	C	C	L	A	A	B	B	B	B	B	B	B	B	B	B	B	B	B	B	C	C	C	C	L	B	B	B	B	B	C	C	A	A	A	A	A	A	A	A	A	A	B	B	B	B	B	B	C	C	C	C	C	C	C	C	A	A	L	B	C	C	C	C	C	C	A	A	B	B	B	B	B	B	C	C	C	C	A	A	A	A	A	A	B	B	C	C	C	C	C	C	A	A	A	A	B	B	B	B	B	B	C	C	A	A	A	A	A	A	B	B	B	B	C	C	C	L	A	A	B	B	C	C	C	C	A	A	B	B	B	B	C	C	A	A	A	A	B	B	C	C	C	C	A	A	B	B	B	B	C	C	A	A	A	A	B	B	C	C	C	C	A	A	B	B	B	B	C	C	A	A	A	A	B	B	C	C	C	C	A	A	B	B	B	B	C	C	B	A	C	B	L	L	L	L	L	L	L	L	L	L	L	L	L	L	L	L	L	L	L	L	L	L	L	L	L	G	B	A	L	L	B	G	L	A	A	B	B	G	L	L	B	C	C	A	A	B	B	C	C	A	A	B	B	C	L	L	L	L	L	L	L	L	L	L	L	L	L	L	L	L	L	L	L	L	L	L	L	L	L	L	L	L	L	L	L	L	L	L	L	L	L	L	L	L	L	L	L	L	L	L	L	L	L	L	L	L	L	L	L	L	L	L	L	L	L	L	L	L	L	L	L	L	L	L	L	L	L	L	L	L	L	L	L	L	L	L	L	L	L	L	L	L	L	L	L	L	L	L	L	L	
527	G	C	G	L	C	L	C	C	L	L	C	C	C	C	L	B	B	B	B	C	C	C	C	L	C	C	C	C	C	C	C	C	C	C	C	L	A	B	B	B	B	B	B	B	B	B	B	B	B	B	B	C	C	C	C	C	L	B	B	B	B	C	C	A	A	A	A	A	A	A	A	A	A	B	B	B	B	B	B	C	C	C	C	C	C	C	C	A	A	A	L	L	C	C	C	C	C	A	A	B	B	B	B	B	B	C	C	C	C	A	A	A	A	A	A	B	B	C	C	C	C	C	C	A	A	A	A	B	B	B	B	B	B	C	C	A	A	A	A	A	A	B	B	B	B	C	C	C	C	L	A	B	B	C	C	C	C	A	A	B	B	B	B	C	C	A	A	A	A	B	B	C	C	C	C	A	A	B	B	B	B	C	C	A	A	A	A	B	B	C	C	C	C	A	A	B	B	B	B	C	C	A	A	A	A	B	B	C	C	C	C	A	A	B	B	B	B	C	C	B	A	C	B	L	L	L	L	L	L	L	L	L	L	L	L	L	L	L	L	L	L	L	L	L	L	L	L	L	L	G	C	G	G	L	B	B	L	A	B	B	B	B	C	L	L	C	A	A	B	B	C	C	A	A	B	B	C	C	A	L	L	L	L	L	L	L	L	L	L	L	L	L	L	L	L	L	L	L	L	L	L	L	L	L	L	L	L	L	L	L	L	L	L	L	L	L	L	L	L	L	L	L	L	L	L	L	L	L	L	L	L	L	L	L	L	L	L	L	L	L	L	L	L	L	L	L	L	L	L	L	L	L	L	L	L	L	L	L	L	L	L	L	L	L	L	L	L	L	L	L	L	L	L	L	
528	G	B	A	L	C	L	C	C	A	L	C	C	C	C	L	B	B	B	C	C	C	C	C	L	C	C	C	C	C	C	C	C	C	C	C	L	L	B	B	B	B	B	B	B	B	B	B	B	B	B	C	C	C	C	C	C	L	B	B	B	C	C	A	A	A	A	A	A	A	A	A	A	B	B	B	B	B	B	C	C	C	C	C	C	C	C	A	A	A	A	G	L	C	C	C	C	A	A	B	B	B	B	B	B	C	C	C	C	A	A	A	A	A	A	B	B	C	C	C	C	C	C	A	A	A	A	B	B	B	B	B	B	C	C	A	A	A	A	A	A	B	B	B	B	C	C	C	C	C	L	L	B	C	C	C	C	A	A	B	B	B	B	C	C	A	A	A	A	B	B	C	C	C	C	A	A	B	B	B	B	C	C	A	A	A	A	B	B	C	C	C	C	A	A	B	B	B	B	C	C	A	A	A	A	B	B	C	C	C	C	A	A	B	B	B	B	C	C	B	A	C	B	L	L	L	L	L	L	L	L	L	L	L	L	L	L	L	L	L	L	L	L	L	L	L	L	L	L	L	G	B	A	B	L	B	G	L	L	B	B	B	C	C	A	L	A	A	B	B	C	C	A	A	B	B	C	C	A	A	G	L	L	L	L	L	L	L	L	L	L	L	L	L	L	L	L	L	L	L	L	L	L	L	L	L	L	L	L	L	L	L	L	L	L	L	L	L	L	L	L	L	L	L	L	L	L	L	L	L	L	L	L	L	L	L	L	L	L	L	L	L	L	L	L	L	L	L	L	L	L	L	L	L	L	L	L	L	L	L	L	L	L	L	L	L	L	L	L	L	L	L	L	L	L	
529	G	C	G	L	C	L	C	A	A	L	C	C	C	C	L	B	B	C	C	C	C	C	C	L	C	C	C	C	C	C	C	C	C	C	C	A	L	B	B	B	B	B	B	B	B	B	B	B	B	C	C	C	C	C	C	C	L	B	B	C	C	A	A	A	A	A	A	A	A	A	A	B	B	B	B	B	B	C	C	C	C	C	C	C	C	A	A	A	A	B	B	L	C	C	C	A	A	B	B	B	B	B	B	C	C	C	C	A	A	A	A	A	A	B	B	C	C	C	C	C	C	A	A	A	A	B	B	B	B	B	B	C	C	A	A	A	A	A	A	B	B	B	B	C	C	C	C	C	C	A	L	L	C	C	C	A	A	B	B	B	B	C	C	A	A	A	A	B	B	C	C	C	C	A	A	B	B	B	B	C	C	A	A	A	A	B	B	C	C	C	C	A	A	B	B	B	B	C	C	A	A	A	A	B	B	C	C	C	C	A	A	B	B	B	B	C	C	B	A	C	B	L	L	L	L	L	L	L	L	L	L	L	L	L	L	L	L	L	L	L	L	L	L	L	L	L	L	L	L	G	C	G	G	L	B	B	C	L	B	B	C	C	A	A	L	A	B	B	C	C	A	A	B	B	C	C	A	A	B	B	C	L	L	L	L	L	L	L	L	L	L	L	L	L	L	L	L	L	L	L	L	L	L	L	L	L	L	L	L	L	L	L	L	L	L	L	L	L	L	L	L	L	L	L	L	L	L	L	L	L	L	L	L	L	L	L	L	L	L	L	L	L	L	L	L	L	L	L	L	L	L	L	L	L	L	L	L	L	L	L	L	L	L	L	L	L	L	L	L	L	L	L	L	L	
530	G	B	A	L	C	L	A	A	A	L	C	C	C	C	L	B	C	C	C	C	C	C	C	L	C	C	C	C	C	C	C	C	C	C	A	A	L	B	B	B	B	B	B	B	B	B	B	B	C	C	C	C	C	C	C	C	L	B	C	C	A	A	A	A	A	A	A	A	A	A	B	B	B	B	B	B	C	C	C	C	C	C	C	C	A	A	A	A	B	B	G	L	C	C	A	A	B	B	B	B	B	B	C	C	C	C	A	A	A	A	A	A	B	B	C	C	C	C	C	C	A	A	A	A	B	B	B	B	B	B	C	C	A	A	A	A	A	A	B	B	B	B	C	C	C	C	C	C	A	A	G	L	C	C	A	A	B	B	B	B	C	C	A	A	A	A	B	B	C	C	C	C	A	A	B	B	B	B	C	C	A	A	A	A	B	B	C	C	C	C	A	A	B	B	B	B	C	C	A	A	A	A	B	B	C	C	C	C	A	A	B	B	B	B	C	C	B	A	C	B	L	L	L	L	L	L	L	L	L	L	L	L	L	L	L	L	L	L	L	L	L	L	L	L	L	L	L	L	L	G	B	A	B	L	B	C	C	L	B	C	C	A	A	A	L	L	B	C	C	A	A	B	B	C	C	A	A	B	B	C	C	A	L	L	L	L	L	L	L	L	L	L	L	L	L	L	L	L	L	L	L	L	L	L	L	L	L	L	L	L	L	L	L	L	L	L	L	L	L	L	L	L	L	L	L	L	L	L	L	L	L	L	L	L	L	L	L	L	L	L	L	L	L	L	L	L	L	L	L	L	L	L	L	L	L	L	L	L	L	L	L	L	L	L	L	L	L	L	L	L	L	L	L	L	
531	G	C	G	L	C	L	A	A	A	L	C	C	C	C	L	L	C	C	C	C	C	C	C	L	C	C	C	C	C	C	C	C	C	A	A	A	L	B	B	B	B	B	B	B	B	B	B	C	C	C	C	C	C	C	C	C	L	L	C	A	A	A	A	A	A	A	A	A	A	B	B	B	B	B	B	C	C	C	C	C	C	C	C	A	A	A	A	B	B	B	B	L	C	A	A	B	B	B	B	B	B	C	C	C	C	A	A	A	A	A	A	B	B	C	C	C	C	C	C	A	A	A	A	B	B	B	B	B	B	C	C	A	A	A	A	A	A	B	B	B	B	C	C	C	C	C	C	A	A	B	B	L	C	A	A	B	B	B	B	C	C	A	A	A	A	B	B	C	C	C	C	A	A	B	B	B	B	C	C	A	A	A	A	B	B	C	C	C	C	A	A	B	B	B	B	C	C	A	A	A	A	B	B	C	C	C	C	A	A	B	B	B	B	C	C	B	A	C	B	L	L	L	L	L	L	L	L	L	L	L	L	L	L	L	L	L	L	L	L	L	L	L	L	L	L	L	L	L	L	G	C	G	G	L	L	C	C	L	L	C	A	A	A	A	G	L	L	C	A	A	B	B	C	C	A	A	B	B	C	C	A	A	G	L	L	L	L	L	L	L	L	L	L	L	L	L	L	L	L	L	L	L	L	L	L	L	L	L	L	L	L	L	L	L	L	L	L	L	L	L	L	L	L	L	L	L	L	L	L	L	L	L	L	L	L	L	L	L	L	L	L	L	L	L	L	L	L	L	L	L	L	L	L	L	L	L	L	L	L	L	L	L	L	L	L	L	L	L	L	L	L	L	L	L	
532	G	B	A	L	C	L	A	A	A	L	C	C	C	C	A	L	C	C	C	C	C	C	C	L	C	C	C	C	C	C	C	C	A	A	A	A	L	B	B	B	B	B	B	B	B	B	C	C	C	C	C	C	C	C	C	C	A	L	A	A	A	A	A	A	A	A	A	A	B	B	B	B	B	B	C	C	C	C	C	C	C	C	A	A	A	A	B	B	B	B	G	L	A	A	B	B	B	B	B	B	C	C	C	C	A	A	A	A	A	A	B	B	C	C	C	C	C	C	A	A	A	A	B	B	B	B	B	B	C	C	A	A	A	A	A	A	B	B	B	B	C	C	C	C	C	C	A	A	B	B	G	L	A	A	B	B	B	B	C	C	A	A	A	A	B	B	C	C	C	C	A	A	B	B	B	B	C	C	A	A	A	A	B	B	C	C	C	C	A	A	B	B	B	B	C	C	A	A	A	A	B	B	C	C	C	C	A	A	B	B	B	B	C	C	B	A	C	B	L	L	L	L	L	L	L	L	L	L	L	L	L	L	L	L	L	L	L	L	L	L	L	L	L	L	L	L	L	L	L	G	B	A	B	C	L	C	C	A	L	A	A	A	A	B	B	C	L	A	A	B	B	C	C	A	A	B	B	C	C	A	A	B	B	C	L	L	L	L	L	L	L	L	L	L	L	L	L	L	L	L	L	L	L	L	L	L	L	L	L	L	L	L	L	L	L	L	L	L	L	L	L	L	L	L	L	L	L	L	L	L	L	L	L	L	L	L	L	L	L	L	L	L	L	L	L	L	L	L	L	L	L	L	L	L	L	L	L	L	L	L	L	L	L	L	L	L	L	L	L	L	L	L	L	L	
533	G	C	G	L	C	L	A	A	A	L	C	C	C	A	A	L	C	C	C	C	C	C	C	L	C	C	C	C	C	C	C	A	A	A	A	A	L	B	B	B	B	B	B	B	B	C	C	C	C	C	C	C	C	C	C	A	A	L	A	A	A	A	A	A	A	A	A	B	B	B	B	B	B	C	C	C	C	C	C	C	C	A	A	A	A	B	B	B	B	B	B	L	A	B	B	B	B	B	B	C	C	C	C	A	A	A	A	A	A	B	B	C	C	C	C	C	C	A	A	A	A	B	B	B	B	B	B	C	C	A	A	A	A	A	A	B	B	B	B	C	C	C	C	C	C	A	A	B	B	B	B	L	A	B	B	B	B	C	C	A	A	A	A	B	B	C	C	C	C	A	A	B	B	B	B	C	C	A	A	A	A	B	B	C	C	C	C	A	A	B	B	B	B	C	C	A	A	A	A	B	B	C	C	C	C	A	A	B	B	B	B	C	C	B	A	C	B	L	L	L	L	L	L	L	L	L	L	L	L	L	L	L	L	L	L	L	L	L	L	L	L	L	L	L	L	L	L	L	L	G	C	G	L	C	L	C	A	A	L	A	A	A	B	B	C	C	L	A	B	B	C	C	A	A	B	B	C	C	A	A	B	B	C	C	A	L	L	L	L	L	L	L	L	L	L	L	L	L	L	L	L	L	L	L	L	L	L	L	L	L	L	L	L	L	L	L	L	L	L	L	L	L	L	L	L	L	L	L	L	L	L	L	L	L	L	L	L	L	L	L	L	L	L	L	L	L	L	L	L	L	L	L	L	L	L	L	L	L	L	L	L	L	L	L	L	L	L	L	L	L	L	L	L	L	
534	G	B	A	L	C	L	A	A	A	L	C	C	A	A	A	L	C	C	C	C	C	C	C	L	C	C	C	C	C	C	A	A	A	A	A	A	L	B	B	B	B	B	B	B	C	C	C	C	C	C	C	C	C	C	A	A	A	L	A	A	A	A	A	A	A	A	B	B	B	B	B	B	C	C	C	C	C	C	C	C	A	A	A	A	B	B	B	B	B	B	G	L	L	B	B	B	B	B	C	C	C	C	A	A	A	A	A	A	B	B	C	C	C	C	C	C	A	A	A	A	B	B	B	B	B	B	C	C	A	A	A	A	A	A	B	B	B	B	C	C	C	C	C	C	A	A	B	B	B	B	G	L	L	B	B	B	C	C	A	A	A	A	B	B	C	C	C	C	A	A	B	B	B	B	C	C	A	A	A	A	B	B	C	C	C	C	A	A	B	B	B	B	C	C	A	A	A	A	B	B	C	C	C	C	A	A	B	B	B	B	C	C	B	A	C	B	L	L	L	L	L	L	L	L	L	L	L	L	L	L	L	L	L	L	L	L	L	L	L	L	L	L	L	L	L	L	L	L	L	G	B	A	L	C	L	A	A	A	L	A	A	B	B	C	C	C	L	L	B	C	C	A	A	B	B	C	C	A	A	B	B	C	C	A	A	G	L	L	L	L	L	L	L	L	L	L	L	L	L	L	L	L	L	L	L	L	L	L	L	L	L	L	L	L	L	L	L	L	L	L	L	L	L	L	L	L	L	L	L	L	L	L	L	L	L	L	L	L	L	L	L	L	L	L	L	L	L	L	L	L	L	L	L	L	L	L	L	L	L	L	L	L	L	L	L	L	L	L	L	L	L	L	L	L	
535	G	C	G	L	C	L	A	A	A	L	C	A	A	A	A	L	C	C	C	C	C	C	C	L	C	C	C	C	C	A	A	A	A	A	A	A	L	B	B	B	B	B	B	C	C	C	C	C	C	C	C	C	C	A	A	A	A	L	A	A	A	A	A	A	A	B	B	B	B	B	B	C	C	C	C	C	C	C	C	A	A	A	A	B	B	B	B	B	B	B	B	C	L	B	B	B	B	C	C	C	C	A	A	A	A	A	A	B	B	C	C	C	C	C	C	A	A	A	A	B	B	B	B	B	B	C	C	A	A	A	A	A	A	B	B	B	B	C	C	C	C	C	C	A	A	B	B	B	B	B	B	C	L	B	B	C	C	A	A	A	A	B	B	C	C	C	C	A	A	B	B	B	B	C	C	A	A	A	A	B	B	C	C	C	C	A	A	B	B	B	B	C	C	A	A	A	A	B	B	C	C	C	C	A	A	B	B	B	B	C	C	B	A	C	B	L	L	L	L	L	L	L	L	L	L	L	L	L	L	L	L	L	L	L	L	L	L	L	L	L	L	L	L	L	L	L	L	L	L	G	C	G	L	C	L	A	A	A	L	A	B	B	C	C	C	C	A	L	L	C	A	A	B	B	C	C	A	A	B	B	C	C	A	A	B	B	C	L	L	L	L	L	L	L	L	L	L	L	L	L	L	L	L	L	L	L	L	L	L	L	L	L	L	L	L	L	L	L	L	L	L	L	L	L	L	L	L	L	L	L	L	L	L	L	L	L	L	L	L	L	L	L	L	L	L	L	L	L	L	L	L	L	L	L	L	L	L	L	L	L	L	L	L	L	L	L	L	L	L	L	L	L	L	L	
536	G	B	A	L	C	L	A	A	A	L	A	A	A	A	A	L	C	C	C	C	C	C	C	L	C	C	C	C	A	A	A	A	A	A	A	A	L	B	B	B	B	B	C	C	C	C	C	C	C	C	C	C	A	A	A	A	A	L	A	A	A	A	A	A	B	B	B	B	B	B	C	C	C	C	C	C	C	C	A	A	A	A	B	B	B	B	B	B	B	B	C	C	L	B	B	B	C	C	C	C	A	A	A	A	A	A	B	B	C	C	C	C	C	C	A	A	A	A	B	B	B	B	B	B	C	C	A	A	A	A	A	A	B	B	B	B	C	C	C	C	C	C	A	A	B	B	B	B	B	B	C	C	L	B	C	C	A	A	A	A	B	B	C	C	C	C	A	A	B	B	B	B	C	C	A	A	A	A	B	B	C	C	C	C	A	A	B	B	B	B	C	C	A	A	A	A	B	B	C	C	C	C	A	A	B	B	B	B	C	C	B	A	C	B	L	L	L	L	L	L	L	L	L	L	L	L	L	L	L	L	L	L	L	L	L	L	L	L	L	L	L	L	L	L	L	L	L	L	L	G	B	A	L	C	L	A	A	A	L	L	B	C	C	C	C	A	A	G	L	A	A	B	B	C	C	A	A	B	B	C	C	A	A	B	B	C	C	A	L	L	L	L	L	L	L	L	L	L	L	L	L	L	L	L	L	L	L	L	L	L	L	L	L	L	L	L	L	L	L	L	L	L	L	L	L	L	L	L	L	L	L	L	L	L	L	L	L	L	L	L	L	L	L	L	L	L	L	L	L	L	L	L	L	L	L	L	L	L	L	L	L	L	L	L	L	L	L	L	L	L	L	L	L	L	
537	G	C	G	L	C	L	A	A	A	L	A	A	A	A	A	L	C	C	C	C	C	C	C	L	C	C	C	A	A	A	A	A	A	A	A	A	L	B	B	B	B	C	C	C	C	C	C	C	C	C	C	A	A	A	A	A	A	L	A	A	A	A	A	B	B	B	B	B	B	C	C	C	C	C	C	C	C	A	A	A	A	B	B	B	B	B	B	B	B	C	C	C	L	B	B	C	C	C	C	A	A	A	A	A	A	B	B	C	C	C	C	C	C	A	A	A	A	B	B	B	B	B	B	C	C	A	A	A	A	A	A	B	B	B	B	C	C	C	C	C	C	A	A	B	B	B	B	B	B	C	C	C	L	L	C	A	A	A	A	B	B	C	C	C	C	A	A	B	B	B	B	C	C	A	A	A	A	B	B	C	C	C	C	A	A	B	B	B	B	C	C	A	A	A	A	B	B	C	C	C	C	A	A	B	B	B	B	C	C	B	A	C	B	L	L	L	L	L	L	L	L	L	L	L	L	L	L	L	L	L	L	L	L	L	L	L	L	L	L	L	L	L	L	L	L	L	L	L	L	G	C	G	L	C	L	A	A	A	G	L	L	C	C	C	A	A	B	B	L	A	B	B	C	C	A	A	B	B	C	C	A	A	B	B	C	C	A	A	G	L	L	L	L	L	L	L	L	L	L	L	L	L	L	L	L	L	L	L	L	L	L	L	L	L	L	L	L	L	L	L	L	L	L	L	L	L	L	L	L	L	L	L	L	L	L	L	L	L	L	L	L	L	L	L	L	L	L	L	L	L	L	L	L	L	L	L	L	L	L	L	L	L	L	L	L	L	L	L	L	L	L	L	L	L	
538	G	B	A	L	C	L	A	A	A	L	A	A	A	A	A	L	C	C	C	C	C	C	C	L	C	C	A	A	A	A	A	A	A	A	A	A	L	B	B	B	C	C	C	C	C	C	C	C	C	C	A	A	A	A	A	A	A	L	A	A	A	A	B	B	B	B	B	B	C	C	C	C	C	C	C	C	A	A	A	A	B	B	B	B	B	B	B	B	C	C	C	C	L	B	C	C	C	C	A	A	A	A	A	A	B	B	C	C	C	C	C	C	A	A	A	A	B	B	B	B	B	B	C	C	A	A	A	A	A	A	B	B	B	B	C	C	C	C	C	C	A	A	B	B	B	B	B	B	C	C	C	C	A	L	A	A	A	A	B	B	C	C	C	C	A	A	B	B	B	B	C	C	A	A	A	A	B	B	C	C	C	C	A	A	B	B	B	B	C	C	A	A	A	A	B	B	C	C	C	C	A	A	B	B	B	B	C	C	B	A	C	B	L	L	L	L	L	L	L	L	L	L	L	L	L	L	L	L	L	L	L	L	L	L	L	L	L	L	L	L	L	L	L	L	L	L	L	L	L	G	B	A	L	C	L	A	A	B	B	C	L	C	C	A	A	B	B	G	L	L	B	C	C	A	A	B	B	C	C	A	A	B	B	C	C	A	A	B	B	C	L	L	L	L	L	L	L	L	L	L	L	L	L	L	L	L	L	L	L	L	L	L	L	L	L	L	L	L	L	L	L	L	L	L	L	L	L	L	L	L	L	L	L	L	L	L	L	L	L	L	L	L	L	L	L	L	L	L	L	L	L	L	L	L	L	L	L	L	L	L	L	L	L	L	L	L	L	L	L	L	L	L	L	L	
539	G	C	G	L	C	L	A	A	A	L	A	A	A	A	A	L	C	C	C	C	C	C	C	L	C	A	A	A	A	A	A	A	A	A	A	A	L	B	B	C	C	C	C	C	C	C	C	C	C	A	A	A	A	A	A	A	A	L	A	A	A	B	B	B	B	B	B	C	C	C	C	C	C	C	C	A	A	A	A	B	B	B	B	B	B	B	B	C	C	C	C	C	L	L	C	C	C	A	A	A	A	A	A	B	B	C	C	C	C	C	C	A	A	A	A	B	B	B	B	B	B	C	C	A	A	A	A	A	A	B	B	B	B	C	C	C	C	C	C	A	A	B	B	B	B	B	B	C	C	C	C	A	A	L	A	A	A	B	B	C	C	C	C	A	A	B	B	B	B	C	C	A	A	A	A	B	B	C	C	C	C	A	A	B	B	B	B	C	C	A	A	A	A	B	B	C	C	C	C	A	A	B	B	B	B	C	C	B	A	C	B	L	L	L	L	L	L	L	L	L	L	L	L	L	L	L	L	L	L	L	L	L	L	L	L	L	L	L	L	L	L	L	L	L	L	L	L	L	L	G	C	G	L	C	L	A	B	B	C	C	L	C	A	A	B	B	B	B	C	L	L	C	A	A	B	B	C	C	A	A	B	B	C	C	A	A	B	B	C	C	A	L	L	L	L	L	L	L	L	L	L	L	L	L	L	L	L	L	L	L	L	L	L	L	L	L	L	L	L	L	L	L	L	L	L	L	L	L	L	L	L	L	L	L	L	L	L	L	L	L	L	L	L	L	L	L	L	L	L	L	L	L	L	L	L	L	L	L	L	L	L	L	L	L	L	L	L	L	L	L	L	L	L	L	
540	G	B	A	L	C	L	A	A	A	L	A	A	A	A	A	L	C	C	C	C	C	C	C	L	A	A	A	A	A	A	A	A	A	A	A	A	L	B	C	C	C	C	C	C	C	C	C	C	A	A	A	A	A	A	A	A	A	L	A	A	B	B	B	B	B	B	C	C	C	C	C	C	C	C	A	A	A	A	B	B	B	B	B	B	B	B	C	C	C	C	C	C	A	L	C	C	A	A	A	A	A	A	B	B	C	C	C	C	C	C	A	A	A	A	B	B	B	B	B	B	C	C	A	A	A	A	A	A	B	B	B	B	C	C	C	C	C	C	A	A	B	B	B	B	B	B	C	C	C	C	A	A	A	L	A	A	B	B	C	C	C	C	A	A	B	B	B	B	C	C	A	A	A	A	B	B	C	C	C	C	A	A	B	B	B	B	C	C	A	A	A	A	B	B	C	C	C	C	A	A	B	B	B	B	C	C	B	A	C	B	L	L	L	L	L	L	L	L	L	L	L	L	L	L	L	L	L	L	L	L	L	L	L	L	L	L	L	L	L	L	L	L	L	L	L	L	L	L	L	G	B	A	L	C	L	L	B	C	C	C	L	A	A	B	B	B	B	C	C	A	L	A	A	B	B	C	C	A	A	B	B	C	C	A	A	B	B	C	C	A	A	G	L	L	L	L	L	L	L	L	L	L	L	L	L	L	L	L	L	L	L	L	L	L	L	L	L	L	L	L	L	L	L	L	L	L	L	L	L	L	L	L	L	L	L	L	L	L	L	L	L	L	L	L	L	L	L	L	L	L	L	L	L	L	L	L	L	L	L	L	L	L	L	L	L	L	L	L	L	L	L	L	L	L	
541	G	C	G	L	C	L	A	A	A	L	A	A	A	A	A	L	C	C	C	C	C	C	C	L	A	A	A	A	A	A	A	A	A	A	A	A	L	L	C	C	C	C	C	C	C	C	C	A	A	A	A	A	A	A	A	A	A	L	A	B	B	B	B	B	B	C	C	C	C	C	C	C	C	A	A	A	A	B	B	B	B	B	B	B	B	C	C	C	C	C	C	A	A	L	C	A	A	A	A	A	A	B	B	C	C	C	C	C	C	A	A	A	A	B	B	B	B	B	B	C	C	A	A	A	A	A	A	B	B	B	B	C	C	C	C	C	C	A	A	B	B	B	B	B	B	C	C	C	C	A	A	A	A	L	A	B	B	C	C	C	C	A	A	B	B	B	B	C	C	A	A	A	A	B	B	C	C	C	C	A	A	B	B	B	B	C	C	A	A	A	A	B	B	C	C	C	C	A	A	B	B	B	B	C	C	B	A	C	B	L	L	L	L	L	L	L	L	L	L	L	L	L	L	L	L	L	L	L	L	L	L	L	L	L	L	L	L	L	L	L	L	L	L	L	L	L	L	L	L	G	C	G	L	C	A	L	L	C	C	C	L	A	B	B	B	B	C	C	A	A	L	A	B	B	C	C	A	A	B	B	C	C	A	A	B	B	C	C	A	A	B	B	C	L	L	L	L	L	L	L	L	L	L	L	L	L	L	L	L	L	L	L	L	L	L	L	L	L	L	L	L	L	L	L	L	L	L	L	L	L	L	L	L	L	L	L	L	L	L	L	L	L	L	L	L	L	L	L	L	L	L	L	L	L	L	L	L	L	L	L	L	L	L	L	L	L	L	L	L	L	L	L	L	L	
542	G	B	A	L	C	L	A	A	A	L	A	A	A	A	A	L	C	C	C	C	C	C	C	L	A	A	A	A	A	A	A	A	A	A	A	A	G	L	C	C	C	C	C	C	C	C	A	A	A	A	A	A	A	A	A	A	A	L	L	B	B	B	B	B	C	C	C	C	C	C	C	C	A	A	A	A	B	B	B	B	B	B	B	B	C	C	C	C	C	C	A	A	A	L	A	A	A	A	A	A	B	B	C	C	C	C	C	C	A	A	A	A	B	B	B	B	B	B	C	C	A	A	A	A	A	A	B	B	B	B	C	C	C	C	C	C	A	A	B	B	B	B	B	B	C	C	C	C	A	A	A	A	A	L	L	B	C	C	C	C	A	A	B	B	B	B	C	C	A	A	A	A	B	B	C	C	C	C	A	A	B	B	B	B	C	C	A	A	A	A	B	B	C	C	C	C	A	A	B	B	B	B	C	C	B	A	C	B	L	L	L	L	L	L	L	L	L	L	L	L	L	L	L	L	L	L	L	L	L	L	L	L	L	L	L	L	L	L	L	L	L	L	L	L	L	L	L	L	L	G	B	A	L	A	A	G	L	C	C	C	L	L	B	B	B	C	C	A	A	A	L	L	B	C	C	A	A	B	B	C	C	A	A	B	B	C	C	A	A	B	B	C	C	A	L	L	L	L	L	L	L	L	L	L	L	L	L	L	L	L	L	L	L	L	L	L	L	L	L	L	L	L	L	L	L	L	L	L	L	L	L	L	L	L	L	L	L	L	L	L	L	L	L	L	L	L	L	L	L	L	L	L	L	L	L	L	L	L	L	L	L	L	L	L	L	L	L	L	L	L	L	L	L	L	
543	G	C	G	L	C	L	A	A	A	L	A	A	A	A	A	L	C	C	C	C	C	C	C	L	A	A	A	A	A	A	A	A	A	A	A	B	B	L	C	C	C	C	C	C	C	A	A	A	A	A	A	A	A	A	A	A	A	G	L	B	B	B	B	C	C	C	C	C	C	C	C	A	A	A	A	B	B	B	B	B	B	B	B	C	C	C	C	C	C	A	A	A	A	L	A	A	A	A	A	B	B	C	C	C	C	C	C	A	A	A	A	B	B	B	B	B	B	C	C	A	A	A	A	A	A	B	B	B	B	C	C	C	C	C	C	A	A	B	B	B	B	B	B	C	C	C	C	A	A	A	A	A	A	G	L	L	C	C	C	A	A	B	B	B	B	C	C	A	A	A	A	B	B	C	C	C	C	A	A	B	B	B	B	C	C	A	A	A	A	B	B	C	C	C	C	A	A	B	B	B	B	C	C	B	A	C	B	L	L	L	L	L	L	L	L	L	L	L	L	L	L	L	L	L	L	L	L	L	L	L	L	L	L	L	L	L	L	L	L	L	L	L	L	L	L	L	L	L	L	G	C	G	L	A	B	B	L	C	C	C	A	L	B	B	C	C	A	A	A	A	G	L	L	C	A	A	B	B	C	C	A	A	B	B	C	C	A	A	B	B	C	C	A	A	G	L	L	L	L	L	L	L	L	L	L	L	L	L	L	L	L	L	L	L	L	L	L	L	L	L	L	L	L	L	L	L	L	L	L	L	L	L	L	L	L	L	L	L	L	L	L	L	L	L	L	L	L	L	L	L	L	L	L	L	L	L	L	L	L	L	L	L	L	L	L	L	L	L	L	L	L	L	L	L	
544	G	B	A	L	C	L	A	A	A	L	A	A	A	A	A	L	C	C	C	C	C	C	C	L	A	A	A	A	A	A	A	A	A	A	B	B	G	L	C	C	C	C	C	C	A	A	A	A	A	A	A	A	A	A	A	A	B	B	L	B	B	B	C	C	C	C	C	C	C	C	A	A	A	A	B	B	B	B	B	B	B	B	C	C	C	C	C	C	A	A	A	A	A	L	A	A	A	A	B	B	C	C	C	C	C	C	A	A	A	A	B	B	B	B	B	B	C	C	A	A	A	A	A	A	B	B	B	B	C	C	C	C	C	C	A	A	B	B	B	B	B	B	C	C	C	C	A	A	A	A	A	A	B	B	C	L	C	C	A	A	B	B	B	B	C	C	A	A	A	A	B	B	C	C	C	C	A	A	B	B	B	B	C	C	A	A	A	A	B	B	C	C	C	C	A	A	B	B	B	B	C	C	B	A	C	B	L	L	L	L	L	L	L	L	L	L	L	L	L	L	L	L	L	L	L	L	L	L	L	L	L	L	L	L	L	L	L	L	L	L	L	L	L	L	L	L	L	L	L	G	B	A	L	L	B	G	L	C	C	A	A	L	B	C	C	A	A	A	A	B	B	C	L	A	A	B	B	C	C	A	A	B	B	C	C	A	A	B	B	C	C	A	A	B	B	C	L	L	L	L	L	L	L	L	L	L	L	L	L	L	L	L	L	L	L	L	L	L	L	L	L	L	L	L	L	L	L	L	L	L	L	L	L	L	L	L	L	L	L	L	L	L	L	L	L	L	L	L	L	L	L	L	L	L	L	L	L	L	L	L	L	L	L	L	L	L	L	L	L	L	L	L	L	L	
545	G	C	G	L	C	L	A	A	A	L	A	A	A	A	A	L	C	C	C	C	C	C	C	L	A	A	A	A	A	A	A	A	A	B	B	B	B	L	C	C	C	C	C	A	A	A	A	A	A	A	A	A	A	A	A	B	B	G	L	B	B	C	C	C	C	C	C	C	C	A	A	A	A	B	B	B	B	B	B	B	B	C	C	C	C	C	C	A	A	A	A	A	A	L	A	A	A	B	B	C	C	C	C	C	C	A	A	A	A	B	B	B	B	B	B	C	C	A	A	A	A	A	A	B	B	B	B	C	C	C	C	C	C	A	A	B	B	B	B	B	B	C	C	C	C	A	A	A	A	A	A	B	B	C	C	L	C	A	A	B	B	B	B	C	C	A	A	A	A	B	B	C	C	C	C	A	A	B	B	B	B	C	C	A	A	A	A	B	B	C	C	C	C	A	A	B	B	B	B	C	C	B	A	C	B	L	L	L	L	L	L	L	L	L	L	L	L	L	L	L	L	L	L	L	L	L	L	L	L	L	L	L	L	L	L	L	L	L	L	L	L	L	L	L	L	L	L	L	L	G	C	G	G	L	B	B	L	C	A	A	A	L	L	C	A	A	A	A	B	B	C	C	L	A	B	B	C	C	A	A	B	B	C	C	A	A	B	B	C	C	A	A	B	B	C	C	A	L	L	L	L	L	L	L	L	L	L	L	L	L	L	L	L	L	L	L	L	L	L	L	L	L	L	L	L	L	L	L	L	L	L	L	L	L	L	L	L	L	L	L	L	L	L	L	L	L	L	L	L	L	L	L	L	L	L	L	L	L	L	L	L	L	L	L	L	L	L	L	L	L	L	L	L	L	
546	G	B	A	L	C	L	A	A	A	L	A	A	A	A	A	L	C	C	C	C	C	C	C	L	A	A	A	A	A	A	A	A	B	B	B	B	G	L	C	C	C	C	A	A	A	A	A	A	A	A	A	A	A	A	B	B	B	B	L	B	C	C	C	C	C	C	C	C	A	A	A	A	B	B	B	B	B	B	B	B	C	C	C	C	C	C	A	A	A	A	A	A	A	L	A	A	B	B	C	C	C	C	C	C	A	A	A	A	B	B	B	B	B	B	C	C	A	A	A	A	A	A	B	B	B	B	C	C	C	C	C	C	A	A	B	B	B	B	B	B	C	C	C	C	A	A	A	A	A	A	B	B	C	C	C	L	A	A	B	B	B	B	C	C	A	A	A	A	B	B	C	C	C	C	A	A	B	B	B	B	C	C	A	A	A	A	B	B	C	C	C	C	A	A	B	B	B	B	C	C	B	A	C	B	L	L	L	L	L	L	L	L	L	L	L	L	L	L	L	L	L	L	L	L	L	L	L	L	L	L	L	L	L	L	L	L	L	L	L	L	L	L	L	L	L	L	L	L	L	G	B	A	B	L	B	G	L	A	A	A	A	G	L	A	A	A	A	B	B	C	C	C	L	L	B	C	C	A	A	B	B	C	C	A	A	B	B	C	C	A	A	B	B	C	C	A	A	G	L	L	L	L	L	L	L	L	L	L	L	L	L	L	L	L	L	L	L	L	L	L	L	L	L	L	L	L	L	L	L	L	L	L	L	L	L	L	L	L	L	L	L	L	L	L	L	L	L	L	L	L	L	L	L	L	L	L	L	L	L	L	L	L	L	L	L	L	L	L	L	L	L	L	L	L	
547	G	C	G	L	C	L	A	A	A	L	A	A	A	A	A	L	C	C	C	C	C	C	C	L	A	A	A	A	A	A	A	B	B	B	B	B	B	L	C	C	C	A	A	A	A	A	A	A	A	A	A	A	A	B	B	B	B	G	L	L	C	C	C	C	C	C	C	A	A	A	A	B	B	B	B	B	B	B	B	C	C	C	C	C	C	A	A	A	A	A	A	A	A	L	A	B	B	C	C	C	C	C	C	A	A	A	A	B	B	B	B	B	B	C	C	A	A	A	A	A	A	B	B	B	B	C	C	C	C	C	C	A	A	B	B	B	B	B	B	C	C	C	C	A	A	A	A	A	A	B	B	C	C	C	C	L	A	B	B	B	B	C	C	A	A	A	A	B	B	C	C	C	C	A	A	B	B	B	B	C	C	A	A	A	A	B	B	C	C	C	C	A	A	B	B	B	B	C	C	B	A	C	B	L	L	L	L	L	L	L	L	L	L	L	L	L	L	L	L	L	L	L	L	L	L	L	L	L	L	L	L	L	L	L	L	L	L	L	L	L	L	L	L	L	L	L	L	L	L	G	C	G	G	L	B	B	L	A	A	A	B	B	L	A	A	A	B	B	C	C	C	C	A	L	L	C	A	A	B	B	C	C	A	A	B	B	C	C	A	A	B	B	C	C	A	A	B	B	C	L	L	L	L	L	L	L	L	L	L	L	L	L	L	L	L	L	L	L	L	L	L	L	L	L	L	L	L	L	L	L	L	L	L	L	L	L	L	L	L	L	L	L	L	L	L	L	L	L	L	L	L	L	L	L	L	L	L	L	L	L	L	L	L	L	L	L	L	L	L	L	L	L	L	L	
548	G	B	A	L	C	L	A	A	A	L	A	A	A	A	A	L	C	C	C	C	C	C	C	L	A	A	A	A	A	A	B	B	B	B	B	B	G	L	C	C	A	A	A	A	A	A	A	A	A	A	A	A	B	B	B	B	B	B	C	L	C	C	C	C	C	C	A	A	A	A	B	B	B	B	B	B	B	B	C	C	C	C	C	C	A	A	A	A	A	A	A	A	A	L	L	B	C	C	C	C	C	C	A	A	A	A	B	B	B	B	B	B	C	C	A	A	A	A	A	A	B	B	B	B	C	C	C	C	C	C	A	A	B	B	B	B	B	B	C	C	C	C	A	A	A	A	A	A	B	B	C	C	C	C	C	L	L	B	B	B	C	C	A	A	A	A	B	B	C	C	C	C	A	A	B	B	B	B	C	C	A	A	A	A	B	B	C	C	C	C	A	A	B	B	B	B	C	C	B	A	C	B	L	L	L	L	L	L	L	L	L	L	L	L	L	L	L	L	L	L	L	L	L	L	L	L	L	L	L	L	L	L	L	L	L	L	L	L	L	L	L	L	L	L	L	L	L	L	L	G	B	A	B	L	B	G	L	A	A	B	B	G	L	A	A	B	B	C	C	C	C	A	A	G	L	A	A	B	B	C	C	A	A	B	B	C	C	A	A	B	B	C	C	A	A	B	B	C	C	A	L	L	L	L	L	L	L	L	L	L	L	L	L	L	L	L	L	L	L	L	L	L	L	L	L	L	L	L	L	L	L	L	L	L	L	L	L	L	L	L	L	L	L	L	L	L	L	L	L	L	L	L	L	L	L	L	L	L	L	L	L	L	L	L	L	L	L	L	L	L	L	L	L	L	
549	G	C	G	L	C	L	A	A	A	L	A	A	A	A	A	L	C	C	C	C	C	C	C	L	A	A	A	A	A	B	B	B	B	B	B	B	B	L	C	A	A	A	A	A	A	A	A	A	A	A	A	B	B	B	B	B	B	C	C	L	C	C	C	C	C	A	A	A	A	B	B	B	B	B	B	B	B	C	C	C	C	C	C	A	A	A	A	A	A	A	A	A	A	G	L	L	C	C	C	C	C	A	A	A	A	B	B	B	B	B	B	C	C	A	A	A	A	A	A	B	B	B	B	C	C	C	C	C	C	A	A	B	B	B	B	B	B	C	C	C	C	A	A	A	A	A	A	B	B	C	C	C	C	C	C	A	L	B	B	C	C	A	A	A	A	B	B	C	C	C	C	A	A	B	B	B	B	C	C	A	A	A	A	B	B	C	C	C	C	A	A	B	B	B	B	C	C	B	A	C	B	L	L	L	L	L	L	L	L	L	L	L	L	L	L	L	L	L	L	L	L	L	L	L	L	L	L	L	L	L	L	L	L	L	L	L	L	L	L	L	L	L	L	L	L	L	L	L	L	G	C	G	G	L	B	B	L	A	B	B	B	B	L	A	B	B	C	C	C	C	A	A	B	B	L	A	B	B	C	C	A	A	B	B	C	C	A	A	B	B	C	C	A	A	B	B	C	C	A	A	G	L	L	L	L	L	L	L	L	L	L	L	L	L	L	L	L	L	L	L	L	L	L	L	L	L	L	L	L	L	L	L	L	L	L	L	L	L	L	L	L	L	L	L	L	L	L	L	L	L	L	L	L	L	L	L	L	L	L	L	L	L	L	L	L	L	L	L	L	L	L	L	L	L	
550	G	B	A	L	C	L	A	A	A	L	A	A	A	A	A	L	C	C	C	C	C	C	C	L	A	A	A	A	B	B	B	B	B	B	B	B	G	L	A	A	A	A	A	A	A	A	A	A	A	A	B	B	B	B	B	B	C	C	C	L	C	C	C	C	A	A	A	A	B	B	B	B	B	B	B	B	C	C	C	C	C	C	A	A	A	A	A	A	A	A	A	A	B	B	C	L	C	C	C	C	A	A	A	A	B	B	B	B	B	B	C	C	A	A	A	A	A	A	B	B	B	B	C	C	C	C	C	C	A	A	B	B	B	B	B	B	C	C	C	C	A	A	A	A	A	A	B	B	C	C	C	C	C	C	A	A	L	B	C	C	A	A	A	A	B	B	C	C	C	C	A	A	B	B	B	B	C	C	A	A	A	A	B	B	C	C	C	C	A	A	B	B	B	B	C	C	B	A	C	B	L	L	L	L	L	L	L	L	L	L	L	L	L	L	L	L	L	L	L	L	L	L	L	L	L	L	L	L	L	L	L	L	L	L	L	L	L	L	L	L	L	L	L	L	L	L	L	L	L	G	B	A	B	L	B	G	L	L	B	B	B	G	L	L	B	C	C	C	C	A	A	B	B	G	L	L	B	C	C	A	A	B	B	C	C	A	A	B	B	C	C	A	A	B	B	C	C	A	A	B	B	C	L	L	L	L	L	L	L	L	L	L	L	L	L	L	L	L	L	L	L	L	L	L	L	L	L	L	L	L	L	L	L	L	L	L	L	L	L	L	L	L	L	L	L	L	L	L	L	L	L	L	L	L	L	L	L	L	L	L	L	L	L	L	L	L	L	L	L	L	L	L	L	L	
551	G	C	G	L	C	L	A	A	A	L	A	A	A	A	A	L	C	C	C	C	C	C	C	L	A	A	A	B	B	B	B	B	B	B	B	B	B	L	A	A	A	A	A	A	A	A	A	A	A	B	B	B	B	B	B	C	C	C	C	L	C	C	C	A	A	A	A	B	B	B	B	B	B	B	B	C	C	C	C	C	C	A	A	A	A	A	A	A	A	A	A	B	B	C	C	L	C	C	C	A	A	A	A	B	B	B	B	B	B	C	C	A	A	A	A	A	A	B	B	B	B	C	C	C	C	C	C	A	A	B	B	B	B	B	B	C	C	C	C	A	A	A	A	A	A	B	B	C	C	C	C	C	C	A	A	A	L	L	C	A	A	A	A	B	B	C	C	C	C	A	A	B	B	B	B	C	C	A	A	A	A	B	B	C	C	C	C	A	A	B	B	B	B	C	C	B	A	C	B	L	L	L	L	L	L	L	L	L	L	L	L	L	L	L	L	L	L	L	L	L	L	L	L	L	L	L	L	L	L	L	L	L	L	L	L	L	L	L	L	L	L	L	L	L	L	L	L	L	L	G	C	G	G	L	B	B	C	L	B	B	B	B	C	L	L	C	C	C	A	A	B	B	B	B	C	L	L	C	A	A	B	B	C	C	A	A	B	B	C	C	A	A	B	B	C	C	A	A	B	B	C	C	A	L	L	L	L	L	L	L	L	L	L	L	L	L	L	L	L	L	L	L	L	L	L	L	L	L	L	L	L	L	L	L	L	L	L	L	L	L	L	L	L	L	L	L	L	L	L	L	L	L	L	L	L	L	L	L	L	L	L	L	L	L	L	L	L	L	L	L	L	L	L	L	
552	G	B	A	L	C	L	A	A	A	L	A	A	A	A	A	L	C	C	C	C	C	C	C	L	A	A	B	B	B	B	B	B	B	B	B	B	G	L	A	A	A	A	A	A	A	A	A	A	B	B	B	B	B	B	C	C	C	C	C	L	C	C	A	A	A	A	B	B	B	B	B	B	B	B	C	C	C	C	C	C	A	A	A	A	A	A	A	A	A	A	B	B	C	C	C	L	C	C	A	A	A	A	B	B	B	B	B	B	C	C	A	A	A	A	A	A	B	B	B	B	C	C	C	C	C	C	A	A	B	B	B	B	B	B	C	C	C	C	A	A	A	A	A	A	B	B	C	C	C	C	C	C	A	A	A	A	G	L	A	A	A	A	B	B	C	C	C	C	A	A	B	B	B	B	C	C	A	A	A	A	B	B	C	C	C	C	A	A	B	B	B	B	C	C	B	A	C	B	L	L	L	L	L	L	L	L	L	L	L	L	L	L	L	L	L	L	L	L	L	L	L	L	L	L	L	L	L	L	L	L	L	L	L	L	L	L	L	L	L	L	L	L	L	L	L	L	L	L	L	G	B	A	B	L	B	C	C	L	B	B	B	C	C	A	L	C	C	A	A	B	B	B	B	C	C	A	L	A	A	B	B	C	C	A	A	B	B	C	C	A	A	B	B	C	C	A	A	B	B	C	C	A	A	G	L	L	L	L	L	L	L	L	L	L	L	L	L	L	L	L	L	L	L	L	L	L	L	L	L	L	L	L	L	L	L	L	L	L	L	L	L	L	L	L	L	L	L	L	L	L	L	L	L	L	L	L	L	L	L	L	L	L	L	L	L	L	L	L	L	L	L	L	L	L	
553	G	C	G	L	C	L	A	A	A	L	A	A	A	A	A	L	C	C	C	C	C	C	C	L	A	B	B	B	B	B	B	B	B	B	B	B	B	L	A	A	A	A	A	A	A	A	A	B	B	B	B	B	B	C	C	C	C	C	C	L	C	A	A	A	A	B	B	B	B	B	B	B	B	C	C	C	C	C	C	A	A	A	A	A	A	A	A	A	A	B	B	C	C	C	C	L	C	A	A	A	A	B	B	B	B	B	B	C	C	A	A	A	A	A	A	B	B	B	B	C	C	C	C	C	C	A	A	B	B	B	B	B	B	C	C	C	C	A	A	A	A	A	A	B	B	C	C	C	C	C	C	A	A	A	A	B	B	L	A	A	A	B	B	C	C	C	C	A	A	B	B	B	B	C	C	A	A	A	A	B	B	C	C	C	C	A	A	B	B	B	B	C	C	B	A	C	B	L	L	L	L	L	L	L	L	L	L	L	L	L	L	L	L	L	L	L	L	L	L	L	L	L	L	L	L	L	L	L	L	L	L	L	L	L	L	L	L	L	L	L	L	L	L	L	L	L	L	L	L	G	C	G	G	L	L	C	C	L	B	B	C	C	A	A	L	C	A	A	B	B	B	B	C	C	A	A	L	A	B	B	C	C	A	A	B	B	C	C	A	A	B	B	C	C	A	A	B	B	C	C	A	A	B	B	C	L	L	L	L	L	L	L	L	L	L	L	L	L	L	L	L	L	L	L	L	L	L	L	L	L	L	L	L	L	L	L	L	L	L	L	L	L	L	L	L	L	L	L	L	L	L	L	L	L	L	L	L	L	L	L	L	L	L	L	L	L	L	L	L	L	L	L	L	L	
554	G	B	A	L	C	L	A	A	A	L	A	A	A	A	A	L	C	C	C	C	C	C	C	L	L	B	B	B	B	B	B	B	B	B	B	B	G	L	A	A	A	A	A	A	A	A	B	B	B	B	B	B	C	C	C	C	C	C	C	L	A	A	A	A	B	B	B	B	B	B	B	B	C	C	C	C	C	C	A	A	A	A	A	A	A	A	A	A	B	B	C	C	C	C	C	L	A	A	A	A	B	B	B	B	B	B	C	C	A	A	A	A	A	A	B	B	B	B	C	C	C	C	C	C	A	A	B	B	B	B	B	B	C	C	C	C	A	A	A	A	A	A	B	B	C	C	C	C	C	C	A	A	A	A	B	B	G	L	A	A	B	B	C	C	C	C	A	A	B	B	B	B	C	C	A	A	A	A	B	B	C	C	C	C	A	A	B	B	B	B	C	C	B	A	C	B	L	L	L	L	L	L	L	L	L	L	L	L	L	L	L	L	L	L	L	L	L	L	L	L	L	L	L	L	L	L	L	L	L	L	L	L	L	L	L	L	L	L	L	L	L	L	L	L	L	L	L	L	L	G	B	A	B	C	L	C	C	L	B	C	C	A	A	A	L	A	A	B	B	B	B	C	C	A	A	A	L	L	B	C	C	A	A	B	B	C	C	A	A	B	B	C	C	A	A	B	B	C	C	A	A	B	B	C	C	A	L	L	L	L	L	L	L	L	L	L	L	L	L	L	L	L	L	L	L	L	L	L	L	L	L	L	L	L	L	L	L	L	L	L	L	L	L	L	L	L	L	L	L	L	L	L	L	L	L	L	L	L	L	L	L	L	L	L	L	L	L	L	L	L	L	L	L	L	
555	G	C	G	L	C	L	A	A	A	L	A	A	A	A	A	L	C	C	C	C	C	C	C	A	L	B	B	B	B	B	B	B	B	B	B	B	B	L	A	A	A	A	A	A	A	B	B	B	B	B	B	C	C	C	C	C	C	C	C	L	A	A	A	B	B	B	B	B	B	B	B	C	C	C	C	C	C	A	A	A	A	A	A	A	A	A	A	B	B	C	C	C	C	C	C	L	A	A	A	B	B	B	B	B	B	C	C	A	A	A	A	A	A	B	B	B	B	C	C	C	C	C	C	A	A	B	B	B	B	B	B	C	C	C	C	A	A	A	A	A	A	B	B	C	C	C	C	C	C	A	A	A	A	B	B	B	B	L	A	B	B	C	C	C	C	A	A	B	B	B	B	C	C	A	A	A	A	B	B	C	C	C	C	A	A	B	B	B	B	C	C	B	A	C	B	L	L	L	L	L	L	L	L	L	L	L	L	L	L	L	L	L	L	L	L	L	L	L	L	L	L	L	L	L	L	L	L	L	L	L	L	L	L	L	L	L	L	L	L	L	L	L	L	L	L	L	L	L	L	G	C	G	L	C	L	C	C	L	L	C	A	A	A	A	L	A	B	B	B	B	C	C	A	A	A	A	G	L	L	C	A	A	B	B	C	C	A	A	B	B	C	C	A	A	B	B	C	C	A	A	B	B	C	C	A	A	G	L	L	L	L	L	L	L	L	L	L	L	L	L	L	L	L	L	L	L	L	L	L	L	L	L	L	L	L	L	L	L	L	L	L	L	L	L	L	L	L	L	L	L	L	L	L	L	L	L	L	L	L	L	L	L	L	L	L	L	L	L	L	L	L	L	L	L	
556	G	B	A	L	C	L	A	A	A	L	A	A	A	A	A	L	C	C	C	C	C	C	A	A	L	B	B	B	B	B	B	B	B	B	B	B	G	L	A	A	A	A	A	A	B	B	B	B	B	B	C	C	C	C	C	C	C	C	C	L	A	A	B	B	B	B	B	B	B	B	C	C	C	C	C	C	A	A	A	A	A	A	A	A	A	A	B	B	C	C	C	C	C	C	C	L	A	A	B	B	B	B	B	B	C	C	A	A	A	A	A	A	B	B	B	B	C	C	C	C	C	C	A	A	B	B	B	B	B	B	C	C	C	C	A	A	A	A	A	A	B	B	C	C	C	C	C	C	A	A	A	A	B	B	B	B	G	L	L	B	C	C	C	C	A	A	B	B	B	B	C	C	A	A	A	A	B	B	C	C	C	C	A	A	B	B	B	B	C	C	B	A	C	B	L	L	L	L	L	L	L	L	L	L	L	L	L	L	L	L	L	L	L	L	L	L	L	L	L	L	L	L	L	L	L	L	L	L	L	L	L	L	L	L	L	L	L	L	L	L	L	L	L	L	L	L	L	L	L	G	B	A	L	C	L	C	C	A	L	A	A	A	A	A	L	L	B	B	B	C	C	A	A	A	A	B	B	C	L	A	A	B	B	C	C	A	A	B	B	C	C	A	A	B	B	C	C	A	A	B	B	C	C	A	A	B	B	C	L	L	L	L	L	L	L	L	L	L	L	L	L	L	L	L	L	L	L	L	L	L	L	L	L	L	L	L	L	L	L	L	L	L	L	L	L	L	L	L	L	L	L	L	L	L	L	L	L	L	L	L	L	L	L	L	L	L	L	L	L	L	L	L	L	L	
557	G	C	G	L	C	L	A	A	A	L	A	A	A	A	A	L	C	C	C	C	C	A	A	A	L	B	B	B	B	B	B	B	B	B	B	B	B	L	A	A	A	A	A	B	B	B	B	B	B	C	C	C	C	C	C	C	C	C	C	L	A	B	B	B	B	B	B	B	B	C	C	C	C	C	C	A	A	A	A	A	A	A	A	A	A	B	B	C	C	C	C	C	C	C	C	L	A	B	B	B	B	B	B	C	C	A	A	A	A	A	A	B	B	B	B	C	C	C	C	C	C	A	A	B	B	B	B	B	B	C	C	C	C	A	A	A	A	A	A	B	B	C	C	C	C	C	C	A	A	A	A	B	B	B	B	B	B	C	L	L	C	C	C	A	A	B	B	B	B	C	C	A	A	A	A	B	B	C	C	C	C	A	A	B	B	B	B	C	C	B	A	C	B	L	L	L	L	L	L	L	L	L	L	L	L	L	L	L	L	L	L	L	L	L	L	L	L	L	L	L	L	L	L	L	L	L	L	L	L	L	L	L	L	L	L	L	L	L	L	L	L	L	L	L	L	L	L	L	L	G	C	G	L	C	L	C	A	A	L	A	A	A	A	A	G	L	B	B	C	C	A	A	A	A	B	B	C	C	L	A	B	B	C	C	A	A	B	B	C	C	A	A	B	B	C	C	A	A	B	B	C	C	A	A	B	B	C	C	A	L	L	L	L	L	L	L	L	L	L	L	L	L	L	L	L	L	L	L	L	L	L	L	L	L	L	L	L	L	L	L	L	L	L	L	L	L	L	L	L	L	L	L	L	L	L	L	L	L	L	L	L	L	L	L	L	L	L	L	L	L	L	L	L	L	
558	G	B	A	L	C	L	A	A	A	L	A	A	A	A	A	L	C	C	C	C	A	A	A	A	L	B	B	B	B	B	B	B	B	B	B	B	G	L	A	A	A	A	B	B	B	B	B	B	C	C	C	C	C	C	C	C	C	C	C	L	L	B	B	B	B	B	B	B	C	C	C	C	C	C	A	A	A	A	A	A	A	A	A	A	B	B	C	C	C	C	C	C	C	C	C	L	L	B	B	B	B	B	C	C	A	A	A	A	A	A	B	B	B	B	C	C	C	C	C	C	A	A	B	B	B	B	B	B	C	C	C	C	A	A	A	A	A	A	B	B	C	C	C	C	C	C	A	A	A	A	B	B	B	B	B	B	C	C	A	L	C	C	A	A	B	B	B	B	C	C	A	A	A	A	B	B	C	C	C	C	A	A	B	B	B	B	C	C	B	A	C	B	L	L	L	L	L	L	L	L	L	L	L	L	L	L	L	L	L	L	L	L	L	L	L	L	L	L	L	L	L	L	L	L	L	L	L	L	L	L	L	L	L	L	L	L	L	L	L	L	L	L	L	L	L	L	L	L	L	G	B	A	L	C	L	A	A	A	L	A	A	A	A	B	B	L	B	C	C	A	A	A	A	B	B	C	C	C	L	L	B	C	C	A	A	B	B	C	C	A	A	B	B	C	C	A	A	B	B	C	C	A	A	B	B	C	C	A	A	G	L	L	L	L	L	L	L	L	L	L	L	L	L	L	L	L	L	L	L	L	L	L	L	L	L	L	L	L	L	L	L	L	L	L	L	L	L	L	L	L	L	L	L	L	L	L	L	L	L	L	L	L	L	L	L	L	L	L	L	L	L	L	L	L	
559	G	C	G	L	C	L	A	A	A	L	A	A	A	A	A	L	C	C	C	A	A	A	A	A	L	B	B	B	B	B	B	B	B	B	B	B	B	L	A	A	A	B	B	B	B	B	B	C	C	C	C	C	C	C	C	C	C	C	C	A	L	B	B	B	B	B	B	C	C	C	C	C	C	A	A	A	A	A	A	A	A	A	A	B	B	C	C	C	C	C	C	C	C	C	C	A	L	B	B	B	B	C	C	A	A	A	A	A	A	B	B	B	B	C	C	C	C	C	C	A	A	B	B	B	B	B	B	C	C	C	C	A	A	A	A	A	A	B	B	C	C	C	C	C	C	A	A	A	A	B	B	B	B	B	B	C	C	A	A	L	C	A	A	B	B	B	B	C	C	A	A	A	A	B	B	C	C	C	C	A	A	B	B	B	B	C	C	B	A	C	B	L	L	L	L	L	L	L	L	L	L	L	L	L	L	L	L	L	L	L	L	L	L	L	L	L	L	L	L	L	L	L	L	L	L	L	L	L	L	L	L	L	L	L	L	L	L	L	L	L	L	L	L	L	L	L	L	L	L	G	C	G	L	C	L	A	A	A	L	A	A	A	B	B	G	L	L	C	A	A	A	A	B	B	C	C	C	C	A	L	L	C	A	A	B	B	C	C	A	A	B	B	C	C	A	A	B	B	C	C	A	A	B	B	C	C	A	A	B	B	C	L	L	L	L	L	L	L	L	L	L	L	L	L	L	L	L	L	L	L	L	L	L	L	L	L	L	L	L	L	L	L	L	L	L	L	L	L	L	L	L	L	L	L	L	L	L	L	L	L	L	L	L	L	L	L	L	L	L	L	L	L	L	L	
560	G	B	A	L	C	L	A	A	A	L	A	A	A	A	A	L	C	C	A	A	A	A	A	A	L	B	B	B	B	B	B	B	B	B	B	B	G	L	A	A	B	B	B	B	B	B	C	C	C	C	C	C	C	C	C	C	C	C	A	A	L	B	B	B	B	B	C	C	C	C	C	C	A	A	A	A	A	A	A	A	A	A	B	B	C	C	C	C	C	C	C	C	C	C	A	A	L	B	B	B	C	C	A	A	A	A	A	A	B	B	B	B	C	C	C	C	C	C	A	A	B	B	B	B	B	B	C	C	C	C	A	A	A	A	A	A	B	B	C	C	C	C	C	C	A	A	A	A	B	B	B	B	B	B	C	C	A	A	A	L	A	A	B	B	B	B	C	C	A	A	A	A	B	B	C	C	C	C	A	A	B	B	B	B	C	C	B	A	C	B	L	L	L	L	L	L	L	L	L	L	L	L	L	L	L	L	L	L	L	L	L	L	L	L	L	L	L	L	L	L	L	L	L	L	L	L	L	L	L	L	L	L	L	L	L	L	L	L	L	L	L	L	L	L	L	L	L	L	L	G	B	A	L	C	L	A	A	A	L	A	A	B	B	B	B	C	L	A	A	A	A	B	B	C	C	C	C	A	A	G	L	A	A	B	B	C	C	A	A	B	B	C	C	A	A	B	B	C	C	A	A	B	B	C	C	A	A	B	B	C	C	A	L	L	L	L	L	L	L	L	L	L	L	L	L	L	L	L	L	L	L	L	L	L	L	L	L	L	L	L	L	L	L	L	L	L	L	L	L	L	L	L	L	L	L	L	L	L	L	L	L	L	L	L	L	L	L	L	L	L	L	L	L	L	
561	G	C	G	L	C	L	A	A	A	L	A	A	A	A	A	L	C	A	A	A	A	A	A	A	L	B	B	B	B	B	B	B	B	B	B	B	B	L	A	B	B	B	B	B	B	C	C	C	C	C	C	C	C	C	C	C	C	A	A	A	L	B	B	B	B	C	C	C	C	C	C	A	A	A	A	A	A	A	A	A	A	B	B	C	C	C	C	C	C	C	C	C	C	A	A	A	L	B	B	C	C	A	A	A	A	A	A	B	B	B	B	C	C	C	C	C	C	A	A	B	B	B	B	B	B	C	C	C	C	A	A	A	A	A	A	B	B	C	C	C	C	C	C	A	A	A	A	B	B	B	B	B	B	C	C	A	A	A	A	L	A	B	B	B	B	C	C	A	A	A	A	B	B	C	C	C	C	A	A	B	B	B	B	C	C	B	A	C	B	L	L	L	L	L	L	L	L	L	L	L	L	L	L	L	L	L	L	L	L	L	L	L	L	L	L	L	L	L	L	L	L	L	L	L	L	L	L	L	L	L	L	L	L	L	L	L	L	L	L	L	L	L	L	L	L	L	L	L	L	G	C	G	L	C	L	A	A	A	L	A	B	B	B	B	C	C	L	A	A	A	B	B	C	C	C	C	A	A	B	B	L	A	B	B	C	C	A	A	B	B	C	C	A	A	B	B	C	C	A	A	B	B	C	C	A	A	B	B	C	C	A	A	G	L	L	L	L	L	L	L	L	L	L	L	L	L	L	L	L	L	L	L	L	L	L	L	L	L	L	L	L	L	L	L	L	L	L	L	L	L	L	L	L	L	L	L	L	L	L	L	L	L	L	L	L	L	L	L	L	L	L	L	L	L	
562	G	B	A	L	C	L	A	A	A	L	A	A	A	A	A	L	A	A	A	A	A	A	A	A	L	B	B	B	B	B	B	B	B	B	B	B	G	L	L	B	B	B	B	B	C	C	C	C	C	C	C	C	C	C	C	C	A	A	A	A	L	B	B	B	C	C	C	C	C	C	A	A	A	A	A	A	A	A	A	A	B	B	C	C	C	C	C	C	C	C	C	C	A	A	A	A	L	B	C	C	A	A	A	A	A	A	B	B	B	B	C	C	C	C	C	C	A	A	B	B	B	B	B	B	C	C	C	C	A	A	A	A	A	A	B	B	C	C	C	C	C	C	A	A	A	A	B	B	B	B	B	B	C	C	A	A	A	A	A	L	L	B	B	B	C	C	A	A	A	A	B	B	C	C	C	C	A	A	B	B	B	B	C	C	B	A	C	B	L	L	L	L	L	L	L	L	L	L	L	L	L	L	L	L	L	L	L	L	L	L	L	L	L	L	L	L	L	L	L	L	L	L	L	L	L	L	L	L	L	L	L	L	L	L	L	L	L	L	L	L	L	L	L	L	L	L	L	L	L	G	B	A	L	C	L	A	A	A	L	L	B	B	B	C	C	C	L	A	A	B	B	C	C	C	C	A	A	B	B	G	L	L	B	C	C	A	A	B	B	C	C	A	A	B	B	C	C	A	A	B	B	C	C	A	A	B	B	C	C	A	A	B	B	C	L	L	L	L	L	L	L	L	L	L	L	L	L	L	L	L	L	L	L	L	L	L	L	L	L	L	L	L	L	L	L	L	L	L	L	L	L	L	L	L	L	L	L	L	L	L	L	L	L	L	L	L	L	L	L	L	L	L	L	L	
563	G	C	G	L	C	L	A	A	A	L	A	A	A	A	A	L	A	A	A	A	A	A	A	A	L	B	B	B	B	B	B	B	B	B	B	B	B	C	L	B	B	B	B	C	C	C	C	C	C	C	C	C	C	C	C	A	A	A	A	A	L	B	B	C	C	C	C	C	C	A	A	A	A	A	A	A	A	A	A	B	B	C	C	C	C	C	C	C	C	C	C	A	A	A	A	A	L	L	C	A	A	A	A	A	A	B	B	B	B	C	C	C	C	C	C	A	A	B	B	B	B	B	B	C	C	C	C	A	A	A	A	A	A	B	B	C	C	C	C	C	C	A	A	A	A	B	B	B	B	B	B	C	C	A	A	A	A	A	A	G	L	B	B	C	C	A	A	A	A	B	B	C	C	C	C	A	A	B	B	B	B	C	C	B	A	C	B	L	L	L	L	L	L	L	L	L	L	L	L	L	L	L	L	L	L	L	L	L	L	L	L	L	L	L	L	L	L	L	L	L	L	L	L	L	L	L	L	L	L	L	L	L	L	L	L	L	L	L	L	L	L	L	L	L	L	L	L	L	L	G	C	G	L	C	L	A	A	A	G	L	B	B	C	C	C	C	L	A	B	B	C	C	C	C	A	A	B	B	B	B	C	L	L	C	A	A	B	B	C	C	A	A	B	B	C	C	A	A	B	B	C	C	A	A	B	B	C	C	A	A	B	B	C	C	A	L	L	L	L	L	L	L	L	L	L	L	L	L	L	L	L	L	L	L	L	L	L	L	L	L	L	L	L	L	L	L	L	L	L	L	L	L	L	L	L	L	L	L	L	L	L	L	L	L	L	L	L	L	L	L	L	L	L	L	
564	G	B	A	L	C	L	A	A	A	L	A	A	A	A	A	L	A	A	A	A	A	A	A	A	L	B	B	B	B	B	B	B	B	B	B	B	C	C	L	B	B	B	C	C	C	C	C	C	C	C	C	C	C	C	A	A	A	A	A	A	L	B	C	C	C	C	C	C	A	A	A	A	A	A	A	A	A	A	B	B	C	C	C	C	C	C	C	C	C	C	A	A	A	A	A	A	G	L	A	A	A	A	A	A	B	B	B	B	C	C	C	C	C	C	A	A	B	B	B	B	B	B	C	C	C	C	A	A	A	A	A	A	B	B	C	C	C	C	C	C	A	A	A	A	B	B	B	B	B	B	C	C	A	A	A	A	A	A	B	B	L	B	C	C	A	A	A	A	B	B	C	C	C	C	A	A	B	B	B	B	C	C	B	A	C	B	L	L	L	L	L	L	L	L	L	L	L	L	L	L	L	L	L	L	L	L	L	L	L	L	L	L	L	L	L	L	L	L	L	L	L	L	L	L	L	L	L	L	L	L	L	L	L	L	L	L	L	L	L	L	L	L	L	L	L	L	L	L	L	G	B	A	L	C	L	A	A	B	B	L	B	C	C	C	C	C	L	L	B	C	C	C	C	A	A	B	B	B	B	C	C	A	L	A	A	B	B	C	C	A	A	B	B	C	C	A	A	B	B	C	C	A	A	B	B	C	C	A	A	B	B	C	C	A	A	G	L	L	L	L	L	L	L	L	L	L	L	L	L	L	L	L	L	L	L	L	L	L	L	L	L	L	L	L	L	L	L	L	L	L	L	L	L	L	L	L	L	L	L	L	L	L	L	L	L	L	L	L	L	L	L	L	L	L	
565	G	C	G	L	C	L	A	A	A	L	A	A	A	A	A	L	A	A	A	A	A	A	A	A	L	B	B	B	B	B	B	B	B	B	B	C	C	C	L	B	B	C	C	C	C	C	C	C	C	C	C	C	C	A	A	A	A	A	A	A	L	L	C	C	C	C	C	A	A	A	A	A	A	A	A	A	A	B	B	C	C	C	C	C	C	C	C	C	C	A	A	A	A	A	A	B	B	L	A	A	A	A	A	B	B	B	B	C	C	C	C	C	C	A	A	B	B	B	B	B	B	C	C	C	C	A	A	A	A	A	A	B	B	C	C	C	C	C	C	A	A	A	A	B	B	B	B	B	B	C	C	A	A	A	A	A	A	B	B	G	L	L	C	A	A	A	A	B	B	C	C	C	C	A	A	B	B	B	B	C	C	B	A	C	B	L	L	L	L	L	L	L	L	L	L	L	L	L	L	L	L	L	L	L	L	L	L	L	L	L	L	L	L	L	L	L	L	L	L	L	L	L	L	L	L	L	L	L	L	L	L	L	L	L	L	L	L	L	L	L	L	L	L	L	L	L	L	L	L	G	C	G	L	C	L	A	B	B	G	L	L	C	C	C	C	C	A	L	L	C	C	C	A	A	B	B	B	B	C	C	A	A	L	A	B	B	C	C	A	A	B	B	C	C	A	A	B	B	C	C	A	A	B	B	C	C	A	A	B	B	C	C	A	A	B	B	C	L	L	L	L	L	L	L	L	L	L	L	L	L	L	L	L	L	L	L	L	L	L	L	L	L	L	L	L	L	L	L	L	L	L	L	L	L	L	L	L	L	L	L	L	L	L	L	L	L	L	L	L	L	L	L	L	L	
566	G	B	A	L	C	L	A	A	A	L	A	A	A	A	A	L	A	A	A	A	A	A	A	A	L	B	B	B	B	B	B	B	B	B	C	C	C	C	L	B	C	C	C	C	C	C	C	C	C	C	C	C	A	A	A	A	A	A	A	A	G	L	C	C	C	C	A	A	A	A	A	A	A	A	A	A	B	B	C	C	C	C	C	C	C	C	C	C	A	A	A	A	A	A	B	B	G	L	A	A	A	A	B	B	B	B	C	C	C	C	C	C	A	A	B	B	B	B	B	B	C	C	C	C	A	A	A	A	A	A	B	B	C	C	C	C	C	C	A	A	A	A	B	B	B	B	B	B	C	C	A	A	A	A	A	A	B	B	B	B	C	L	A	A	A	A	B	B	C	C	C	C	A	A	B	B	B	B	C	C	B	A	C	B	L	L	L	L	L	L	L	L	L	L	L	L	L	L	L	L	L	L	L	L	L	L	L	L	L	L	L	L	L	L	L	L	L	L	L	L	L	L	L	L	L	L	L	L	L	L	L	L	L	L	L	L	L	L	L	L	L	L	L	L	L	L	L	L	L	G	B	A	L	C	L	L	B	B	B	C	L	C	C	C	C	A	A	G	L	C	C	A	A	B	B	B	B	C	C	A	A	A	L	L	B	C	C	A	A	B	B	C	C	A	A	B	B	C	C	A	A	B	B	C	C	A	A	B	B	C	C	A	A	B	B	C	C	A	L	L	L	L	L	L	L	L	L	L	L	L	L	L	L	L	L	L	L	L	L	L	L	L	L	L	L	L	L	L	L	L	L	L	L	L	L	L	L	L	L	L	L	L	L	L	L	L	L	L	L	L	L	L	L	L	
567	G	C	G	L	C	L	A	A	A	L	A	A	A	A	A	L	A	A	A	A	A	A	A	A	L	B	B	B	B	B	B	B	B	C	C	C	C	C	L	L	C	C	C	C	C	C	C	C	C	C	C	A	A	A	A	A	A	A	A	B	B	L	C	C	C	A	A	A	A	A	A	A	A	A	A	B	B	C	C	C	C	C	C	C	C	C	C	A	A	A	A	A	A	B	B	B	B	L	A	A	A	B	B	B	B	C	C	C	C	C	C	A	A	B	B	B	B	B	B	C	C	C	C	A	A	A	A	A	A	B	B	C	C	C	C	C	C	A	A	A	A	B	B	B	B	B	B	C	C	A	A	A	A	A	A	B	B	B	B	C	C	L	A	A	A	B	B	C	C	C	C	A	A	B	B	B	B	C	C	B	A	C	B	L	L	L	L	L	L	L	L	L	L	L	L	L	L	L	L	L	L	L	L	L	L	L	L	L	L	L	L	L	L	L	L	L	L	L	L	L	L	L	L	L	L	L	L	L	L	L	L	L	L	L	L	L	L	L	L	L	L	L	L	L	L	L	L	L	L	G	C	G	L	C	A	L	B	B	C	C	L	C	C	C	A	A	B	B	L	C	A	A	B	B	B	B	C	C	A	A	A	A	G	L	L	C	A	A	B	B	C	C	A	A	B	B	C	C	A	A	B	B	C	C	A	A	B	B	C	C	A	A	B	B	C	C	A	A	G	L	L	L	L	L	L	L	L	L	L	L	L	L	L	L	L	L	L	L	L	L	L	L	L	L	L	L	L	L	L	L	L	L	L	L	L	L	L	L	L	L	L	L	L	L	L	L	L	L	L	L	L	L	L	L	
568	G	B	A	L	C	L	A	A	A	L	A	A	A	A	A	L	A	A	A	A	A	A	A	A	L	B	B	B	B	B	B	B	C	C	C	C	C	C	A	L	C	C	C	C	C	C	C	C	C	C	A	A	A	A	A	A	A	A	B	B	G	L	C	C	A	A	A	A	A	A	A	A	A	A	B	B	C	C	C	C	C	C	C	C	C	C	A	A	A	A	A	A	B	B	B	B	G	L	A	A	B	B	B	B	C	C	C	C	C	C	A	A	B	B	B	B	B	B	C	C	C	C	A	A	A	A	A	A	B	B	C	C	C	C	C	C	A	A	A	A	B	B	B	B	B	B	C	C	A	A	A	A	A	A	B	B	B	B	C	C	C	L	A	A	B	B	C	C	C	C	A	A	B	B	B	B	C	C	B	A	C	B	L	L	L	L	L	L	L	L	L	L	L	L	L	L	L	L	L	L	L	L	L	L	L	L	L	L	L	L	L	L	L	L	L	L	L	L	L	L	L	L	L	L	L	L	L	L	L	L	L	L	L	L	L	L	L	L	L	L	L	L	L	L	L	L	L	L	L	G	B	A	L	A	A	L	B	C	C	C	L	C	C	A	A	B	B	G	L	A	A	B	B	B	B	C	C	A	A	A	A	B	B	C	L	A	A	B	B	C	C	A	A	B	B	C	C	A	A	B	B	C	C	A	A	B	B	C	C	A	A	B	B	C	C	A	A	B	B	C	L	L	L	L	L	L	L	L	L	L	L	L	L	L	L	L	L	L	L	L	L	L	L	L	L	L	L	L	L	L	L	L	L	L	L	L	L	L	L	L	L	L	L	L	L	L	L	L	L	L	L	L	L	L	
569	G	C	G	L	C	L	A	A	A	L	A	A	A	A	A	L	A	A	A	A	A	A	A	A	L	B	B	B	B	B	B	C	C	C	C	C	C	A	A	L	C	C	C	C	C	C	C	C	C	A	A	A	A	A	A	A	A	B	B	B	B	L	C	A	A	A	A	A	A	A	A	A	A	B	B	C	C	C	C	C	C	C	C	C	C	A	A	A	A	A	A	B	B	B	B	B	B	L	A	B	B	B	B	C	C	C	C	C	C	A	A	B	B	B	B	B	B	C	C	C	C	A	A	A	A	A	A	B	B	C	C	C	C	C	C	A	A	A	A	B	B	B	B	B	B	C	C	A	A	A	A	A	A	B	B	B	B	C	C	C	C	L	A	B	B	C	C	C	C	A	A	B	B	B	B	C	C	B	A	C	B	L	L	L	L	L	L	L	L	L	L	L	L	L	L	L	L	L	L	L	L	L	L	L	L	L	L	L	L	L	L	L	L	L	L	L	L	L	L	L	L	L	L	L	L	L	L	L	L	L	L	L	L	L	L	L	L	L	L	L	L	L	L	L	L	L	L	L	L	G	C	G	L	A	A	L	L	C	C	C	L	C	A	A	B	B	B	B	L	A	B	B	B	B	C	C	A	A	A	A	B	B	C	C	L	A	B	B	C	C	A	A	B	B	C	C	A	A	B	B	C	C	A	A	B	B	C	C	A	A	B	B	C	C	A	A	B	B	C	C	A	L	L	L	L	L	L	L	L	L	L	L	L	L	L	L	L	L	L	L	L	L	L	L	L	L	L	L	L	L	L	L	L	L	L	L	L	L	L	L	L	L	L	L	L	L	L	L	L	L	L	L	L	L	
570	G	B	A	L	C	L	A	A	A	L	A	A	A	A	A	L	A	A	A	A	A	A	A	A	L	B	B	B	B	B	C	C	C	C	C	C	A	A	A	L	C	C	C	C	C	C	C	C	A	A	A	A	A	A	A	A	B	B	B	B	G	L	A	A	A	A	A	A	A	A	A	A	B	B	C	C	C	C	C	C	C	C	C	C	A	A	A	A	A	A	B	B	B	B	B	B	G	L	L	B	B	B	C	C	C	C	C	C	A	A	B	B	B	B	B	B	C	C	C	C	A	A	A	A	A	A	B	B	C	C	C	C	C	C	A	A	A	A	B	B	B	B	B	B	C	C	A	A	A	A	A	A	B	B	B	B	C	C	C	C	C	L	L	B	C	C	C	C	A	A	B	B	B	B	C	C	B	A	C	B	L	L	L	L	L	L	L	L	L	L	L	L	L	L	L	L	L	L	L	L	L	L	L	L	L	L	L	L	L	L	L	L	L	L	L	L	L	L	L	L	L	L	L	L	L	L	L	L	L	L	L	L	L	L	L	L	L	L	L	L	L	L	L	L	L	L	L	L	L	G	B	A	L	A	A	G	L	C	C	C	L	A	A	B	B	B	B	G	L	L	B	B	B	C	C	A	A	A	A	B	B	C	C	C	L	L	B	C	C	A	A	B	B	C	C	A	A	B	B	C	C	A	A	B	B	C	C	A	A	B	B	C	C	A	A	B	B	C	C	A	A	G	L	L	L	L	L	L	L	L	L	L	L	L	L	L	L	L	L	L	L	L	L	L	L	L	L	L	L	L	L	L	L	L	L	L	L	L	L	L	L	L	L	L	L	L	L	L	L	L	L	L	L	L	
571	G	C	G	L	C	L	A	A	A	L	A	A	A	A	A	L	A	A	A	A	A	A	A	A	L	B	B	B	B	C	C	C	C	C	C	A	A	A	A	L	C	C	C	C	C	C	C	A	A	A	A	A	A	A	A	B	B	B	B	B	B	L	A	A	A	A	A	A	A	A	A	B	B	C	C	C	C	C	C	C	C	C	C	A	A	A	A	A	A	B	B	B	B	B	B	B	B	C	L	B	B	C	C	C	C	C	C	A	A	B	B	B	B	B	B	C	C	C	C	A	A	A	A	A	A	B	B	C	C	C	C	C	C	A	A	A	A	B	B	B	B	B	B	C	C	A	A	A	A	A	A	B	B	B	B	C	C	C	C	C	C	A	L	L	C	C	C	A	A	B	B	B	B	C	C	B	A	C	B	L	L	L	L	L	L	L	L	L	L	L	L	L	L	L	L	L	L	L	L	L	L	L	L	L	L	L	L	L	L	L	L	L	L	L	L	L	L	L	L	L	L	L	L	L	L	L	L	L	L	L	L	L	L	L	L	L	L	L	L	L	L	L	L	L	L	L	L	L	L	G	C	G	L	A	B	B	L	C	C	C	L	A	B	B	B	B	B	B	C	L	B	B	C	C	A	A	A	A	B	B	C	C	C	C	A	L	L	C	A	A	B	B	C	C	A	A	B	B	C	C	A	A	B	B	C	C	A	A	B	B	C	C	A	A	B	B	C	C	A	A	B	B	C	L	L	L	L	L	L	L	L	L	L	L	L	L	L	L	L	L	L	L	L	L	L	L	L	L	L	L	L	L	L	L	L	L	L	L	L	L	L	L	L	L	L	L	L	L	L	L	L	L	L	L	
572	G	B	A	L	C	L	A	A	A	L	A	A	A	A	A	L	A	A	A	A	A	A	A	A	L	B	B	B	C	C	C	C	C	C	A	A	A	A	A	L	C	C	C	C	C	C	A	A	A	A	A	A	A	A	B	B	B	B	B	B	G	L	A	A	A	A	A	A	A	A	B	B	C	C	C	C	C	C	C	C	C	C	A	A	A	A	A	A	B	B	B	B	B	B	B	B	C	C	L	B	C	C	C	C	C	C	A	A	B	B	B	B	B	B	C	C	C	C	A	A	A	A	A	A	B	B	C	C	C	C	C	C	A	A	A	A	B	B	B	B	B	B	C	C	A	A	A	A	A	A	B	B	B	B	C	C	C	C	C	C	A	A	G	L	C	C	A	A	B	B	B	B	C	C	B	A	C	B	L	L	L	L	L	L	L	L	L	L	L	L	L	L	L	L	L	L	L	L	L	L	L	L	L	L	L	L	L	L	L	L	L	L	L	L	L	L	L	L	L	L	L	L	L	L	L	L	L	L	L	L	L	L	L	L	L	L	L	L	L	L	L	L	L	L	L	L	L	L	L	G	B	A	L	L	B	G	L	C	C	C	L	L	B	B	B	B	B	C	C	L	B	C	C	A	A	A	A	B	B	C	C	C	C	A	A	G	L	A	A	B	B	C	C	A	A	B	B	C	C	A	A	B	B	C	C	A	A	B	B	C	C	A	A	B	B	C	C	A	A	B	B	C	C	A	L	L	L	L	L	L	L	L	L	L	L	L	L	L	L	L	L	L	L	L	L	L	L	L	L	L	L	L	L	L	L	L	L	L	L	L	L	L	L	L	L	L	L	L	L	L	L	L	L	L	
573	G	C	G	L	C	L	A	A	A	L	A	A	A	A	A	L	A	A	A	A	A	A	A	A	L	B	B	C	C	C	C	C	C	A	A	A	A	A	A	L	C	C	C	C	C	A	A	A	A	A	A	A	A	B	B	B	B	B	B	B	B	L	A	A	A	A	A	A	A	B	B	C	C	C	C	C	C	C	C	C	C	A	A	A	A	A	A	B	B	B	B	B	B	B	B	C	C	C	L	L	C	C	C	C	C	A	A	B	B	B	B	B	B	C	C	C	C	A	A	A	A	A	A	B	B	C	C	C	C	C	C	A	A	A	A	B	B	B	B	B	B	C	C	A	A	A	A	A	A	B	B	B	B	C	C	C	C	C	C	A	A	B	B	L	C	A	A	B	B	B	B	C	C	B	A	C	B	L	L	L	L	L	L	L	L	L	L	L	L	L	L	L	L	L	L	L	L	L	L	L	L	L	L	L	L	L	L	L	L	L	L	L	L	L	L	L	L	L	L	L	L	L	L	L	L	L	L	L	L	L	L	L	L	L	L	L	L	L	L	L	L	L	L	L	L	L	L	L	L	G	C	G	G	L	B	B	L	C	C	C	A	L	B	B	B	B	C	C	C	L	L	C	A	A	A	A	B	B	C	C	C	C	A	A	B	B	L	A	B	B	C	C	A	A	B	B	C	C	A	A	B	B	C	C	A	A	B	B	C	C	A	A	B	B	C	C	A	A	B	B	C	C	A	A	G	L	L	L	L	L	L	L	L	L	L	L	L	L	L	L	L	L	L	L	L	L	L	L	L	L	L	L	L	L	L	L	L	L	L	L	L	L	L	L	L	L	L	L	L	L	L	L	L	L	
574	G	B	A	L	C	L	A	A	A	L	A	A	A	A	A	L	A	A	A	A	A	A	A	A	L	B	C	C	C	C	C	C	A	A	A	A	A	A	A	L	C	C	C	C	A	A	A	A	A	A	A	A	B	B	B	B	B	B	B	B	G	L	A	A	A	A	A	A	B	B	C	C	C	C	C	C	C	C	C	C	A	A	A	A	A	A	B	B	B	B	B	B	B	B	C	C	C	C	A	L	C	C	C	C	A	A	B	B	B	B	B	B	C	C	C	C	A	A	A	A	A	A	B	B	C	C	C	C	C	C	A	A	A	A	B	B	B	B	B	B	C	C	A	A	A	A	A	A	B	B	B	B	C	C	C	C	C	C	A	A	B	B	G	L	A	A	B	B	B	B	C	C	B	A	C	B	L	L	L	L	L	L	L	L	L	L	L	L	L	L	L	L	L	L	L	L	L	L	L	L	L	L	L	L	L	L	L	L	L	L	L	L	L	L	L	L	L	L	L	L	L	L	L	L	L	L	L	L	L	L	L	L	L	L	L	L	L	L	L	L	L	L	L	L	L	L	L	L	L	G	B	A	B	L	B	G	L	C	C	A	A	L	B	B	B	C	C	C	C	A	L	A	A	A	A	B	B	C	C	C	C	A	A	B	B	G	L	L	B	C	C	A	A	B	B	C	C	A	A	B	B	C	C	A	A	B	B	C	C	A	A	B	B	C	C	A	A	B	B	C	C	A	A	B	B	C	L	L	L	L	L	L	L	L	L	L	L	L	L	L	L	L	L	L	L	L	L	L	L	L	L	L	L	L	L	L	L	L	L	L	L	L	L	L	L	L	L	L	L	L	L	L	L	L	
575	G	C	G	L	C	L	A	A	A	L	A	A	A	A	A	L	A	A	A	A	A	A	A	A	L	L	C	C	C	C	C	A	A	A	A	A	A	A	A	L	C	C	C	A	A	A	A	A	A	A	A	B	B	B	B	B	B	B	B	B	B	L	A	A	A	A	A	B	B	C	C	C	C	C	C	C	C	C	C	A	A	A	A	A	A	B	B	B	B	B	B	B	B	C	C	C	C	A	A	L	C	C	C	A	A	B	B	B	B	B	B	C	C	C	C	A	A	A	A	A	A	B	B	C	C	C	C	C	C	A	A	A	A	B	B	B	B	B	B	C	C	A	A	A	A	A	A	B	B	B	B	C	C	C	C	C	C	A	A	B	B	B	B	L	A	B	B	B	B	C	C	B	A	C	B	L	L	L	L	L	L	L	L	L	L	L	L	L	L	L	L	L	L	L	L	L	L	L	L	L	L	L	L	L	L	L	L	L	L	L	L	L	L	L	L	L	L	L	L	L	L	L	L	L	L	L	L	L	L	L	L	L	L	L	L	L	L	L	L	L	L	L	L	L	L	L	L	L	L	G	C	G	G	L	B	B	L	C	A	A	A	L	B	B	C	C	C	C	A	A	L	A	A	A	B	B	C	C	C	C	A	A	B	B	B	B	C	L	L	C	A	A	B	B	C	C	A	A	B	B	C	C	A	A	B	B	C	C	A	A	B	B	C	C	A	A	B	B	C	C	A	A	B	B	C	C	A	L	L	L	L	L	L	L	L	L	L	L	L	L	L	L	L	L	L	L	L	L	L	L	L	L	L	L	L	L	L	L	L	L	L	L	L	L	L	L	L	L	L	L	L	L	L	L	
576	G	B	A	L	C	L	A	A	A	L	A	A	A	A	A	L	A	A	A	A	A	A	A	A	G	L	C	C	C	C	A	A	A	A	A	A	A	A	A	L	C	C	A	A	A	A	A	A	A	A	B	B	B	B	B	B	B	B	B	B	G	L	A	A	A	A	B	B	C	C	C	C	C	C	C	C	C	C	A	A	A	A	A	A	B	B	B	B	B	B	B	B	C	C	C	C	A	A	A	L	C	C	A	A	B	B	B	B	B	B	C	C	C	C	A	A	A	A	A	A	B	B	C	C	C	C	C	C	A	A	A	A	B	B	B	B	B	B	C	C	A	A	A	A	A	A	B	B	B	B	C	C	C	C	C	C	A	A	B	B	B	B	G	L	L	B	B	B	C	C	B	A	C	B	L	L	L	L	L	L	L	L	L	L	L	L	L	L	L	L	L	L	L	L	L	L	L	L	L	L	L	L	L	L	L	L	L	L	L	L	L	L	L	L	L	L	L	L	L	L	L	L	L	L	L	L	L	L	L	L	L	L	L	L	L	L	L	L	L	L	L	L	L	L	L	L	L	L	L	G	B	A	B	L	B	G	L	A	A	A	A	L	B	C	C	C	C	A	A	A	L	A	A	B	B	C	C	C	C	A	A	B	B	B	B	C	C	A	L	A	A	B	B	C	C	A	A	B	B	C	C	A	A	B	B	C	C	A	A	B	B	C	C	A	A	B	B	C	C	A	A	B	B	C	C	A	A	G	L	L	L	L	L	L	L	L	L	L	L	L	L	L	L	L	L	L	L	L	L	L	L	L	L	L	L	L	L	L	L	L	L	L	L	L	L	L	L	L	L	L	L	L	L	L	
577	G	C	G	L	C	L	A	A	A	L	A	A	A	A	A	L	A	A	A	A	A	A	A	B	B	L	C	C	C	A	A	A	A	A	A	A	A	A	A	L	C	A	A	A	A	A	A	A	A	B	B	B	B	B	B	B	B	B	B	B	B	L	A	A	A	B	B	C	C	C	C	C	C	C	C	C	C	A	A	A	A	A	A	B	B	B	B	B	B	B	B	C	C	C	C	A	A	A	A	L	C	A	A	B	B	B	B	B	B	C	C	C	C	A	A	A	A	A	A	B	B	C	C	C	C	C	C	A	A	A	A	B	B	B	B	B	B	C	C	A	A	A	A	A	A	B	B	B	B	C	C	C	C	C	C	A	A	B	B	B	B	B	B	C	L	B	B	C	C	B	A	C	B	L	L	L	L	L	L	L	L	L	L	L	L	L	L	L	L	L	L	L	L	L	L	L	L	L	L	L	L	L	L	L	L	L	L	L	L	L	L	L	L	L	L	L	L	L	L	L	L	L	L	L	L	L	L	L	L	L	L	L	L	L	L	L	L	L	L	L	L	L	L	L	L	L	L	L	L	G	C	G	G	L	B	B	L	A	A	A	A	L	L	C	C	C	A	A	A	A	L	A	B	B	C	C	C	C	A	A	B	B	B	B	C	C	A	A	L	A	B	B	C	C	A	A	B	B	C	C	A	A	B	B	C	C	A	A	B	B	C	C	A	A	B	B	C	C	A	A	B	B	C	C	A	A	B	B	C	L	L	L	L	L	L	L	L	L	L	L	L	L	L	L	L	L	L	L	L	L	L	L	L	L	L	L	L	L	L	L	L	L	L	L	L	L	L	L	L	L	L	L	L	L	
578	G	B	A	L	C	L	A	A	A	L	A	A	A	A	A	L	A	A	A	A	A	A	B	B	G	L	C	C	A	A	A	A	A	A	A	A	A	A	A	L	A	A	A	A	A	A	A	A	B	B	B	B	B	B	B	B	B	B	B	B	G	L	A	A	B	B	C	C	C	C	C	C	C	C	C	C	A	A	A	A	A	A	B	B	B	B	B	B	B	B	C	C	C	C	A	A	A	A	A	L	A	A	B	B	B	B	B	B	C	C	C	C	A	A	A	A	A	A	B	B	C	C	C	C	C	C	A	A	A	A	B	B	B	B	B	B	C	C	A	A	A	A	A	A	B	B	B	B	C	C	C	C	C	C	A	A	B	B	B	B	B	B	C	C	L	B	C	C	B	A	C	B	L	L	L	L	L	L	L	L	L	L	L	L	L	L	L	L	L	L	L	L	L	L	L	L	L	L	L	L	L	L	L	L	L	L	L	L	L	L	L	L	L	L	L	L	L	L	L	L	L	L	L	L	L	L	L	L	L	L	L	L	L	L	L	L	L	L	L	L	L	L	L	L	L	L	L	L	L	G	B	A	B	L	B	G	L	A	A	A	A	G	L	C	C	A	A	A	A	A	L	L	B	C	C	C	C	A	A	B	B	B	B	C	C	A	A	A	L	L	B	C	C	A	A	B	B	C	C	A	A	B	B	C	C	A	A	B	B	C	C	A	A	B	B	C	C	A	A	B	B	C	C	A	A	B	B	C	C	A	L	L	L	L	L	L	L	L	L	L	L	L	L	L	L	L	L	L	L	L	L	L	L	L	L	L	L	L	L	L	L	L	L	L	L	L	L	L	L	L	L	L	L	L	
579	G	C	G	L	C	L	A	A	A	L	A	A	A	A	A	L	A	A	A	A	A	B	B	B	B	L	C	A	A	A	A	A	A	A	A	A	A	A	A	L	A	A	A	A	A	A	A	B	B	B	B	B	B	B	B	B	B	B	B	B	B	L	A	B	B	C	C	C	C	C	C	C	C	C	C	A	A	A	A	A	A	B	B	B	B	B	B	B	B	C	C	C	C	A	A	A	A	A	A	L	A	B	B	B	B	B	B	C	C	C	C	A	A	A	A	A	A	B	B	C	C	C	C	C	C	A	A	A	A	B	B	B	B	B	B	C	C	A	A	A	A	A	A	B	B	B	B	C	C	C	C	C	C	A	A	B	B	B	B	B	B	C	C	C	L	L	C	B	A	C	B	L	L	L	L	L	L	L	L	L	L	L	L	L	L	L	L	L	L	L	L	L	L	L	L	L	L	L	L	L	L	L	L	L	L	L	L	L	L	L	L	L	L	L	L	L	L	L	L	L	L	L	L	L	L	L	L	L	L	L	L	L	L	L	L	L	L	L	L	L	L	L	L	L	L	L	L	L	L	G	C	G	G	L	B	B	L	A	A	A	B	B	L	C	A	A	A	A	A	A	G	L	L	C	C	C	A	A	B	B	B	B	C	C	A	A	A	A	G	L	L	C	A	A	B	B	C	C	A	A	B	B	C	C	A	A	B	B	C	C	A	A	B	B	C	C	A	A	B	B	C	C	A	A	B	B	C	C	A	A	G	L	L	L	L	L	L	L	L	L	L	L	L	L	L	L	L	L	L	L	L	L	L	L	L	L	L	L	L	L	L	L	L	L	L	L	L	L	L	L	L	L	L	L	
580	G	B	A	L	C	L	A	A	A	L	A	A	A	A	A	L	A	A	A	A	B	B	B	B	G	L	A	A	A	A	A	A	A	A	A	A	A	A	A	L	A	A	A	A	A	A	B	B	B	B	B	B	B	B	B	B	B	B	B	B	G	L	L	B	C	C	C	C	C	C	C	C	C	C	A	A	A	A	A	A	B	B	B	B	B	B	B	B	C	C	C	C	A	A	A	A	A	A	A	L	L	B	B	B	B	B	C	C	C	C	A	A	A	A	A	A	B	B	C	C	C	C	C	C	A	A	A	A	B	B	B	B	B	B	C	C	A	A	A	A	A	A	B	B	B	B	C	C	C	C	C	C	A	A	B	B	B	B	B	B	C	C	C	C	A	L	G	A	C	B	L	L	L	L	L	L	L	L	L	L	L	L	L	L	L	L	L	L	L	L	L	L	L	L	L	L	L	L	L	L	L	L	L	L	L	L	L	L	L	L	L	L	L	L	L	L	L	L	L	L	L	L	L	L	L	L	L	L	L	L	L	L	L	L	L	L	L	L	L	L	L	L	L	L	L	L	L	L	L	G	B	A	B	L	B	G	L	A	A	B	B	G	L	A	A	A	A	A	A	B	B	C	L	C	C	A	A	B	B	B	B	C	C	A	A	A	A	B	B	C	L	A	A	B	B	C	C	A	A	B	B	C	C	A	A	B	B	C	C	A	A	B	B	C	C	A	A	B	B	C	C	A	A	B	B	C	C	A	A	B	B	C	L	L	L	L	L	L	L	L	L	L	L	L	L	L	L	L	L	L	L	L	L	L	L	L	L	L	L	L	L	L	L	L	L	L	L	L	L	L	L	L	L	L	
581	G	C	G	L	C	L	A	A	A	L	A	A	A	A	A	L	A	A	A	B	B	B	B	B	B	L	A	A	A	A	A	A	A	A	A	A	A	A	A	L	A	A	A	A	A	B	B	B	B	B	B	B	B	B	B	B	B	B	B	B	B	C	L	L	C	C	C	C	C	C	C	C	C	A	A	A	A	A	A	B	B	B	B	B	B	B	B	C	C	C	C	A	A	A	A	A	A	A	A	G	L	B	B	B	B	C	C	C	C	A	A	A	A	A	A	B	B	C	C	C	C	C	C	A	A	A	A	B	B	B	B	B	B	C	C	A	A	A	A	A	A	B	B	B	B	C	C	C	C	C	C	A	A	B	B	B	B	B	B	C	C	C	C	A	A	C	G	C	B	L	L	L	L	L	L	L	L	L	L	L	L	L	L	L	L	L	L	L	L	L	L	L	L	L	L	L	L	L	L	L	L	L	L	L	L	L	L	L	L	L	L	L	L	L	L	L	L	L	L	L	L	L	L	L	L	L	L	L	L	L	L	L	L	L	L	L	L	L	L	L	L	L	L	L	L	L	L	L	L	G	C	G	G	L	B	B	L	A	B	B	B	B	L	A	A	A	A	A	B	B	C	C	L	C	A	A	B	B	B	B	C	C	A	A	A	A	B	B	C	C	L	A	B	B	C	C	A	A	B	B	C	C	A	A	B	B	C	C	A	A	B	B	C	C	A	A	B	B	C	C	A	A	B	B	C	C	A	A	B	B	C	C	A	L	L	L	L	L	L	L	L	L	L	L	L	L	L	L	L	L	L	L	L	L	L	L	L	L	L	L	L	L	L	L	L	L	L	L	L	L	L	L	L	L	
582	G	B	A	L	C	L	A	A	A	L	A	A	A	A	A	L	A	A	B	B	B	B	B	B	G	L	A	A	A	A	A	A	A	A	A	A	A	A	A	L	A	A	A	A	B	B	B	B	B	B	B	B	B	B	B	B	B	B	B	B	C	C	A	L	C	C	C	C	C	C	C	C	A	A	A	A	A	A	B	B	B	B	B	B	B	B	C	C	C	C	A	A	A	A	A	A	A	A	B	B	L	B	B	B	C	C	C	C	A	A	A	A	A	A	B	B	C	C	C	C	C	C	A	A	A	A	B	B	B	B	B	B	C	C	A	A	A	A	A	A	B	B	B	B	C	C	C	C	C	C	A	A	B	B	B	B	B	B	C	C	C	C	A	A	C	B	G	B	L	L	L	L	L	L	L	L	L	L	L	L	L	L	L	L	L	L	L	L	L	L	L	L	L	L	L	L	L	L	L	L	L	L	L	L	L	L	L	L	L	L	L	L	L	L	L	L	L	L	L	L	L	L	L	L	L	L	L	L	L	L	L	L	L	L	L	L	L	L	L	L	L	L	L	L	L	L	L	L	L	G	B	A	B	L	B	G	L	L	B	B	B	G	L	A	A	A	A	B	B	C	C	C	L	A	A	B	B	B	B	C	C	A	A	A	A	B	B	C	C	C	L	L	B	C	C	A	A	B	B	C	C	A	A	B	B	C	C	A	A	B	B	C	C	A	A	B	B	C	C	A	A	B	B	C	C	A	A	B	B	C	C	A	A	G	L	L	L	L	L	L	L	L	L	L	L	L	L	L	L	L	L	L	L	L	L	L	L	L	L	L	L	L	L	L	L	L	L	L	L	L	L	L	L	L	
583	G	C	G	L	C	L	A	A	A	L	A	A	A	A	A	L	A	B	B	B	B	B	B	B	B	L	A	A	A	A	A	A	A	A	A	A	A	A	A	L	A	A	A	B	B	B	B	B	B	B	B	B	B	B	B	B	B	B	B	C	C	A	A	L	C	C	C	C	C	C	C	A	A	A	A	A	A	B	B	B	B	B	B	B	B	C	C	C	C	A	A	A	A	A	A	A	A	B	B	G	L	B	B	C	C	C	C	A	A	A	A	A	A	B	B	C	C	C	C	C	C	A	A	A	A	B	B	B	B	B	B	C	C	A	A	A	A	A	A	B	B	B	B	C	C	C	C	C	C	A	A	B	B	B	B	B	B	C	C	C	C	A	A	C	B	L	G	C	L	L	L	L	L	L	L	L	L	L	L	L	L	L	L	L	L	L	L	L	L	L	L	L	L	L	L	L	L	L	L	L	L	L	L	L	L	L	L	L	L	L	L	L	L	L	L	L	L	L	L	L	L	L	L	L	L	L	L	L	L	L	L	L	L	L	L	L	L	L	L	L	L	L	L	L	L	L	L	L	L	G	C	G	G	L	B	B	C	L	B	B	B	B	L	A	A	A	B	B	C	C	C	C	L	A	B	B	B	B	C	C	A	A	A	A	B	B	C	C	C	C	A	L	L	C	A	A	B	B	C	C	A	A	B	B	C	C	A	A	B	B	C	C	A	A	B	B	C	C	A	A	B	B	C	C	A	A	B	B	C	C	A	A	B	B	C	L	L	L	L	L	L	L	L	L	L	L	L	L	L	L	L	L	L	L	L	L	L	L	L	L	L	L	L	L	L	L	L	L	L	L	L	L	L	L	
584	G	B	A	L	C	L	A	A	A	L	A	A	A	A	A	L	L	B	B	B	B	B	B	B	G	L	A	A	A	A	A	A	A	A	A	A	A	A	A	L	A	A	B	B	B	B	B	B	B	B	B	B	B	B	B	B	B	B	C	C	A	A	A	L	C	C	C	C	C	C	A	A	A	A	A	A	B	B	B	B	B	B	B	B	C	C	C	C	A	A	A	A	A	A	A	A	B	B	B	B	L	B	C	C	C	C	A	A	A	A	A	A	B	B	C	C	C	C	C	C	A	A	A	A	B	B	B	B	B	B	C	C	A	A	A	A	A	A	B	B	B	B	C	C	C	C	C	C	A	A	B	B	B	B	B	B	C	C	C	C	A	A	C	B	L	L	G	B	A	L	L	L	L	L	L	L	L	L	L	L	L	L	L	L	L	L	L	L	L	L	L	L	L	L	L	L	L	L	L	L	L	L	L	L	L	L	L	L	L	L	L	L	L	L	L	L	L	L	L	L	L	L	L	L	L	L	L	L	L	L	L	L	L	L	L	L	L	L	L	L	L	L	L	L	L	L	L	L	L	G	B	A	B	L	B	C	C	L	B	B	B	G	L	A	A	B	B	C	C	C	C	C	L	L	B	B	B	C	C	A	A	A	A	B	B	C	C	C	C	A	A	G	L	A	A	B	B	C	C	A	A	B	B	C	C	A	A	B	B	C	C	A	A	B	B	C	C	A	A	B	B	C	C	A	A	B	B	C	C	A	A	B	B	C	C	A	L	L	L	L	L	L	L	L	L	L	L	L	L	L	L	L	L	L	L	L	L	L	L	L	L	L	L	L	L	L	L	L	L	L	L	L	L	L	
585	G	C	G	L	C	L	A	A	A	L	A	A	A	A	A	G	L	B	B	B	B	B	B	B	B	L	A	A	A	A	A	A	A	A	A	A	A	A	A	L	A	B	B	B	B	B	B	B	B	B	B	B	B	B	B	B	B	C	C	A	A	A	A	L	C	C	C	C	C	A	A	A	A	A	A	B	B	B	B	B	B	B	B	C	C	C	C	A	A	A	A	A	A	A	A	B	B	B	B	G	L	L	C	C	C	A	A	A	A	A	A	B	B	C	C	C	C	C	C	A	A	A	A	B	B	B	B	B	B	C	C	A	A	A	A	A	A	B	B	B	B	C	C	C	C	C	C	A	A	B	B	B	B	B	B	C	C	C	C	A	A	C	B	L	L	L	G	C	G	G	L	L	L	L	L	L	L	L	L	L	L	L	L	L	L	L	L	L	L	L	L	L	L	L	L	L	L	L	L	L	L	L	L	L	L	L	L	L	L	L	L	L	L	L	L	L	L	L	L	L	L	L	L	L	L	L	L	L	L	L	L	L	L	L	L	L	L	L	L	L	L	L	L	L	L	L	L	L	L	G	C	G	G	L	L	C	C	L	B	B	B	B	L	A	B	B	C	C	C	C	C	C	A	L	B	B	C	C	A	A	A	A	B	B	C	C	C	C	A	A	B	B	L	A	B	B	C	C	A	A	B	B	C	C	A	A	B	B	C	C	A	A	B	B	C	C	A	A	B	B	C	C	A	A	B	B	C	C	A	A	B	B	C	C	A	A	G	L	L	L	L	L	L	L	L	L	L	L	L	L	L	L	L	L	L	L	L	L	L	L	L	L	L	L	L	L	L	L	L	L	L	L	L	L	
586	G	B	A	L	C	L	A	A	A	L	A	A	A	A	B	B	L	B	B	B	B	B	B	B	G	L	A	A	A	A	A	A	A	A	A	A	A	A	A	L	L	B	B	B	B	B	B	B	B	B	B	B	B	B	B	B	C	C	A	A	A	A	A	L	C	C	C	C	A	A	A	A	A	A	B	B	B	B	B	B	B	B	C	C	C	C	A	A	A	A	A	A	A	A	B	B	B	B	B	B	C	L	C	C	A	A	A	A	A	A	B	B	C	C	C	C	C	C	A	A	A	A	B	B	B	B	B	B	C	C	A	A	A	A	A	A	B	B	B	B	C	C	C	C	C	C	A	A	B	B	B	B	B	B	C	C	C	C	A	A	C	B	L	L	L	L	G	B	A	B	C	L	L	L	L	L	L	L	L	L	L	L	L	L	L	L	L	L	L	L	L	L	L	L	L	L	L	L	L	L	L	L	L	L	L	L	L	L	L	L	L	L	L	L	L	L	L	L	L	L	L	L	L	L	L	L	L	L	L	L	L	L	L	L	L	L	L	L	L	L	L	L	L	L	L	L	L	L	L	G	B	A	B	C	L	C	C	L	B	B	B	G	L	L	B	C	C	C	C	C	C	A	A	L	B	C	C	A	A	A	A	B	B	C	C	C	C	A	A	B	B	G	L	L	B	C	C	A	A	B	B	C	C	A	A	B	B	C	C	A	A	B	B	C	C	A	A	B	B	C	C	A	A	B	B	C	C	A	A	B	B	C	C	A	A	B	B	C	L	L	L	L	L	L	L	L	L	L	L	L	L	L	L	L	L	L	L	L	L	L	L	L	L	L	L	L	L	L	L	L	L	L	L	L	
587	G	C	G	L	C	L	A	A	A	L	A	A	A	B	B	G	L	B	B	B	B	B	B	B	B	L	A	A	A	A	A	A	A	A	A	A	A	A	A	G	L	B	B	B	B	B	B	B	B	B	B	B	B	B	B	C	C	A	A	A	A	A	A	L	C	C	C	A	A	A	A	A	A	B	B	B	B	B	B	B	B	C	C	C	C	A	A	A	A	A	A	A	A	B	B	B	B	B	B	C	C	L	C	A	A	A	A	A	A	B	B	C	C	C	C	C	C	A	A	A	A	B	B	B	B	B	B	C	C	A	A	A	A	A	A	B	B	B	B	C	C	C	C	C	C	A	A	B	B	B	B	B	B	C	C	C	C	A	A	C	B	L	L	L	L	L	G	C	G	L	C	A	L	L	L	L	L	L	L	L	L	L	L	L	L	L	L	L	L	L	L	L	L	L	L	L	L	L	L	L	L	L	L	L	L	L	L	L	L	L	L	L	L	L	L	L	L	L	L	L	L	L	L	L	L	L	L	L	L	L	L	L	L	L	L	L	L	L	L	L	L	L	L	L	L	L	L	L	L	G	C	G	L	C	L	C	C	L	B	B	B	B	C	L	L	C	C	C	C	C	A	A	A	L	L	C	A	A	A	A	B	B	C	C	C	C	A	A	B	B	B	B	C	L	L	C	A	A	B	B	C	C	A	A	B	B	C	C	A	A	B	B	C	C	A	A	B	B	C	C	A	A	B	B	C	C	A	A	B	B	C	C	A	A	B	B	C	C	A	L	L	L	L	L	L	L	L	L	L	L	L	L	L	L	L	L	L	L	L	L	L	L	L	L	L	L	L	L	L	L	L	L	L	L	
588	G	B	A	L	C	L	A	A	A	L	A	A	B	B	B	B	L	B	B	B	B	B	B	B	G	L	A	A	A	A	A	A	A	A	A	A	A	A	B	B	L	B	B	B	B	B	B	B	B	B	B	B	B	B	C	C	A	A	A	A	A	A	A	L	C	C	A	A	A	A	A	A	B	B	B	B	B	B	B	B	C	C	C	C	A	A	A	A	A	A	A	A	B	B	B	B	B	B	C	C	C	L	A	A	A	A	A	A	B	B	C	C	C	C	C	C	A	A	A	A	B	B	B	B	B	B	C	C	A	A	A	A	A	A	B	B	B	B	C	C	C	C	C	C	A	A	B	B	B	B	B	B	C	C	C	C	A	A	C	B	L	L	L	L	L	L	G	B	A	L	A	A	G	L	L	L	L	L	L	L	L	L	L	L	L	L	L	L	L	L	L	L	L	L	L	L	L	L	L	L	L	L	L	L	L	L	L	L	L	L	L	L	L	L	L	L	L	L	L	L	L	L	L	L	L	L	L	L	L	L	L	L	L	L	L	L	L	L	L	L	L	L	L	L	L	L	L	L	L	G	B	A	L	C	L	C	C	L	B	B	B	C	C	A	L	C	C	C	C	A	A	A	A	G	L	A	A	A	A	B	B	C	C	C	C	A	A	B	B	B	B	C	C	A	L	A	A	B	B	C	C	A	A	B	B	C	C	A	A	B	B	C	C	A	A	B	B	C	C	A	A	B	B	C	C	A	A	B	B	C	C	A	A	B	B	C	C	A	A	G	L	L	L	L	L	L	L	L	L	L	L	L	L	L	L	L	L	L	L	L	L	L	L	L	L	L	L	L	L	L	L	L	L	L	
589	G	C	G	L	C	L	A	A	A	L	A	B	B	B	B	G	L	B	B	B	B	B	B	B	B	L	A	A	A	A	A	A	A	A	A	A	A	B	B	G	L	B	B	B	B	B	B	B	B	B	B	B	B	C	C	A	A	A	A	A	A	A	A	L	C	A	A	A	A	A	A	B	B	B	B	B	B	B	B	C	C	C	C	A	A	A	A	A	A	A	A	B	B	B	B	B	B	C	C	C	C	L	A	A	A	A	A	B	B	C	C	C	C	C	C	A	A	A	A	B	B	B	B	B	B	C	C	A	A	A	A	A	A	B	B	B	B	C	C	C	C	C	C	A	A	B	B	B	B	B	B	C	C	C	C	A	A	C	B	L	L	L	L	L	L	L	G	C	G	L	A	B	B	C	L	L	L	L	L	L	L	L	L	L	L	L	L	L	L	L	L	L	L	L	L	L	L	L	L	L	L	L	L	L	L	L	L	L	L	L	L	L	L	L	L	L	L	L	L	L	L	L	L	L	L	L	L	L	L	L	L	L	L	L	L	L	L	L	L	L	L	L	L	L	L	L	L	L	L	G	C	G	L	C	L	C	C	L	B	B	C	C	A	A	L	C	C	C	A	A	A	A	B	B	L	A	A	A	B	B	C	C	C	C	A	A	B	B	B	B	C	C	A	A	L	A	B	B	C	C	A	A	B	B	C	C	A	A	B	B	C	C	A	A	B	B	C	C	A	A	B	B	C	C	A	A	B	B	C	C	A	A	B	B	C	C	A	A	B	B	C	L	L	L	L	L	L	L	L	L	L	L	L	L	L	L	L	L	L	L	L	L	L	L	L	L	L	L	L	L	L	L	L	L	
590	G	B	A	L	C	L	A	A	A	L	L	B	B	B	B	B	L	B	B	B	B	B	B	B	G	L	A	A	A	A	A	A	A	A	A	A	B	B	B	B	L	B	B	B	B	B	B	B	B	B	B	B	C	C	A	A	A	A	A	A	A	A	A	L	A	A	A	A	A	A	B	B	B	B	B	B	B	B	C	C	C	C	A	A	A	A	A	A	A	A	B	B	B	B	B	B	C	C	C	C	C	L	A	A	A	A	B	B	C	C	C	C	C	C	A	A	A	A	B	B	B	B	B	B	C	C	A	A	A	A	A	A	B	B	B	B	C	C	C	C	C	C	A	A	B	B	B	B	B	B	C	C	C	C	A	A	C	B	L	L	L	L	L	L	L	L	G	B	A	L	L	B	C	C	A	L	L	L	L	L	L	L	L	L	L	L	L	L	L	L	L	L	L	L	L	L	L	L	L	L	L	L	L	L	L	L	L	L	L	L	L	L	L	L	L	L	L	L	L	L	L	L	L	L	L	L	L	L	L	L	L	L	L	L	L	L	L	L	L	L	L	L	L	L	L	L	L	L	L	G	B	A	L	C	L	C	C	L	B	C	C	A	A	A	L	C	C	A	A	A	A	B	B	G	L	A	A	B	B	C	C	C	C	A	A	B	B	B	B	C	C	A	A	A	L	L	B	C	C	A	A	B	B	C	C	A	A	B	B	C	C	A	A	B	B	C	C	A	A	B	B	C	C	A	A	B	B	C	C	A	A	B	B	C	C	A	A	B	B	C	C	A	L	L	L	L	L	L	L	L	L	L	L	L	L	L	L	L	L	L	L	L	L	L	L	L	L	L	L	L	L	L	L	L	
591	G	C	G	L	C	L	A	A	A	G	L	B	B	B	B	G	L	B	B	B	B	B	B	B	B	L	A	A	A	A	A	A	A	A	A	B	B	B	B	G	L	B	B	B	B	B	B	B	B	B	B	C	C	A	A	A	A	A	A	A	A	A	A	L	A	A	A	A	A	B	B	B	B	B	B	B	B	C	C	C	C	A	A	A	A	A	A	A	A	B	B	B	B	B	B	C	C	C	C	C	C	L	A	A	A	B	B	C	C	C	C	C	C	A	A	A	A	B	B	B	B	B	B	C	C	A	A	A	A	A	A	B	B	B	B	C	C	C	C	C	C	A	A	B	B	B	B	B	B	C	C	C	C	A	A	C	B	L	L	L	L	L	L	L	L	L	G	C	G	G	L	L	C	A	A	G	L	L	L	L	L	L	L	L	L	L	L	L	L	L	L	L	L	L	L	L	L	L	L	L	L	L	L	L	L	L	L	L	L	L	L	L	L	L	L	L	L	L	L	L	L	L	L	L	L	L	L	L	L	L	L	L	L	L	L	L	L	L	L	L	L	L	L	L	L	L	L	L	L	G	C	G	L	C	L	C	C	L	L	C	A	A	A	A	L	C	A	A	A	A	B	B	B	B	L	A	B	B	C	C	C	C	A	A	B	B	B	B	C	C	A	A	A	A	G	L	L	C	A	A	B	B	C	C	A	A	B	B	C	C	A	A	B	B	C	C	A	A	B	B	C	C	A	A	B	B	C	C	A	A	B	B	C	C	A	A	B	B	C	C	A	A	G	L	L	L	L	L	L	L	L	L	L	L	L	L	L	L	L	L	L	L	L	L	L	L	L	L	L	L	L	L	L	L	
592	G	B	A	L	C	L	A	A	B	B	L	B	B	B	B	B	L	B	B	B	B	B	B	B	G	L	A	A	A	A	A	A	A	A	B	B	B	B	B	B	L	B	B	B	B	B	B	B	B	B	C	C	A	A	A	A	A	A	A	A	A	A	A	L	A	A	A	A	B	B	B	B	B	B	B	B	C	C	C	C	A	A	A	A	A	A	A	A	B	B	B	B	B	B	C	C	C	C	C	C	C	L	A	A	B	B	C	C	C	C	C	C	A	A	A	A	B	B	B	B	B	B	C	C	A	A	A	A	A	A	B	B	B	B	C	C	C	C	C	C	A	A	B	B	B	B	B	B	C	C	C	C	A	A	C	B	L	L	L	L	L	L	L	L	L	L	G	B	A	B	C	L	A	A	B	B	C	L	L	L	L	L	L	L	L	L	L	L	L	L	L	L	L	L	L	L	L	L	L	L	L	L	L	L	L	L	L	L	L	L	L	L	L	L	L	L	L	L	L	L	L	L	L	L	L	L	L	L	L	L	L	L	L	L	L	L	L	L	L	L	L	L	L	L	L	L	L	L	L	G	B	A	L	C	L	C	C	A	L	A	A	A	A	A	L	A	A	A	A	B	B	B	B	G	L	L	B	C	C	C	C	A	A	B	B	B	B	C	C	A	A	A	A	B	B	C	L	A	A	B	B	C	C	A	A	B	B	C	C	A	A	B	B	C	C	A	A	B	B	C	C	A	A	B	B	C	C	A	A	B	B	C	C	A	A	B	B	C	C	A	A	B	B	C	L	L	L	L	L	L	L	L	L	L	L	L	L	L	L	L	L	L	L	L	L	L	L	L	L	L	L	L	L	L	
593	G	C	G	L	C	L	A	B	B	G	L	B	B	B	B	G	L	B	B	B	B	B	B	B	B	L	A	A	A	A	A	A	A	B	B	B	B	B	B	G	L	B	B	B	B	B	B	B	B	C	C	A	A	A	A	A	A	A	A	A	A	A	A	L	A	A	A	B	B	B	B	B	B	B	B	C	C	C	C	A	A	A	A	A	A	A	A	B	B	B	B	B	B	C	C	C	C	C	C	C	C	L	A	B	B	C	C	C	C	C	C	A	A	A	A	B	B	B	B	B	B	C	C	A	A	A	A	A	A	B	B	B	B	C	C	C	C	C	C	A	A	B	B	B	B	B	B	C	C	C	C	A	A	C	B	L	L	L	L	L	L	L	L	L	L	L	G	C	G	L	C	L	A	B	B	C	C	A	L	L	L	L	L	L	L	L	L	L	L	L	L	L	L	L	L	L	L	L	L	L	L	L	L	L	L	L	L	L	L	L	L	L	L	L	L	L	L	L	L	L	L	L	L	L	L	L	L	L	L	L	L	L	L	L	L	L	L	L	L	L	L	L	L	L	L	L	L	L	L	G	C	G	L	C	L	C	A	A	L	A	A	A	A	A	L	A	A	A	B	B	B	B	B	B	C	L	L	C	C	C	A	A	B	B	B	B	C	C	A	A	A	A	B	B	C	C	L	A	B	B	C	C	A	A	B	B	C	C	A	A	B	B	C	C	A	A	B	B	C	C	A	A	B	B	C	C	A	A	B	B	C	C	A	A	B	B	C	C	A	A	B	B	C	C	A	L	L	L	L	L	L	L	L	L	L	L	L	L	L	L	L	L	L	L	L	L	L	L	L	L	L	L	L	L	
594	G	B	A	L	C	L	L	B	B	B	L	B	B	B	B	B	L	B	B	B	B	B	B	B	G	L	A	A	A	A	A	A	B	B	B	B	B	B	B	B	L	B	B	B	B	B	B	B	C	C	A	A	A	A	A	A	A	A	A	A	A	A	A	L	A	A	B	B	B	B	B	B	B	B	C	C	C	C	A	A	A	A	A	A	A	A	B	B	B	B	B	B	C	C	C	C	C	C	C	C	C	L	L	B	C	C	C	C	C	C	A	A	A	A	B	B	B	B	B	B	C	C	A	A	A	A	A	A	B	B	B	B	C	C	C	C	C	C	A	A	B	B	B	B	B	B	C	C	C	C	A	A	C	B	L	L	L	L	L	L	L	L	L	L	L	L	G	B	A	L	C	L	L	B	C	C	A	A	G	L	L	L	L	L	L	L	L	L	L	L	L	L	L	L	L	L	L	L	L	L	L	L	L	L	L	L	L	L	L	L	L	L	L	L	L	L	L	L	L	L	L	L	L	L	L	L	L	L	L	L	L	L	L	L	L	L	L	L	L	L	L	L	L	L	L	L	L	L	L	G	B	A	L	C	L	A	A	A	L	A	A	A	A	A	L	A	A	B	B	B	B	B	B	C	C	A	L	C	C	A	A	B	B	B	B	C	C	A	A	A	A	B	B	C	C	C	L	L	B	C	C	A	A	B	B	C	C	A	A	B	B	C	C	A	A	B	B	C	C	A	A	B	B	C	C	A	A	B	B	C	C	A	A	B	B	C	C	A	A	B	B	C	C	A	A	G	L	L	L	L	L	L	L	L	L	L	L	L	L	L	L	L	L	L	L	L	L	L	L	L	L	L	L	L	
595	G	C	G	L	C	A	L	B	B	G	L	B	B	B	B	G	L	B	B	B	B	B	B	B	B	L	A	A	A	A	A	B	B	B	B	B	B	B	B	G	L	B	B	B	B	B	B	C	C	A	A	A	A	A	A	A	A	A	A	A	A	A	A	L	A	B	B	B	B	B	B	B	B	C	C	C	C	A	A	A	A	A	A	A	A	B	B	B	B	B	B	C	C	C	C	C	C	C	C	C	C	A	L	L	C	C	C	C	C	A	A	A	A	B	B	B	B	B	B	C	C	A	A	A	A	A	A	B	B	B	B	C	C	C	C	C	C	A	A	B	B	B	B	B	B	C	C	C	C	A	A	C	B	L	L	L	L	L	L	L	L	L	L	L	L	L	G	C	G	L	C	A	L	L	C	A	A	B	B	C	L	L	L	L	L	L	L	L	L	L	L	L	L	L	L	L	L	L	L	L	L	L	L	L	L	L	L	L	L	L	L	L	L	L	L	L	L	L	L	L	L	L	L	L	L	L	L	L	L	L	L	L	L	L	L	L	L	L	L	L	L	L	L	L	L	L	L	L	L	G	C	G	L	C	L	A	A	A	L	A	A	A	A	A	L	A	B	B	B	B	B	B	C	C	A	A	L	C	A	A	B	B	B	B	C	C	A	A	A	A	B	B	C	C	C	C	A	L	L	C	A	A	B	B	C	C	A	A	B	B	C	C	A	A	B	B	C	C	A	A	B	B	C	C	A	A	B	B	C	C	A	A	B	B	C	C	A	A	B	B	C	C	A	A	B	B	C	L	L	L	L	L	L	L	L	L	L	L	L	L	L	L	L	L	L	L	L	L	L	L	L	L	L	L	
596	G	B	A	L	A	A	L	B	B	B	L	B	B	B	B	B	L	B	B	B	B	B	B	B	G	L	A	A	A	A	B	B	B	B	B	B	B	B	B	B	L	B	B	B	B	B	C	C	A	A	A	A	A	A	A	A	A	A	A	A	A	A	A	L	L	B	B	B	B	B	B	B	C	C	C	C	A	A	A	A	A	A	A	A	B	B	B	B	B	B	C	C	C	C	C	C	C	C	C	C	A	A	G	L	C	C	C	C	A	A	A	A	B	B	B	B	B	B	C	C	A	A	A	A	A	A	B	B	B	B	C	C	C	C	C	C	A	A	B	B	B	B	B	B	C	C	C	C	A	A	C	B	L	L	L	L	L	L	L	L	L	L	L	L	L	L	G	B	A	L	A	A	G	L	A	A	B	B	C	C	A	L	L	L	L	L	L	L	L	L	L	L	L	L	L	L	L	L	L	L	L	L	L	L	L	L	L	L	L	L	L	L	L	L	L	L	L	L	L	L	L	L	L	L	L	L	L	L	L	L	L	L	L	L	L	L	L	L	L	L	L	L	L	L	L	L	L	L	L	G	B	A	L	C	L	A	A	A	L	A	A	A	A	A	L	L	B	B	B	B	B	C	C	A	A	A	L	A	A	B	B	B	B	C	C	A	A	A	A	B	B	C	C	C	C	A	A	G	L	A	A	B	B	C	C	A	A	B	B	C	C	A	A	B	B	C	C	A	A	B	B	C	C	A	A	B	B	C	C	A	A	B	B	C	C	A	A	B	B	C	C	A	A	B	B	C	C	A	L	L	L	L	L	L	L	L	L	L	L	L	L	L	L	L	L	L	L	L	L	L	L	L	L	L	
597	G	C	G	L	A	A	L	B	B	G	L	B	B	B	B	G	L	B	B	B	B	B	B	B	B	L	A	A	A	B	B	B	B	B	B	B	B	B	B	G	L	B	B	B	B	C	C	A	A	A	A	A	A	A	A	A	A	A	A	A	A	A	A	G	L	B	B	B	B	B	B	C	C	C	C	A	A	A	A	A	A	A	A	B	B	B	B	B	B	C	C	C	C	C	C	C	C	C	C	A	A	B	B	L	C	C	C	A	A	A	A	B	B	B	B	B	B	C	C	A	A	A	A	A	A	B	B	B	B	C	C	C	C	C	C	A	A	B	B	B	B	B	B	C	C	C	C	A	A	C	B	L	L	L	L	L	L	L	L	L	L	L	L	L	L	L	G	C	G	L	A	B	B	L	A	B	B	C	C	A	A	G	L	L	L	L	L	L	L	L	L	L	L	L	L	L	L	L	L	L	L	L	L	L	L	L	L	L	L	L	L	L	L	L	L	L	L	L	L	L	L	L	L	L	L	L	L	L	L	L	L	L	L	L	L	L	L	L	L	L	L	L	L	L	L	L	L	L	L	G	C	G	L	C	L	A	A	A	L	A	A	A	A	A	G	L	B	B	B	B	C	C	A	A	A	A	L	A	B	B	B	B	C	C	A	A	A	A	B	B	C	C	C	C	A	A	B	B	L	A	B	B	C	C	A	A	B	B	C	C	A	A	B	B	C	C	A	A	B	B	C	C	A	A	B	B	C	C	A	A	B	B	C	C	A	A	B	B	C	C	A	A	B	B	C	C	A	A	G	L	L	L	L	L	L	L	L	L	L	L	L	L	L	L	L	L	L	L	L	L	L	L	L	L	
598	G	B	A	L	A	A	L	B	B	B	L	B	B	B	B	B	L	B	B	B	B	B	B	B	G	L	A	A	B	B	B	B	B	B	B	B	B	B	B	B	L	B	B	B	C	C	A	A	A	A	A	A	A	A	A	A	A	A	A	A	A	A	B	B	L	B	B	B	B	B	C	C	C	C	A	A	A	A	A	A	A	A	B	B	B	B	B	B	C	C	C	C	C	C	C	C	C	C	A	A	B	B	G	L	C	C	A	A	A	A	B	B	B	B	B	B	C	C	A	A	A	A	A	A	B	B	B	B	C	C	C	C	C	C	A	A	B	B	B	B	B	B	C	C	C	C	A	A	C	B	L	L	L	L	L	L	L	L	L	L	L	L	L	L	L	L	G	B	A	L	L	B	G	L	L	B	C	C	A	A	B	B	C	L	L	L	L	L	L	L	L	L	L	L	L	L	L	L	L	L	L	L	L	L	L	L	L	L	L	L	L	L	L	L	L	L	L	L	L	L	L	L	L	L	L	L	L	L	L	L	L	L	L	L	L	L	L	L	L	L	L	L	L	L	L	L	L	L	L	G	B	A	L	C	L	A	A	A	L	A	A	A	A	B	B	L	B	B	B	C	C	A	A	A	A	A	L	L	B	B	B	C	C	A	A	A	A	B	B	C	C	C	C	A	A	B	B	G	L	L	B	C	C	A	A	B	B	C	C	A	A	B	B	C	C	A	A	B	B	C	C	A	A	B	B	C	C	A	A	B	B	C	C	A	A	B	B	C	C	A	A	B	B	C	C	A	A	B	B	C	L	L	L	L	L	L	L	L	L	L	L	L	L	L	L	L	L	L	L	L	L	L	L	L	
599	G	C	G	L	A	A	L	B	B	G	L	B	B	B	B	G	L	B	B	B	B	B	B	B	B	L	A	B	B	B	B	B	B	B	B	B	B	B	B	G	L	B	B	C	C	A	A	A	A	A	A	A	A	A	A	A	A	A	A	A	A	B	B	G	L	B	B	B	B	C	C	C	C	A	A	A	A	A	A	A	A	B	B	B	B	B	B	C	C	C	C	C	C	C	C	C	C	A	A	B	B	B	B	L	C	A	A	A	A	B	B	B	B	B	B	C	C	A	A	A	A	A	A	B	B	B	B	C	C	C	C	C	C	A	A	B	B	B	B	B	B	C	C	C	C	A	A	C	B	L	L	L	L	L	L	L	L	L	L	L	L	L	L	L	L	L	G	C	G	G	L	B	B	C	L	L	C	A	A	B	B	C	C	A	L	L	L	L	L	L	L	L	L	L	L	L	L	L	L	L	L	L	L	L	L	L	L	L	L	L	L	L	L	L	L	L	L	L	L	L	L	L	L	L	L	L	L	L	L	L	L	L	L	L	L	L	L	L	L	L	L	L	L	L	L	L	L	L	L	G	C	G	L	C	L	A	A	A	L	A	A	A	B	B	G	L	B	B	C	C	A	A	A	A	A	A	G	L	B	B	C	C	A	A	A	A	B	B	C	C	C	C	A	A	B	B	B	B	C	L	L	C	A	A	B	B	C	C	A	A	B	B	C	C	A	A	B	B	C	C	A	A	B	B	C	C	A	A	B	B	C	C	A	A	B	B	C	C	A	A	B	B	C	C	A	A	B	B	C	C	A	L	L	L	L	L	L	L	L	L	L	L	L	L	L	L	L	L	L	L	L	L	L	L	
600	G	B	A	L	A	A	L	B	B	B	L	B	B	B	B	B	L	B	B	B	B	B	B	B	G	L	L	B	B	B	B	B	B	B	B	B	B	B	B	B	L	B	C	C	A	A	A	A	A	A	A	A	A	A	A	A	A	A	A	A	B	B	B	B	L	B	B	B	C	C	C	C	A	A	A	A	A	A	A	A	B	B	B	B	B	B	C	C	C	C	C	C	C	C	C	C	A	A	B	B	B	B	G	L	A	A	A	A	B	B	B	B	B	B	C	C	A	A	A	A	A	A	B	B	B	B	C	C	C	C	C	C	A	A	B	B	B	B	B	B	C	C	C	C	A	A	C	B	L	L	L	L	L	L	L	L	L	L	L	L	L	L	L	L	L	L	G	B	A	B	L	B	C	C	A	L	A	A	B	B	C	C	A	A	G	L	L	L	L	L	L	L	L	L	L	L	L	L	L	L	L	L	L	L	L	L	L	L	L	L	L	L	L	L	L	L	L	L	L	L	L	L	L	L	L	L	L	L	L	L	L	L	L	L	L	L	L	L	L	L	L	L	L	L	L	L	L	L	L	G	B	A	L	C	L	A	A	A	L	A	A	B	B	B	B	L	B	C	C	A	A	A	A	A	A	B	B	L	B	C	C	A	A	A	A	B	B	C	C	C	C	A	A	B	B	B	B	C	C	A	L	A	A	B	B	C	C	A	A	B	B	C	C	A	A	B	B	C	C	A	A	B	B	C	C	A	A	B	B	C	C	A	A	B	B	C	C	A	A	B	B	C	C	A	A	B	B	C	C	A	A	G	L	L	L	L	L	L	L	L	L	L	L	L	L	L	L	L	L	L	L	L	L	L	
601	G	C	G	L	A	A	L	B	B	G	L	B	B	B	B	G	L	B	B	B	B	B	B	B	B	C	L	B	B	B	B	B	B	B	B	B	B	B	B	G	L	L	C	A	A	A	A	A	A	A	A	A	A	A	A	A	A	A	A	B	B	B	B	G	L	B	B	C	C	C	C	A	A	A	A	A	A	A	A	B	B	B	B	B	B	C	C	C	C	C	C	C	C	C	C	A	A	B	B	B	B	B	B	L	A	A	A	B	B	B	B	B	B	C	C	A	A	A	A	A	A	B	B	B	B	C	C	C	C	C	C	A	A	B	B	B	B	B	B	C	C	C	C	A	A	C	B	L	L	L	L	L	L	L	L	L	L	L	L	L	L	L	L	L	L	L	G	C	G	G	L	L	C	A	A	L	A	B	B	C	C	A	A	B	B	C	L	L	L	L	L	L	L	L	L	L	L	L	L	L	L	L	L	L	L	L	L	L	L	L	L	L	L	L	L	L	L	L	L	L	L	L	L	L	L	L	L	L	L	L	L	L	L	L	L	L	L	L	L	L	L	L	L	L	L	L	L	L	L	G	C	G	L	C	L	A	A	A	L	A	B	B	B	B	G	L	L	C	A	A	A	A	A	A	B	B	G	L	L	C	A	A	A	A	B	B	C	C	C	C	A	A	B	B	B	B	C	C	A	A	L	A	B	B	C	C	A	A	B	B	C	C	A	A	B	B	C	C	A	A	B	B	C	C	A	A	B	B	C	C	A	A	B	B	C	C	A	A	B	B	C	C	A	A	B	B	C	C	A	A	B	B	C	L	L	L	L	L	L	L	L	L	L	L	L	L	L	L	L	L	L	L	L	L	
602	G	B	A	L	A	A	L	B	B	B	L	B	B	B	B	B	L	B	B	B	B	B	B	B	C	C	L	B	B	B	B	B	B	B	B	B	B	B	B	B	C	L	A	A	A	A	A	A	A	A	A	A	A	A	A	A	A	A	B	B	B	B	B	B	L	B	C	C	C	C	A	A	A	A	A	A	A	A	B	B	B	B	B	B	C	C	C	C	C	C	C	C	C	C	A	A	B	B	B	B	B	B	G	L	A	A	B	B	B	B	B	B	C	C	A	A	A	A	A	A	B	B	B	B	C	C	C	C	C	C	A	A	B	B	B	B	B	B	C	C	C	C	A	A	C	B	L	L	L	L	L	L	L	L	L	L	L	L	L	L	L	L	L	L	L	L	G	B	A	B	C	L	A	A	A	L	L	B	C	C	A	A	B	B	C	C	A	L	L	L	L	L	L	L	L	L	L	L	L	L	L	L	L	L	L	L	L	L	L	L	L	L	L	L	L	L	L	L	L	L	L	L	L	L	L	L	L	L	L	L	L	L	L	L	L	L	L	L	L	L	L	L	L	L	L	L	L	L	L	G	B	A	L	C	L	A	A	A	L	L	B	B	B	B	B	C	L	A	A	A	A	A	A	B	B	B	B	C	L	A	A	A	A	B	B	C	C	C	C	A	A	B	B	B	B	C	C	A	A	A	L	L	B	C	C	A	A	B	B	C	C	A	A	B	B	C	C	A	A	B	B	C	C	A	A	B	B	C	C	A	A	B	B	C	C	A	A	B	B	C	C	A	A	B	B	C	C	A	A	B	B	C	C	A	L	L	L	L	L	L	L	L	L	L	L	L	L	L	L	L	L	L	L	L	
603	G	C	G	L	A	A	L	B	B	G	L	B	B	B	B	G	L	B	B	B	B	B	B	C	C	C	L	B	B	B	B	B	B	B	B	B	B	B	B	C	C	L	A	A	A	A	A	A	A	A	A	A	A	A	A	A	A	B	B	B	B	B	B	G	L	L	C	C	C	A	A	A	A	A	A	A	A	B	B	B	B	B	B	C	C	C	C	C	C	C	C	C	C	A	A	B	B	B	B	B	B	B	B	L	A	B	B	B	B	B	B	C	C	A	A	A	A	A	A	B	B	B	B	C	C	C	C	C	C	A	A	B	B	B	B	B	B	C	C	C	C	A	A	C	B	L	L	L	L	L	L	L	L	L	L	L	L	L	L	L	L	L	L	L	L	L	G	C	G	L	C	L	A	A	A	G	L	L	C	A	A	B	B	C	C	A	A	G	L	L	L	L	L	L	L	L	L	L	L	L	L	L	L	L	L	L	L	L	L	L	L	L	L	L	L	L	L	L	L	L	L	L	L	L	L	L	L	L	L	L	L	L	L	L	L	L	L	L	L	L	L	L	L	L	L	L	L	L	L	G	C	G	L	C	L	A	A	A	G	L	B	B	B	B	C	C	L	A	A	A	A	A	B	B	B	B	C	C	L	A	A	A	B	B	C	C	C	C	A	A	B	B	B	B	C	C	A	A	A	A	G	L	L	C	A	A	B	B	C	C	A	A	B	B	C	C	A	A	B	B	C	C	A	A	B	B	C	C	A	A	B	B	C	C	A	A	B	B	C	C	A	A	B	B	C	C	A	A	B	B	C	C	A	A	G	L	L	L	L	L	L	L	L	L	L	L	L	L	L	L	L	L	L	L	
604	G	B	A	L	A	A	L	B	B	B	L	B	B	B	B	B	L	B	B	B	B	B	C	C	C	C	L	B	B	B	B	B	B	B	B	B	B	B	C	C	C	L	A	A	A	A	A	A	A	A	A	A	A	A	A	A	B	B	B	B	B	B	B	B	C	L	C	C	A	A	A	A	A	A	A	A	B	B	B	B	B	B	C	C	C	C	C	C	C	C	C	C	A	A	B	B	B	B	B	B	B	B	G	L	L	B	B	B	B	B	C	C	A	A	A	A	A	A	B	B	B	B	C	C	C	C	C	C	A	A	B	B	B	B	B	B	C	C	C	C	A	A	C	B	L	L	L	L	L	L	L	L	L	L	L	L	L	L	L	L	L	L	L	L	L	L	G	B	A	L	C	L	A	A	B	B	C	L	A	A	B	B	C	C	A	A	B	B	C	L	L	L	L	L	L	L	L	L	L	L	L	L	L	L	L	L	L	L	L	L	L	L	L	L	L	L	L	L	L	L	L	L	L	L	L	L	L	L	L	L	L	L	L	L	L	L	L	L	L	L	L	L	L	L	L	L	L	L	L	G	B	A	L	C	L	A	A	B	B	L	B	B	B	C	C	C	L	A	A	A	A	B	B	B	B	C	C	C	L	A	A	B	B	C	C	C	C	A	A	B	B	B	B	C	C	A	A	A	A	B	B	C	L	A	A	B	B	C	C	A	A	B	B	C	C	A	A	B	B	C	C	A	A	B	B	C	C	A	A	B	B	C	C	A	A	B	B	C	C	A	A	B	B	C	C	A	A	B	B	C	C	A	A	B	B	C	L	L	L	L	L	L	L	L	L	L	L	L	L	L	L	L	L	L	
605	G	C	G	L	A	A	L	B	B	G	L	B	B	B	B	G	L	B	B	B	B	C	C	C	C	C	L	B	B	B	B	B	B	B	B	B	B	C	C	C	C	L	A	A	A	A	A	A	A	A	A	A	A	A	A	B	B	B	B	B	B	B	B	C	C	L	C	A	A	A	A	A	A	A	A	B	B	B	B	B	B	C	C	C	C	C	C	C	C	C	C	A	A	B	B	B	B	B	B	B	B	B	B	C	L	B	B	B	B	C	C	A	A	A	A	A	A	B	B	B	B	C	C	C	C	C	C	A	A	B	B	B	B	B	B	C	C	C	C	A	A	C	B	L	L	L	L	L	L	L	L	L	L	L	L	L	L	L	L	L	L	L	L	L	L	L	G	C	G	L	C	L	A	B	B	C	C	L	A	B	B	C	C	A	A	B	B	C	C	A	L	L	L	L	L	L	L	L	L	L	L	L	L	L	L	L	L	L	L	L	L	L	L	L	L	L	L	L	L	L	L	L	L	L	L	L	L	L	L	L	L	L	L	L	L	L	L	L	L	L	L	L	L	L	L	L	L	L	L	G	C	G	L	C	L	A	B	B	G	L	B	B	C	C	C	C	L	A	A	A	B	B	B	B	C	C	C	C	L	A	B	B	C	C	C	C	A	A	B	B	B	B	C	C	A	A	A	A	B	B	C	C	L	A	B	B	C	C	A	A	B	B	C	C	A	A	B	B	C	C	A	A	B	B	C	C	A	A	B	B	C	C	A	A	B	B	C	C	A	A	B	B	C	C	A	A	B	B	C	C	A	A	B	B	C	C	A	L	L	L	L	L	L	L	L	L	L	L	L	L	L	L	L	L	
606	G	B	A	L	A	A	L	B	B	B	L	B	B	B	B	B	L	B	B	B	C	C	C	C	C	C	L	B	B	B	B	B	B	B	B	B	C	C	C	C	C	L	A	A	A	A	A	A	A	A	A	A	A	A	B	B	B	B	B	B	B	B	C	C	C	L	A	A	A	A	A	A	A	A	B	B	B	B	B	B	C	C	C	C	C	C	C	C	C	C	A	A	B	B	B	B	B	B	B	B	B	B	C	C	L	B	B	B	C	C	A	A	A	A	A	A	B	B	B	B	C	C	C	C	C	C	A	A	B	B	B	B	B	B	C	C	C	C	A	A	C	B	L	L	L	L	L	L	L	L	L	L	L	L	L	L	L	L	L	L	L	L	L	L	L	L	G	B	A	L	C	L	L	B	C	C	C	L	L	B	C	C	A	A	B	B	C	C	A	A	G	L	L	L	L	L	L	L	L	L	L	L	L	L	L	L	L	L	L	L	L	L	L	L	L	L	L	L	L	L	L	L	L	L	L	L	L	L	L	L	L	L	L	L	L	L	L	L	L	L	L	L	L	L	L	L	L	L	L	G	B	A	L	C	L	L	B	B	B	L	B	C	C	C	C	C	L	A	A	B	B	B	B	C	C	C	C	C	L	L	B	C	C	C	C	A	A	B	B	B	B	C	C	A	A	A	A	B	B	C	C	C	L	L	B	C	C	A	A	B	B	C	C	A	A	B	B	C	C	A	A	B	B	C	C	A	A	B	B	C	C	A	A	B	B	C	C	A	A	B	B	C	C	A	A	B	B	C	C	A	A	B	B	C	C	A	A	G	L	L	L	L	L	L	L	L	L	L	L	L	L	L	L	L	
607	G	C	G	L	A	A	L	B	B	G	L	B	B	B	B	G	L	B	B	C	C	C	C	C	C	C	L	B	B	B	B	B	B	B	B	C	C	C	C	C	C	L	A	A	A	A	A	A	A	A	A	A	A	B	B	B	B	B	B	B	B	C	C	C	C	L	A	A	A	A	A	A	A	B	B	B	B	B	B	C	C	C	C	C	C	C	C	C	C	A	A	B	B	B	B	B	B	B	B	B	B	C	C	C	L	B	B	C	C	A	A	A	A	A	A	B	B	B	B	C	C	C	C	C	C	A	A	B	B	B	B	B	B	C	C	C	C	A	A	C	B	L	L	L	L	L	L	L	L	L	L	L	L	L	L	L	L	L	L	L	L	L	L	L	L	L	G	C	G	L	C	A	L	L	C	C	C	A	L	L	C	A	A	B	B	C	C	A	A	B	B	C	L	L	L	L	L	L	L	L	L	L	L	L	L	L	L	L	L	L	L	L	L	L	L	L	L	L	L	L	L	L	L	L	L	L	L	L	L	L	L	L	L	L	L	L	L	L	L	L	L	L	L	L	L	L	L	L	L	G	C	G	L	C	A	L	B	B	G	L	L	C	C	C	C	C	L	A	B	B	B	B	C	C	C	C	C	C	A	L	L	C	C	C	A	A	B	B	B	B	C	C	A	A	A	A	B	B	C	C	C	C	A	L	L	C	A	A	B	B	C	C	A	A	B	B	C	C	A	A	B	B	C	C	A	A	B	B	C	C	A	A	B	B	C	C	A	A	B	B	C	C	A	A	B	B	C	C	A	A	B	B	C	C	A	A	B	B	C	L	L	L	L	L	L	L	L	L	L	L	L	L	L	L	
608	G	B	A	L	A	A	L	B	B	B	L	B	B	B	B	B	L	B	C	C	C	C	C	C	C	C	L	B	B	B	B	B	B	B	C	C	C	C	C	C	C	L	A	A	A	A	A	A	A	A	A	A	B	B	B	B	B	B	B	B	C	C	C	C	C	L	A	A	A	A	A	A	B	B	B	B	B	B	C	C	C	C	C	C	C	C	C	C	A	A	B	B	B	B	B	B	B	B	B	B	C	C	C	C	L	B	C	C	A	A	A	A	A	A	B	B	B	B	C	C	C	C	C	C	A	A	B	B	B	B	B	B	C	C	C	C	A	A	C	B	L	L	L	L	L	L	L	L	L	L	L	L	L	L	L	L	L	L	L	L	L	L	L	L	L	L	G	B	A	L	A	A	G	L	C	C	A	A	G	L	A	A	B	B	C	C	A	A	B	B	C	C	A	L	L	L	L	L	L	L	L	L	L	L	L	L	L	L	L	L	L	L	L	L	L	L	L	L	L	L	L	L	L	L	L	L	L	L	L	L	L	L	L	L	L	L	L	L	L	L	L	L	L	L	L	L	L	L	L	G	B	A	L	A	A	L	B	B	B	C	L	C	C	C	C	C	L	L	B	B	B	C	C	C	C	C	C	A	A	G	L	C	C	A	A	B	B	B	B	C	C	A	A	A	A	B	B	C	C	C	C	A	A	G	L	A	A	B	B	C	C	A	A	B	B	C	C	A	A	B	B	C	C	A	A	B	B	C	C	A	A	B	B	C	C	A	A	B	B	C	C	A	A	B	B	C	C	A	A	B	B	C	C	A	A	B	B	C	C	A	L	L	L	L	L	L	L	L	L	L	L	L	L	L	
609	G	C	G	L	A	A	L	B	B	G	L	B	B	B	B	G	L	L	C	C	C	C	C	C	C	C	L	B	B	B	B	B	B	C	C	C	C	C	C	C	C	L	A	A	A	A	A	A	A	A	A	B	B	B	B	B	B	B	B	C	C	C	C	C	C	L	A	A	A	A	A	B	B	B	B	B	B	C	C	C	C	C	C	C	C	C	C	A	A	B	B	B	B	B	B	B	B	B	B	C	C	C	C	C	L	L	C	A	A	A	A	A	A	B	B	B	B	C	C	C	C	C	C	A	A	B	B	B	B	B	B	C	C	C	C	A	A	C	B	L	L	L	L	L	L	L	L	L	L	L	L	L	L	L	L	L	L	L	L	L	L	L	L	L	L	L	G	C	G	L	A	B	B	L	C	A	A	B	B	L	A	B	B	C	C	A	A	B	B	C	C	A	A	G	L	L	L	L	L	L	L	L	L	L	L	L	L	L	L	L	L	L	L	L	L	L	L	L	L	L	L	L	L	L	L	L	L	L	L	L	L	L	L	L	L	L	L	L	L	L	L	L	L	L	L	L	L	L	L	G	C	G	L	A	A	L	B	B	C	C	L	C	C	C	C	C	A	L	B	B	C	C	C	C	C	C	A	A	B	B	L	C	A	A	B	B	B	B	C	C	A	A	A	A	B	B	C	C	C	C	A	A	B	B	L	A	B	B	C	C	A	A	B	B	C	C	A	A	B	B	C	C	A	A	B	B	C	C	A	A	B	B	C	C	A	A	B	B	C	C	A	A	B	B	C	C	A	A	B	B	C	C	A	A	B	B	C	C	A	A	G	L	L	L	L	L	L	L	L	L	L	L	L	L	
610	G	B	A	L	A	A	L	B	B	B	L	B	B	B	B	B	C	L	C	C	C	C	C	C	C	C	L	B	B	B	B	B	C	C	C	C	C	C	C	C	C	L	A	A	A	A	A	A	A	A	B	B	B	B	B	B	B	B	C	C	C	C	C	C	C	L	A	A	A	A	B	B	B	B	B	B	C	C	C	C	C	C	C	C	C	C	A	A	B	B	B	B	B	B	B	B	B	B	C	C	C	C	C	C	A	L	A	A	A	A	A	A	B	B	B	B	C	C	C	C	C	C	A	A	B	B	B	B	B	B	C	C	C	C	A	A	C	B	L	L	L	L	L	L	L	L	L	L	L	L	L	L	L	L	L	L	L	L	L	L	L	L	L	L	L	L	G	B	A	L	L	B	G	L	A	A	B	B	G	L	L	B	C	C	A	A	B	B	C	C	A	A	B	B	C	L	L	L	L	L	L	L	L	L	L	L	L	L	L	L	L	L	L	L	L	L	L	L	L	L	L	L	L	L	L	L	L	L	L	L	L	L	L	L	L	L	L	L	L	L	L	L	L	L	L	L	L	L	L	G	B	A	L	A	A	L	B	C	C	C	L	C	C	C	C	A	A	L	B	C	C	C	C	C	C	A	A	B	B	G	L	A	A	B	B	B	B	C	C	A	A	A	A	B	B	C	C	C	C	A	A	B	B	G	L	L	B	C	C	A	A	B	B	C	C	A	A	B	B	C	C	A	A	B	B	C	C	A	A	B	B	C	C	A	A	B	B	C	C	A	A	B	B	C	C	A	A	B	B	C	C	A	A	B	B	C	C	A	A	B	B	C	L	L	L	L	L	L	L	L	L	L	L	L	
611	G	C	G	L	A	A	L	B	B	G	L	B	B	B	B	C	C	L	C	C	C	C	C	C	C	C	L	B	B	B	B	C	C	C	C	C	C	C	C	C	C	L	A	A	A	A	A	A	A	B	B	B	B	B	B	B	B	C	C	C	C	C	C	C	C	L	A	A	A	B	B	B	B	B	B	C	C	C	C	C	C	C	C	C	C	A	A	B	B	B	B	B	B	B	B	B	B	C	C	C	C	C	C	A	A	L	A	A	A	A	A	B	B	B	B	C	C	C	C	C	C	A	A	B	B	B	B	B	B	C	C	C	C	A	A	C	B	L	L	L	L	L	L	L	L	L	L	L	L	L	L	L	L	L	L	L	L	L	L	L	L	L	L	L	L	L	G	C	G	G	L	B	B	L	A	B	B	B	B	C	L	L	C	A	A	B	B	C	C	A	A	B	B	C	C	A	L	L	L	L	L	L	L	L	L	L	L	L	L	L	L	L	L	L	L	L	L	L	L	L	L	L	L	L	L	L	L	L	L	L	L	L	L	L	L	L	L	L	L	L	L	L	L	L	L	L	L	L	L	G	C	G	L	A	A	L	L	C	C	C	L	C	C	C	A	A	A	L	L	C	C	C	C	C	A	A	B	B	B	B	L	A	B	B	B	B	C	C	A	A	A	A	B	B	C	C	C	C	A	A	B	B	B	B	C	L	L	C	A	A	B	B	C	C	A	A	B	B	C	C	A	A	B	B	C	C	A	A	B	B	C	C	A	A	B	B	C	C	A	A	B	B	C	C	A	A	B	B	C	C	A	A	B	B	C	C	A	A	B	B	C	C	A	L	L	L	L	L	L	L	L	L	L	L	
612	G	B	A	L	A	A	L	B	B	B	L	B	B	B	C	C	C	L	C	C	C	C	C	C	C	C	L	B	B	B	C	C	C	C	C	C	C	C	C	C	C	L	A	A	A	A	A	A	B	B	B	B	B	B	B	B	C	C	C	C	C	C	C	C	C	L	A	A	B	B	B	B	B	B	C	C	C	C	C	C	C	C	C	C	A	A	B	B	B	B	B	B	B	B	B	B	C	C	C	C	C	C	A	A	A	L	A	A	A	A	B	B	B	B	C	C	C	C	C	C	A	A	B	B	B	B	B	B	C	C	C	C	A	A	C	B	L	L	L	L	L	L	L	L	L	L	L	L	L	L	L	L	L	L	L	L	L	L	L	L	L	L	L	L	L	L	G	B	A	B	L	B	G	L	L	B	B	B	C	C	A	L	A	A	B	B	C	C	A	A	B	B	C	C	A	A	G	L	L	L	L	L	L	L	L	L	L	L	L	L	L	L	L	L	L	L	L	L	L	L	L	L	L	L	L	L	L	L	L	L	L	L	L	L	L	L	L	L	L	L	L	L	L	L	L	L	L	L	L	G	B	A	L	A	A	G	L	C	C	C	L	C	C	A	A	A	A	G	L	C	C	C	C	A	A	B	B	B	B	G	L	L	B	B	B	C	C	A	A	A	A	B	B	C	C	C	C	A	A	B	B	B	B	C	C	A	L	A	A	B	B	C	C	A	A	B	B	C	C	A	A	B	B	C	C	A	A	B	B	C	C	A	A	B	B	C	C	A	A	B	B	C	C	A	A	B	B	C	C	A	A	B	B	C	C	A	A	B	B	C	C	A	A	G	L	L	L	L	L	L	L	L	L	L	
613	G	C	G	L	A	A	L	B	B	G	L	B	B	C	C	C	C	L	C	C	C	C	C	C	C	C	L	B	B	C	C	C	C	C	C	C	C	C	C	C	C	L	A	A	A	A	A	B	B	B	B	B	B	B	B	C	C	C	C	C	C	C	C	C	C	L	A	B	B	B	B	B	B	C	C	C	C	C	C	C	C	C	C	A	A	B	B	B	B	B	B	B	B	B	B	C	C	C	C	C	C	A	A	A	A	L	A	A	A	B	B	B	B	C	C	C	C	C	C	A	A	B	B	B	B	B	B	C	C	C	C	A	A	C	B	L	L	L	L	L	L	L	L	L	L	L	L	L	L	L	L	L	L	L	L	L	L	L	L	L	L	L	L	L	L	L	G	C	G	G	L	B	B	C	L	B	B	C	C	A	A	L	A	B	B	C	C	A	A	B	B	C	C	A	A	B	B	C	L	L	L	L	L	L	L	L	L	L	L	L	L	L	L	L	L	L	L	L	L	L	L	L	L	L	L	L	L	L	L	L	L	L	L	L	L	L	L	L	L	L	L	L	L	L	L	L	L	L	L	G	C	G	L	A	B	B	L	C	C	C	L	C	A	A	A	A	B	B	L	C	C	C	A	A	B	B	B	B	B	B	C	L	B	B	C	C	A	A	A	A	B	B	C	C	C	C	A	A	B	B	B	B	C	C	A	A	L	A	B	B	C	C	A	A	B	B	C	C	A	A	B	B	C	C	A	A	B	B	C	C	A	A	B	B	C	C	A	A	B	B	C	C	A	A	B	B	C	C	A	A	B	B	C	C	A	A	B	B	C	C	A	A	B	B	C	L	L	L	L	L	L	L	L	L	
614	G	B	A	L	A	A	L	B	B	B	L	B	C	C	C	C	C	L	C	C	C	C	C	C	C	C	L	B	C	C	C	C	C	C	C	C	C	C	C	C	C	L	A	A	A	A	B	B	B	B	B	B	B	B	C	C	C	C	C	C	C	C	C	C	C	L	L	B	B	B	B	B	C	C	C	C	C	C	C	C	C	C	A	A	B	B	B	B	B	B	B	B	B	B	C	C	C	C	C	C	A	A	A	A	A	L	A	A	B	B	B	B	C	C	C	C	C	C	A	A	B	B	B	B	B	B	C	C	C	C	A	A	C	B	L	L	L	L	L	L	L	L	L	L	L	L	L	L	L	L	L	L	L	L	L	L	L	L	L	L	L	L	L	L	L	L	G	B	A	B	L	B	C	C	L	B	C	C	A	A	A	L	L	B	C	C	A	A	B	B	C	C	A	A	B	B	C	C	A	L	L	L	L	L	L	L	L	L	L	L	L	L	L	L	L	L	L	L	L	L	L	L	L	L	L	L	L	L	L	L	L	L	L	L	L	L	L	L	L	L	L	L	L	L	L	L	L	L	L	G	B	A	L	L	B	G	L	C	C	C	L	A	A	A	A	B	B	G	L	C	C	A	A	B	B	B	B	B	B	C	C	L	B	C	C	A	A	A	A	B	B	C	C	C	C	A	A	B	B	B	B	C	C	A	A	A	L	L	B	C	C	A	A	B	B	C	C	A	A	B	B	C	C	A	A	B	B	C	C	A	A	B	B	C	C	A	A	B	B	C	C	A	A	B	B	C	C	A	A	B	B	C	C	A	A	B	B	C	C	A	A	B	B	C	C	A	L	L	L	L	L	L	L	L	
615	G	C	G	L	A	A	L	B	B	G	L	L	C	C	C	C	C	L	C	C	C	C	C	C	C	C	L	L	C	C	C	C	C	C	C	C	C	C	C	C	C	L	A	A	A	B	B	B	B	B	B	B	B	C	C	C	C	C	C	C	C	C	C	C	C	A	L	B	B	B	B	C	C	C	C	C	C	C	C	C	C	A	A	B	B	B	B	B	B	B	B	B	B	C	C	C	C	C	C	A	A	A	A	A	A	L	A	B	B	B	B	C	C	C	C	C	C	A	A	B	B	B	B	B	B	C	C	C	C	A	A	C	B	L	L	L	L	L	L	L	L	L	L	L	L	L	L	L	L	L	L	L	L	L	L	L	L	L	L	L	L	L	L	L	L	L	G	C	G	G	L	L	C	C	L	L	C	A	A	A	A	G	L	L	C	A	A	B	B	C	C	A	A	B	B	C	C	A	A	G	L	L	L	L	L	L	L	L	L	L	L	L	L	L	L	L	L	L	L	L	L	L	L	L	L	L	L	L	L	L	L	L	L	L	L	L	L	L	L	L	L	L	L	L	L	L	L	L	L	G	C	G	G	L	B	B	L	C	C	C	L	A	A	A	B	B	B	B	L	C	A	A	B	B	B	B	B	B	C	C	C	L	L	C	A	A	A	A	B	B	C	C	C	C	A	A	B	B	B	B	C	C	A	A	A	A	G	L	L	C	A	A	B	B	C	C	A	A	B	B	C	C	A	A	B	B	C	C	A	A	B	B	C	C	A	A	B	B	C	C	A	A	B	B	C	C	A	A	B	B	C	C	A	A	B	B	C	C	A	A	B	B	C	C	A	A	G	L	L	L	L	L	L	L	
616	G	B	A	L	A	A	L	B	B	B	C	L	C	C	C	C	C	L	C	C	C	C	C	C	C	C	A	L	C	C	C	C	C	C	C	C	C	C	C	C	C	L	A	A	B	B	B	B	B	B	B	B	C	C	C	C	C	C	C	C	C	C	C	C	A	A	L	B	B	B	C	C	C	C	C	C	C	C	C	C	A	A	B	B	B	B	B	B	B	B	B	B	C	C	C	C	C	C	A	A	A	A	A	A	A	L	L	B	B	B	C	C	C	C	C	C	A	A	B	B	B	B	B	B	C	C	C	C	A	A	C	B	L	L	L	L	L	L	L	L	L	L	L	L	L	L	L	L	L	L	L	L	L	L	L	L	L	L	L	L	L	L	L	L	L	L	G	B	A	B	C	L	C	C	A	L	A	A	A	A	B	B	C	L	A	A	B	B	C	C	A	A	B	B	C	C	A	A	B	B	C	L	L	L	L	L	L	L	L	L	L	L	L	L	L	L	L	L	L	L	L	L	L	L	L	L	L	L	L	L	L	L	L	L	L	L	L	L	L	L	L	L	L	L	L	L	L	L	L	G	B	A	B	L	B	G	L	C	C	C	L	A	A	B	B	B	B	G	L	A	A	B	B	B	B	B	B	C	C	C	C	A	L	A	A	A	A	B	B	C	C	C	C	A	A	B	B	B	B	C	C	A	A	A	A	B	B	C	L	A	A	B	B	C	C	A	A	B	B	C	C	A	A	B	B	C	C	A	A	B	B	C	C	A	A	B	B	C	C	A	A	B	B	C	C	A	A	B	B	C	C	A	A	B	B	C	C	A	A	B	B	C	C	A	A	B	B	C	L	L	L	L	L	L	
617	G	C	G	L	A	A	L	B	B	C	C	L	C	C	C	C	C	L	C	C	C	C	C	C	C	A	A	L	C	C	C	C	C	C	C	C	C	C	C	C	C	L	A	B	B	B	B	B	B	B	B	C	C	C	C	C	C	C	C	C	C	C	C	A	A	A	L	B	B	C	C	C	C	C	C	C	C	C	C	A	A	B	B	B	B	B	B	B	B	B	B	C	C	C	C	C	C	A	A	A	A	A	A	A	A	G	L	B	B	C	C	C	C	C	C	A	A	B	B	B	B	B	B	C	C	C	C	A	A	C	B	L	L	L	L	L	L	L	L	L	L	L	L	L	L	L	L	L	L	L	L	L	L	L	L	L	L	L	L	L	L	L	L	L	L	L	G	C	G	L	C	L	C	A	A	L	A	A	A	B	B	C	C	L	A	B	B	C	C	A	A	B	B	C	C	A	A	B	B	C	C	A	L	L	L	L	L	L	L	L	L	L	L	L	L	L	L	L	L	L	L	L	L	L	L	L	L	L	L	L	L	L	L	L	L	L	L	L	L	L	L	L	L	L	L	L	L	L	L	G	C	G	G	L	B	B	L	C	C	C	L	A	B	B	B	B	B	B	L	A	B	B	B	B	B	B	C	C	C	C	A	A	L	A	A	A	B	B	C	C	C	C	A	A	B	B	B	B	C	C	A	A	A	A	B	B	C	C	L	A	B	B	C	C	A	A	B	B	C	C	A	A	B	B	C	C	A	A	B	B	C	C	A	A	B	B	C	C	A	A	B	B	C	C	A	A	B	B	C	C	A	A	B	B	C	C	A	A	B	B	C	C	A	A	B	B	C	C	A	L	L	L	L	L	
618	G	B	A	L	A	A	L	B	C	C	C	L	C	C	C	C	C	L	C	C	C	C	C	C	A	A	A	L	C	C	C	C	C	C	C	C	C	C	C	C	C	L	L	B	B	B	B	B	B	B	C	C	C	C	C	C	C	C	C	C	C	C	A	A	A	A	L	B	C	C	C	C	C	C	C	C	C	C	A	A	B	B	B	B	B	B	B	B	B	B	C	C	C	C	C	C	A	A	A	A	A	A	A	A	B	B	L	B	C	C	C	C	C	C	A	A	B	B	B	B	B	B	C	C	C	C	A	A	C	B	L	L	L	L	L	L	L	L	L	L	L	L	L	L	L	L	L	L	L	L	L	L	L	L	L	L	L	L	L	L	L	L	L	L	L	L	G	B	A	L	C	L	A	A	A	L	A	A	B	B	C	C	C	L	L	B	C	C	A	A	B	B	C	C	A	A	B	B	C	C	A	A	G	L	L	L	L	L	L	L	L	L	L	L	L	L	L	L	L	L	L	L	L	L	L	L	L	L	L	L	L	L	L	L	L	L	L	L	L	L	L	L	L	L	L	L	L	L	L	G	B	A	B	L	B	G	L	C	C	C	L	L	B	B	B	B	B	G	L	L	B	B	B	B	B	C	C	C	C	A	A	A	L	A	A	B	B	C	C	C	C	A	A	B	B	B	B	C	C	A	A	A	A	B	B	C	C	C	L	L	B	C	C	A	A	B	B	C	C	A	A	B	B	C	C	A	A	B	B	C	C	A	A	B	B	C	C	A	A	B	B	C	C	A	A	B	B	C	C	A	A	B	B	C	C	A	A	B	B	C	C	A	A	B	B	C	C	A	A	G	L	L	L	L	
619	G	C	G	L	A	A	L	L	C	C	C	L	C	C	C	C	C	L	C	C	C	C	C	A	A	A	A	L	C	C	C	C	C	C	C	C	C	C	C	C	C	A	L	B	B	B	B	B	B	C	C	C	C	C	C	C	C	C	C	C	C	A	A	A	A	A	L	L	C	C	C	C	C	C	C	C	C	A	A	B	B	B	B	B	B	B	B	B	B	C	C	C	C	C	C	A	A	A	A	A	A	A	A	B	B	G	L	L	C	C	C	C	C	A	A	B	B	B	B	B	B	C	C	C	C	A	A	C	B	L	L	L	L	L	L	L	L	L	L	L	L	L	L	L	L	L	L	L	L	L	L	L	L	L	L	L	L	L	L	L	L	L	L	L	L	L	G	C	G	L	C	L	A	A	A	L	A	B	B	C	C	C	C	A	L	L	C	A	A	B	B	C	C	A	A	B	B	C	C	A	A	B	B	C	L	L	L	L	L	L	L	L	L	L	L	L	L	L	L	L	L	L	L	L	L	L	L	L	L	L	L	L	L	L	L	L	L	L	L	L	L	L	L	L	L	L	L	L	L	G	C	G	G	L	B	B	L	C	C	C	A	L	B	B	B	B	B	B	C	L	B	B	B	B	C	C	C	C	A	A	A	A	L	A	B	B	C	C	C	C	A	A	B	B	B	B	C	C	A	A	A	A	B	B	C	C	C	C	A	L	L	C	A	A	B	B	C	C	A	A	B	B	C	C	A	A	B	B	C	C	A	A	B	B	C	C	A	A	B	B	C	C	A	A	B	B	C	C	A	A	B	B	C	C	A	A	B	B	C	C	A	A	B	B	C	C	A	A	B	B	C	L	L	L	
620	G	B	A	L	A	A	G	L	C	C	C	L	C	C	C	C	C	L	C	C	C	C	A	A	A	A	A	L	C	C	C	C	C	C	C	C	C	C	C	C	A	A	L	B	B	B	B	B	C	C	C	C	C	C	C	C	C	C	C	C	A	A	A	A	A	A	G	L	C	C	C	C	C	C	C	C	A	A	B	B	B	B	B	B	B	B	B	B	C	C	C	C	C	C	A	A	A	A	A	A	A	A	B	B	B	B	C	L	C	C	C	C	A	A	B	B	B	B	B	B	C	C	C	C	A	A	C	B	L	L	L	L	L	L	L	L	L	L	L	L	L	L	L	L	L	L	L	L	L	L	L	L	L	L	L	L	L	L	L	L	L	L	L	L	L	L	G	B	A	L	C	L	A	A	A	L	L	B	C	C	C	C	A	A	G	L	A	A	B	B	C	C	A	A	B	B	C	C	A	A	B	B	C	C	A	L	L	L	L	L	L	L	L	L	L	L	L	L	L	L	L	L	L	L	L	L	L	L	L	L	L	L	L	L	L	L	L	L	L	L	L	L	L	L	L	L	L	L	L	G	B	A	B	L	B	G	L	C	C	A	A	L	B	B	B	B	B	C	C	L	B	B	B	C	C	C	C	A	A	A	A	A	L	L	B	C	C	C	C	A	A	B	B	B	B	C	C	A	A	A	A	B	B	C	C	C	C	A	A	G	L	A	A	B	B	C	C	A	A	B	B	C	C	A	A	B	B	C	C	A	A	B	B	C	C	A	A	B	B	C	C	A	A	B	B	C	C	A	A	B	B	C	C	A	A	B	B	C	C	A	A	B	B	C	C	A	A	B	B	C	C	A	L	L	
621	G	C	G	L	A	B	B	L	C	C	C	L	C	C	C	C	C	L	C	C	C	A	A	A	A	A	A	L	C	C	C	C	C	C	C	C	C	C	C	A	A	A	L	B	B	B	B	C	C	C	C	C	C	C	C	C	C	C	C	A	A	A	A	A	A	B	B	L	C	C	C	C	C	C	C	A	A	B	B	B	B	B	B	B	B	B	B	C	C	C	C	C	C	A	A	A	A	A	A	A	A	B	B	B	B	C	C	L	C	C	C	A	A	B	B	B	B	B	B	C	C	C	C	A	A	C	B	L	L	L	L	L	L	L	L	L	L	L	L	L	L	L	L	L	L	L	L	L	L	L	L	L	L	L	L	L	L	L	L	L	L	L	L	L	L	L	G	C	G	L	C	L	A	A	A	G	L	L	C	C	C	A	A	B	B	L	A	B	B	C	C	A	A	B	B	C	C	A	A	B	B	C	C	A	A	G	L	L	L	L	L	L	L	L	L	L	L	L	L	L	L	L	L	L	L	L	L	L	L	L	L	L	L	L	L	L	L	L	L	L	L	L	L	L	L	L	L	L	L	G	C	G	G	L	B	B	L	C	A	A	A	L	B	B	B	B	C	C	C	L	B	B	C	C	C	C	A	A	A	A	A	A	G	L	L	C	C	C	A	A	B	B	B	B	C	C	A	A	A	A	B	B	C	C	C	C	A	A	B	B	L	A	B	B	C	C	A	A	B	B	C	C	A	A	B	B	C	C	A	A	B	B	C	C	A	A	B	B	C	C	A	A	B	B	C	C	A	A	B	B	C	C	A	A	B	B	C	C	A	A	B	B	C	C	A	A	B	B	C	C	A	A	G	L	
622	G	B	A	L	L	B	G	L	C	C	C	L	C	C	C	C	C	L	C	C	A	A	A	A	A	A	A	L	C	C	C	C	C	C	C	C	C	C	A	A	A	A	L	B	B	B	C	C	C	C	C	C	C	C	C	C	C	C	A	A	A	A	A	A	B	B	G	L	C	C	C	C	C	C	A	A	B	B	B	B	B	B	B	B	B	B	C	C	C	C	C	C	A	A	A	A	A	A	A	A	B	B	B	B	C	C	C	L	C	C	A	A	B	B	B	B	B	B	C	C	C	C	A	A	C	B	L	L	L	L	L	L	L	L	L	L	L	L	L	L	L	L	L	L	L	L	L	L	L	L	L	L	L	L	L	L	L	L	L	L	L	L	L	L	L	L	G	B	A	L	C	L	A	A	B	B	C	L	C	C	A	A	B	B	G	L	L	B	C	C	A	A	B	B	C	C	A	A	B	B	C	C	A	A	B	B	C	L	L	L	L	L	L	L	L	L	L	L	L	L	L	L	L	L	L	L	L	L	L	L	L	L	L	L	L	L	L	L	L	L	L	L	L	L	L	L	L	L	L	G	B	A	B	L	B	G	L	A	A	A	A	L	B	B	B	C	C	C	C	L	B	C	C	C	C	A	A	A	A	A	A	B	B	C	L	C	C	A	A	B	B	B	B	C	C	A	A	A	A	B	B	C	C	C	C	A	A	B	B	G	L	L	B	C	C	A	A	B	B	C	C	A	A	B	B	C	C	A	A	B	B	C	C	A	A	B	B	C	C	A	A	B	B	C	C	A	A	B	B	C	C	A	A	B	B	C	C	A	A	B	B	C	C	A	A	B	B	C	C	A	A	B	B	A	
623	G	C	G	G	L	B	B	L	C	C	C	L	C	C	C	C	C	L	C	A	A	A	A	A	A	A	A	L	C	C	C	C	C	C	C	C	C	A	A	A	A	A	L	B	B	C	C	C	C	C	C	C	C	C	C	C	C	A	A	A	A	A	A	B	B	B	B	L	C	C	C	C	C	A	A	B	B	B	B	B	B	B	B	B	B	C	C	C	C	C	C	A	A	A	A	A	A	A	A	B	B	B	B	C	C	C	C	L	C	A	A	B	B	B	B	B	B	C	C	C	C	A	A	C	B	L	L	L	L	L	L	L	L	L	L	L	L	L	L	L	L	L	L	L	L	L	L	L	L	L	L	L	L	L	L	L	L	L	L	L	L	L	L	L	L	L	G	C	G	L	C	L	A	B	B	C	C	L	C	A	A	B	B	B	B	C	L	L	C	A	A	B	B	C	C	A	A	B	B	C	C	A	A	B	B	C	C	A	L	L	L	L	L	L	L	L	L	L	L	L	L	L	L	L	L	L	L	L	L	L	L	L	L	L	L	L	L	L	L	L	L	L	L	L	L	L	L	L	L	G	C	G	G	L	B	B	L	A	A	A	A	L	B	B	C	C	C	C	C	L	L	C	C	C	A	A	A	A	A	A	B	B	C	C	L	C	A	A	B	B	B	B	C	C	A	A	A	A	B	B	C	C	C	C	A	A	B	B	B	B	C	L	L	C	A	A	B	B	C	C	A	A	B	B	C	C	A	A	B	B	C	C	A	A	B	B	C	C	A	A	B	B	C	C	A	A	B	B	C	C	A	A	B	B	C	C	A	A	B	B	C	C	A	A	B	B	C	C	A	A	B	B	A	C	
624	G	B	A	B	L	B	G	L	C	C	C	L	C	C	C	C	C	L	A	A	A	A	A	A	A	A	A	L	C	C	C	C	C	C	C	C	A	A	A	A	A	A	L	B	C	C	C	C	C	C	C	C	C	C	C	C	A	A	A	A	A	A	B	B	B	B	G	L	C	C	C	C	A	A	B	B	B	B	B	B	B	B	B	B	C	C	C	C	C	C	A	A	A	A	A	A	A	A	B	B	B	B	C	C	C	C	C	L	A	A	B	B	B	B	B	B	C	C	C	C	A	A	C	B	L	L	L	L	L	L	L	L	L	L	L	L	L	L	L	L	L	L	L	L	L	L	L	L	L	L	L	L	L	L	L	L	L	L	L	L	L	L	L	L	L	L	G	B	A	L	C	L	L	B	C	C	C	L	A	A	B	B	B	B	C	C	A	L	A	A	B	B	C	C	A	A	B	B	C	C	A	A	B	B	C	C	A	A	G	L	L	L	L	L	L	L	L	L	L	L	L	L	L	L	L	L	L	L	L	L	L	L	L	L	L	L	L	L	L	L	L	L	L	L	L	L	L	L	L	G	B	A	B	L	B	G	L	A	A	A	A	L	B	C	C	C	C	C	C	A	L	C	C	A	A	A	A	A	A	B	B	C	C	C	L	A	A	B	B	B	B	C	C	A	A	A	A	B	B	C	C	C	C	A	A	B	B	B	B	C	C	A	L	A	A	B	B	C	C	A	A	B	B	C	C	A	A	B	B	C	C	A	A	B	B	C	C	A	A	B	B	C	C	A	A	B	B	C	C	A	A	B	B	C	C	A	A	B	B	C	C	A	A	B	B	C	C	A	A	B	B	A	C	B	
625	G	C	G	G	L	B	B	L	C	C	C	L	C	C	C	C	C	L	A	A	A	A	A	A	A	A	A	L	C	C	C	C	C	C	C	A	A	A	A	A	A	A	L	L	C	C	C	C	C	C	C	C	C	C	C	A	A	A	A	A	A	B	B	B	B	B	B	L	C	C	C	A	A	B	B	B	B	B	B	B	B	B	B	C	C	C	C	C	C	A	A	A	A	A	A	A	A	B	B	B	B	C	C	C	C	C	C	L	A	B	B	B	B	B	B	C	C	C	C	A	A	C	B	L	L	L	L	L	L	L	L	L	L	L	L	L	L	L	L	L	L	L	L	L	L	L	L	L	L	L	L	L	L	L	L	L	L	L	L	L	L	L	L	L	L	L	G	C	G	L	C	A	L	L	C	C	C	L	A	B	B	B	B	C	C	A	A	L	A	B	B	C	C	A	A	B	B	C	C	A	A	B	B	C	C	A	A	B	B	C	L	L	L	L	L	L	L	L	L	L	L	L	L	L	L	L	L	L	L	L	L	L	L	L	L	L	L	L	L	L	L	L	L	L	L	L	L	L	L	G	C	G	G	L	B	B	L	A	A	A	A	L	L	C	C	C	C	C	A	A	L	C	A	A	A	A	A	A	B	B	C	C	C	C	L	A	B	B	B	B	C	C	A	A	A	A	B	B	C	C	C	C	A	A	B	B	B	B	C	C	A	A	L	A	B	B	C	C	A	A	B	B	C	C	A	A	B	B	C	C	A	A	B	B	C	C	A	A	B	B	C	C	A	A	B	B	C	C	A	A	B	B	C	C	A	A	B	B	C	C	A	A	B	B	C	C	A	A	B	B	A	C	B	L	
626	G	B	A	B	L	B	G	L	C	C	C	L	C	C	C	C	C	L	A	A	A	A	A	A	A	A	A	L	C	C	C	C	C	C	A	A	A	A	A	A	A	A	G	L	C	C	C	C	C	C	C	C	C	C	A	A	A	A	A	A	B	B	B	B	B	B	G	L	C	C	A	A	B	B	B	B	B	B	B	B	B	B	C	C	C	C	C	C	A	A	A	A	A	A	A	A	B	B	B	B	C	C	C	C	C	C	C	L	L	B	B	B	B	B	C	C	C	C	A	A	C	B	L	L	L	L	L	L	L	L	L	L	L	L	L	L	L	L	L	L	L	L	L	L	L	L	L	L	L	L	L	L	L	L	L	L	L	L	L	L	L	L	L	L	L	L	G	B	A	L	A	A	G	L	C	C	C	L	L	B	B	B	C	C	A	A	A	L	L	B	C	C	A	A	B	B	C	C	A	A	B	B	C	C	A	A	B	B	C	C	A	L	L	L	L	L	L	L	L	L	L	L	L	L	L	L	L	L	L	L	L	L	L	L	L	L	L	L	L	L	L	L	L	L	L	L	L	L	L	G	B	A	B	L	B	G	L	A	A	A	A	G	L	C	C	C	C	A	A	A	L	A	A	A	A	A	A	B	B	C	C	C	C	C	L	L	B	B	B	C	C	A	A	A	A	B	B	C	C	C	C	A	A	B	B	B	B	C	C	A	A	A	L	L	B	C	C	A	A	B	B	C	C	A	A	B	B	C	C	A	A	B	B	C	C	A	A	B	B	C	C	A	A	B	B	C	C	A	A	B	B	C	C	A	A	B	B	C	C	A	A	B	B	C	C	A	A	B	B	A	C	B	L	L	
627	G	C	G	G	L	B	B	L	C	C	C	L	C	C	C	C	C	L	A	A	A	A	A	A	A	A	A	L	C	C	C	C	C	A	A	A	A	A	A	A	A	B	B	L	C	C	C	C	C	C	C	C	C	A	A	A	A	A	A	B	B	B	B	B	B	B	B	L	C	A	A	B	B	B	B	B	B	B	B	B	B	C	C	C	C	C	C	A	A	A	A	A	A	A	A	B	B	B	B	C	C	C	C	C	C	C	C	A	L	B	B	B	B	C	C	C	C	A	A	C	B	L	L	L	L	L	L	L	L	L	L	L	L	L	L	L	L	L	L	L	L	L	L	L	L	L	L	L	L	L	L	L	L	L	L	L	L	L	L	L	L	L	L	L	L	L	G	C	G	L	A	B	B	L	C	C	C	A	L	B	B	C	C	A	A	A	A	G	L	L	C	A	A	B	B	C	C	A	A	B	B	C	C	A	A	B	B	C	C	A	A	G	L	L	L	L	L	L	L	L	L	L	L	L	L	L	L	L	L	L	L	L	L	L	L	L	L	L	L	L	L	L	L	L	L	L	L	L	L	G	C	G	G	L	B	B	L	A	A	A	B	B	L	C	C	C	A	A	A	A	L	A	A	A	A	A	B	B	C	C	C	C	C	C	A	L	B	B	C	C	A	A	A	A	B	B	C	C	C	C	A	A	B	B	B	B	C	C	A	A	A	A	G	L	L	C	A	A	B	B	C	C	A	A	B	B	C	C	A	A	B	B	C	C	A	A	B	B	C	C	A	A	B	B	C	C	A	A	B	B	C	C	A	A	B	B	C	C	A	A	B	B	C	C	A	A	B	B	A	C	B	L	L	L	
628	G	B	A	B	L	B	G	L	C	C	C	L	C	C	C	C	C	L	A	A	A	A	A	A	A	A	A	L	C	C	C	C	A	A	A	A	A	A	A	A	B	B	G	L	C	C	C	C	C	C	C	C	A	A	A	A	A	A	B	B	B	B	B	B	B	B	G	L	A	A	B	B	B	B	B	B	B	B	B	B	C	C	C	C	C	C	A	A	A	A	A	A	A	A	B	B	B	B	C	C	C	C	C	C	C	C	A	A	L	B	B	B	C	C	C	C	A	A	C	B	L	L	L	L	L	L	L	L	L	L	L	L	L	L	L	L	L	L	L	L	L	L	L	L	L	L	L	L	L	L	L	L	L	L	L	L	L	L	L	L	L	L	L	L	L	L	G	B	A	L	L	B	G	L	C	C	A	A	L	B	C	C	A	A	A	A	B	B	C	L	A	A	B	B	C	C	A	A	B	B	C	C	A	A	B	B	C	C	A	A	B	B	C	L	L	L	L	L	L	L	L	L	L	L	L	L	L	L	L	L	L	L	L	L	L	L	L	L	L	L	L	L	L	L	L	L	L	L	L	G	B	A	B	L	B	G	L	A	A	B	B	G	L	C	C	A	A	A	A	A	L	A	A	A	A	B	B	C	C	C	C	C	C	A	A	L	B	C	C	A	A	A	A	B	B	C	C	C	C	A	A	B	B	B	B	C	C	A	A	A	A	B	B	C	L	A	A	B	B	C	C	A	A	B	B	C	C	A	A	B	B	C	C	A	A	B	B	C	C	A	A	B	B	C	C	A	A	B	B	C	C	A	A	B	B	C	C	A	A	B	B	C	C	A	A	B	B	A	C	B	L	L	L	L	
629	G	C	G	G	L	B	B	L	C	C	C	L	C	C	C	C	C	L	A	A	A	A	A	A	A	A	A	L	C	C	C	A	A	A	A	A	A	A	A	B	B	B	B	L	C	C	C	C	C	C	C	A	A	A	A	A	A	B	B	B	B	B	B	B	B	B	B	L	A	B	B	B	B	B	B	B	B	B	B	C	C	C	C	C	C	A	A	A	A	A	A	A	A	B	B	B	B	C	C	C	C	C	C	C	C	A	A	A	L	B	B	C	C	C	C	A	A	C	B	L	L	L	L	L	L	L	L	L	L	L	L	L	L	L	L	L	L	L	L	L	L	L	L	L	L	L	L	L	L	L	L	L	L	L	L	L	L	L	L	L	L	L	L	L	L	L	G	C	G	G	L	B	B	L	C	A	A	A	L	L	C	A	A	A	A	B	B	C	C	L	A	B	B	C	C	A	A	B	B	C	C	A	A	B	B	C	C	A	A	B	B	C	C	A	L	L	L	L	L	L	L	L	L	L	L	L	L	L	L	L	L	L	L	L	L	L	L	L	L	L	L	L	L	L	L	L	L	L	L	G	C	G	G	L	B	B	L	A	B	B	B	B	L	C	A	A	A	A	A	A	L	A	A	A	B	B	C	C	C	C	C	C	A	A	A	L	L	C	A	A	A	A	B	B	C	C	C	C	A	A	B	B	B	B	C	C	A	A	A	A	B	B	C	C	L	A	B	B	C	C	A	A	B	B	C	C	A	A	B	B	C	C	A	A	B	B	C	C	A	A	B	B	C	C	A	A	B	B	C	C	A	A	B	B	C	C	A	A	B	B	C	C	A	A	B	B	A	C	B	L	L	L	L	L	
630	G	B	A	B	L	B	G	L	C	C	C	L	C	C	C	C	C	L	A	A	A	A	A	A	A	A	A	L	C	C	A	A	A	A	A	A	A	A	B	B	B	B	G	L	C	C	C	C	C	C	A	A	A	A	A	A	B	B	B	B	B	B	B	B	B	B	G	L	L	B	B	B	B	B	B	B	B	B	C	C	C	C	C	C	A	A	A	A	A	A	A	A	B	B	B	B	C	C	C	C	C	C	C	C	A	A	A	A	L	B	C	C	C	C	A	A	C	B	L	L	L	L	L	L	L	L	L	L	L	L	L	L	L	L	L	L	L	L	L	L	L	L	L	L	L	L	L	L	L	L	L	L	L	L	L	L	L	L	L	L	L	L	L	L	L	L	G	B	A	B	L	B	G	L	A	A	A	A	G	L	A	A	A	A	B	B	C	C	C	L	L	B	C	C	A	A	B	B	C	C	A	A	B	B	C	C	A	A	B	B	C	C	A	A	G	L	L	L	L	L	L	L	L	L	L	L	L	L	L	L	L	L	L	L	L	L	L	L	L	L	L	L	L	L	L	L	L	L	L	G	B	A	B	L	B	G	L	L	B	B	B	G	L	A	A	A	A	A	A	A	L	A	A	B	B	C	C	C	C	C	C	A	A	A	A	G	L	A	A	A	A	B	B	C	C	C	C	A	A	B	B	B	B	C	C	A	A	A	A	B	B	C	C	C	L	L	B	C	C	A	A	B	B	C	C	A	A	B	B	C	C	A	A	B	B	C	C	A	A	B	B	C	C	A	A	B	B	C	C	A	A	B	B	C	C	A	A	B	B	C	C	A	A	B	B	A	C	B	L	L	L	L	L	L	
631	G	C	G	G	L	B	B	L	C	C	C	L	C	C	C	C	C	L	A	A	A	A	A	A	A	A	A	L	C	A	A	A	A	A	A	A	A	B	B	B	B	B	B	L	C	C	C	C	C	A	A	A	A	A	A	B	B	B	B	B	B	B	B	B	B	B	B	C	L	B	B	B	B	B	B	B	B	C	C	C	C	C	C	A	A	A	A	A	A	A	A	B	B	B	B	C	C	C	C	C	C	C	C	A	A	A	A	A	L	L	C	C	C	A	A	C	B	L	L	L	L	L	L	L	L	L	L	L	L	L	L	L	L	L	L	L	L	L	L	L	L	L	L	L	L	L	L	L	L	L	L	L	L	L	L	L	L	L	L	L	L	L	L	L	L	L	G	C	G	G	L	B	B	L	A	A	A	B	B	L	A	A	A	B	B	C	C	C	C	A	L	L	C	A	A	B	B	C	C	A	A	B	B	C	C	A	A	B	B	C	C	A	A	B	B	C	L	L	L	L	L	L	L	L	L	L	L	L	L	L	L	L	L	L	L	L	L	L	L	L	L	L	L	L	L	L	L	L	L	G	C	G	G	L	B	B	C	L	B	B	B	B	L	A	A	A	A	A	A	A	L	A	B	B	C	C	C	C	C	C	A	A	A	A	B	B	L	A	A	A	B	B	C	C	C	C	A	A	B	B	B	B	C	C	A	A	A	A	B	B	C	C	C	C	A	L	L	C	A	A	B	B	C	C	A	A	B	B	C	C	A	A	B	B	C	C	A	A	B	B	C	C	A	A	B	B	C	C	A	A	B	B	C	C	A	A	B	B	C	C	A	A	B	B	A	C	B	L	L	L	L	L	L	L	
632	G	B	A	B	L	B	G	L	C	C	C	L	C	C	C	C	C	L	A	A	A	A	A	A	A	A	A	L	A	A	A	A	A	A	A	A	B	B	B	B	B	B	G	L	C	C	C	C	A	A	A	A	A	A	B	B	B	B	B	B	B	B	B	B	B	B	C	C	L	B	B	B	B	B	B	B	C	C	C	C	C	C	A	A	A	A	A	A	A	A	B	B	B	B	C	C	C	C	C	C	C	C	A	A	A	A	A	A	G	L	C	C	A	A	C	B	L	L	L	L	L	L	L	L	L	L	L	L	L	L	L	L	L	L	L	L	L	L	L	L	L	L	L	L	L	L	L	L	L	L	L	L	L	L	L	L	L	L	L	L	L	L	L	L	L	L	G	B	A	B	L	B	G	L	A	A	B	B	G	L	A	A	B	B	C	C	C	C	A	A	G	L	A	A	B	B	C	C	A	A	B	B	C	C	A	A	B	B	C	C	A	A	B	B	C	C	A	L	L	L	L	L	L	L	L	L	L	L	L	L	L	L	L	L	L	L	L	L	L	L	L	L	L	L	L	L	L	L	L	G	B	A	B	L	B	C	C	L	B	B	B	G	L	A	A	A	A	A	A	A	L	L	B	C	C	C	C	C	C	A	A	A	A	B	B	G	L	A	A	B	B	C	C	C	C	A	A	B	B	B	B	C	C	A	A	A	A	B	B	C	C	C	C	A	A	G	L	A	A	B	B	C	C	A	A	B	B	C	C	A	A	B	B	C	C	A	A	B	B	C	C	A	A	B	B	C	C	A	A	B	B	C	C	A	A	B	B	C	C	A	A	B	B	A	C	B	L	L	L	L	L	L	L	L	
633	G	C	G	G	L	B	B	L	C	C	C	L	C	C	C	C	C	L	A	A	A	A	A	A	A	A	A	L	A	A	A	A	A	A	A	B	B	B	B	B	B	B	B	L	C	C	C	A	A	A	A	A	A	B	B	B	B	B	B	B	B	B	B	B	B	C	C	C	L	B	B	B	B	B	B	C	C	C	C	C	C	A	A	A	A	A	A	A	A	B	B	B	B	C	C	C	C	C	C	C	C	A	A	A	A	A	A	B	B	L	C	A	A	C	B	L	L	L	L	L	L	L	L	L	L	L	L	L	L	L	L	L	L	L	L	L	L	L	L	L	L	L	L	L	L	L	L	L	L	L	L	L	L	L	L	L	L	L	L	L	L	L	L	L	L	L	G	C	G	G	L	B	B	L	A	B	B	B	B	L	A	B	B	C	C	C	C	A	A	B	B	L	A	B	B	C	C	A	A	B	B	C	C	A	A	B	B	C	C	A	A	B	B	C	C	A	A	G	L	L	L	L	L	L	L	L	L	L	L	L	L	L	L	L	L	L	L	L	L	L	L	L	L	L	L	L	L	L	L	G	C	G	G	L	L	C	C	L	B	B	B	B	L	A	A	A	A	A	A	A	G	L	L	C	C	C	C	C	A	A	A	A	B	B	B	B	L	A	B	B	C	C	C	C	A	A	B	B	B	B	C	C	A	A	A	A	B	B	C	C	C	C	A	A	B	B	L	A	B	B	C	C	A	A	B	B	C	C	A	A	B	B	C	C	A	A	B	B	C	C	A	A	B	B	C	C	A	A	B	B	C	C	A	A	B	B	C	C	A	A	B	B	A	C	B	L	L	L	L	L	L	L	L	L	
634	G	B	A	B	L	B	G	L	C	C	C	L	C	C	C	C	C	L	A	A	A	A	A	A	A	A	A	L	A	A	A	A	A	A	B	B	B	B	B	B	B	B	G	L	C	C	A	A	A	A	A	A	B	B	B	B	B	B	B	B	B	B	B	B	C	C	C	C	L	B	B	B	B	B	C	C	C	C	C	C	A	A	A	A	A	A	A	A	B	B	B	B	C	C	C	C	C	C	C	C	A	A	A	A	A	A	B	B	G	L	A	A	C	B	L	L	L	L	L	L	L	L	L	L	L	L	L	L	L	L	L	L	L	L	L	L	L	L	L	L	L	L	L	L	L	L	L	L	L	L	L	L	L	L	L	L	L	L	L	L	L	L	L	L	L	L	G	B	A	B	L	B	G	L	L	B	B	B	G	L	L	B	C	C	C	C	A	A	B	B	G	L	L	B	C	C	A	A	B	B	C	C	A	A	B	B	C	C	A	A	B	B	C	C	A	A	B	B	C	L	L	L	L	L	L	L	L	L	L	L	L	L	L	L	L	L	L	L	L	L	L	L	L	L	L	L	L	L	L	G	B	A	B	C	L	C	C	L	B	B	B	G	L	A	A	A	A	A	A	B	B	C	L	C	C	C	C	A	A	A	A	B	B	B	B	G	L	L	B	C	C	C	C	A	A	B	B	B	B	C	C	A	A	A	A	B	B	C	C	C	C	A	A	B	B	G	L	L	B	C	C	A	A	B	B	C	C	A	A	B	B	C	C	A	A	B	B	C	C	A	A	B	B	C	C	A	A	B	B	C	C	A	A	B	B	C	C	A	A	B	B	A	C	B	L	L	L	L	L	L	L	L	L	L	
635	G	C	G	G	L	B	B	L	C	C	C	L	C	C	C	C	C	L	A	A	A	A	A	A	A	A	A	L	A	A	A	A	A	B	B	B	B	B	B	B	B	B	B	L	C	A	A	A	A	A	A	B	B	B	B	B	B	B	B	B	B	B	B	C	C	C	C	C	L	B	B	B	B	C	C	C	C	C	C	A	A	A	A	A	A	A	A	B	B	B	B	C	C	C	C	C	C	C	C	A	A	A	A	A	A	B	B	B	B	L	A	C	B	L	L	L	L	L	L	L	L	L	L	L	L	L	L	L	L	L	L	L	L	L	L	L	L	L	L	L	L	L	L	L	L	L	L	L	L	L	L	L	L	L	L	L	L	L	L	L	L	L	L	L	L	L	G	C	G	G	L	B	B	C	L	B	B	B	B	C	L	L	C	C	C	A	A	B	B	B	B	C	L	L	C	A	A	B	B	C	C	A	A	B	B	C	C	A	A	B	B	C	C	A	A	B	B	C	C	A	L	L	L	L	L	L	L	L	L	L	L	L	L	L	L	L	L	L	L	L	L	L	L	L	L	L	L	L	L	G	C	G	L	C	L	C	C	L	B	B	B	B	L	A	A	A	A	A	B	B	C	C	L	C	C	C	A	A	A	A	B	B	B	B	B	B	C	L	L	C	C	C	A	A	B	B	B	B	C	C	A	A	A	A	B	B	C	C	C	C	A	A	B	B	B	B	C	L	L	C	A	A	B	B	C	C	A	A	B	B	C	C	A	A	B	B	C	C	A	A	B	B	C	C	A	A	B	B	C	C	A	A	B	B	C	C	A	A	B	B	A	C	B	L	L	L	L	L	L	L	L	L	L	L	
636	G	B	A	B	L	B	G	L	C	C	C	L	C	C	C	C	C	L	A	A	A	A	A	A	A	A	A	L	A	A	A	A	B	B	B	B	B	B	B	B	B	B	G	L	A	A	A	A	A	A	B	B	B	B	B	B	B	B	B	B	B	B	C	C	C	C	C	C	L	B	B	B	C	C	C	C	C	C	A	A	A	A	A	A	A	A	B	B	B	B	C	C	C	C	C	C	C	C	A	A	A	A	A	A	B	B	B	B	G	L	G	B	L	L	L	L	L	L	L	L	L	L	L	L	L	L	L	L	L	L	L	L	L	L	L	L	L	L	L	L	L	L	L	L	L	L	L	L	L	L	L	L	L	L	L	L	L	L	L	L	L	L	L	L	L	L	G	B	A	B	L	B	C	C	L	B	B	B	C	C	A	L	C	C	A	A	B	B	B	B	C	C	A	L	A	A	B	B	C	C	A	A	B	B	C	C	A	A	B	B	C	C	A	A	B	B	C	C	A	A	G	L	L	L	L	L	L	L	L	L	L	L	L	L	L	L	L	L	L	L	L	L	L	L	L	L	L	L	L	G	B	A	L	C	L	C	C	L	B	B	B	G	L	A	A	A	A	B	B	C	C	C	L	C	C	A	A	A	A	B	B	B	B	B	B	C	C	A	L	C	C	A	A	B	B	B	B	C	C	A	A	A	A	B	B	C	C	C	C	A	A	B	B	B	B	C	C	A	L	A	A	B	B	C	C	A	A	B	B	C	C	A	A	B	B	C	C	A	A	B	B	C	C	A	A	B	B	C	C	A	A	B	B	C	C	A	A	B	B	A	C	B	L	L	L	L	L	L	L	L	L	L	L	L	
637	G	C	G	G	L	B	B	L	C	C	C	L	C	C	C	C	C	L	A	A	A	A	A	A	A	A	A	L	A	A	A	B	B	B	B	B	B	B	B	B	B	B	B	L	A	A	A	A	A	B	B	B	B	B	B	B	B	B	B	B	B	C	C	C	C	C	C	C	L	B	B	C	C	C	C	C	C	A	A	A	A	A	A	A	A	B	B	B	B	C	C	C	C	C	C	C	C	A	A	A	A	A	A	B	B	B	B	B	B	A	G	C	L	L	L	L	L	L	L	L	L	L	L	L	L	L	L	L	L	L	L	L	L	L	L	L	L	L	L	L	L	L	L	L	L	L	L	L	L	L	L	L	L	L	L	L	L	L	L	L	L	L	L	L	L	L	G	C	G	G	L	L	C	C	L	B	B	C	C	A	A	L	C	A	A	B	B	B	B	C	C	A	A	L	A	B	B	C	C	A	A	B	B	C	C	A	A	B	B	C	C	A	A	B	B	C	C	A	A	B	B	C	L	L	L	L	L	L	L	L	L	L	L	L	L	L	L	L	L	L	L	L	L	L	L	L	L	L	L	G	C	G	L	C	L	C	C	L	B	B	B	B	L	A	A	A	B	B	C	C	C	C	L	C	A	A	A	A	B	B	B	B	B	B	C	C	A	A	L	C	A	A	B	B	B	B	C	C	A	A	A	A	B	B	C	C	C	C	A	A	B	B	B	B	C	C	A	A	L	A	B	B	C	C	A	A	B	B	C	C	A	A	B	B	C	C	A	A	B	B	C	C	A	A	B	B	C	C	A	A	B	B	C	C	A	A	B	B	A	C	B	L	L	L	L	L	L	L	L	L	L	L	L	L	
638	G	B	A	B	L	B	G	L	C	C	C	L	C	C	C	C	C	L	A	A	A	A	A	A	A	A	A	L	A	A	B	B	B	B	B	B	B	B	B	B	B	B	G	L	A	A	A	A	B	B	B	B	B	B	B	B	B	B	B	B	C	C	C	C	C	C	C	C	L	B	C	C	C	C	C	C	A	A	A	A	A	A	A	A	B	B	B	B	C	C	C	C	C	C	C	C	A	A	A	A	A	A	B	B	B	B	B	B	A	C	G	B	A	L	L	L	L	L	L	L	L	L	L	L	L	L	L	L	L	L	L	L	L	L	L	L	L	L	L	L	L	L	L	L	L	L	L	L	L	L	L	L	L	L	L	L	L	L	L	L	L	L	L	L	L	L	G	B	A	B	C	L	C	C	L	B	C	C	A	A	A	L	A	A	B	B	B	B	C	C	A	A	A	L	L	B	C	C	A	A	B	B	C	C	A	A	B	B	C	C	A	A	B	B	C	C	A	A	B	B	C	C	A	L	L	L	L	L	L	L	L	L	L	L	L	L	L	L	L	L	L	L	L	L	L	L	L	L	L	G	B	A	L	C	L	C	C	L	B	B	B	G	L	A	A	B	B	C	C	C	C	C	L	A	A	A	A	B	B	B	B	B	B	C	C	A	A	A	L	A	A	B	B	B	B	C	C	A	A	A	A	B	B	C	C	C	C	A	A	B	B	B	B	C	C	A	A	A	L	L	B	C	C	A	A	B	B	C	C	A	A	B	B	C	C	A	A	B	B	C	C	A	A	B	B	C	C	A	A	B	B	C	C	A	A	B	B	A	C	B	L	L	L	L	L	L	L	L	L	L	L	L	L	L	
639	G	C	G	G	L	B	B	L	C	C	C	L	C	C	C	C	C	L	A	A	A	A	A	A	A	A	A	L	A	B	B	B	B	B	B	B	B	B	B	B	B	B	B	L	A	A	A	B	B	B	B	B	B	B	B	B	B	B	B	C	C	C	C	C	C	C	C	C	L	L	C	C	C	C	C	A	A	A	A	A	A	A	A	B	B	B	B	C	C	C	C	C	C	C	C	A	A	A	A	A	A	B	B	B	B	B	B	A	C	B	G	C	G	G	L	L	L	L	L	L	L	L	L	L	L	L	L	L	L	L	L	L	L	L	L	L	L	L	L	L	L	L	L	L	L	L	L	L	L	L	L	L	L	L	L	L	L	L	L	L	L	L	L	L	L	L	G	C	G	L	C	L	C	C	L	L	C	A	A	A	A	L	A	B	B	B	B	C	C	A	A	A	A	G	L	L	C	A	A	B	B	C	C	A	A	B	B	C	C	A	A	B	B	C	C	A	A	B	B	C	C	A	A	G	L	L	L	L	L	L	L	L	L	L	L	L	L	L	L	L	L	L	L	L	L	L	L	L	L	G	C	G	L	C	L	C	C	L	B	B	B	B	L	A	B	B	C	C	C	C	C	C	L	A	A	A	B	B	B	B	B	B	C	C	A	A	A	A	L	A	B	B	B	B	C	C	A	A	A	A	B	B	C	C	C	C	A	A	B	B	B	B	C	C	A	A	A	A	G	L	L	C	A	A	B	B	C	C	A	A	B	B	C	C	A	A	B	B	C	C	A	A	B	B	C	C	A	A	B	B	C	C	A	A	B	B	A	C	B	L	L	L	L	L	L	L	L	L	L	L	L	L	L	L	
640	G	B	A	B	L	B	G	L	C	C	C	L	C	C	C	C	C	L	A	A	A	A	A	A	A	A	A	L	L	B	B	B	B	B	B	B	B	B	B	B	B	B	G	L	A	A	B	B	B	B	B	B	B	B	B	B	B	B	C	C	C	C	C	C	C	C	C	C	A	L	C	C	C	C	A	A	A	A	A	A	A	A	B	B	B	B	C	C	C	C	C	C	C	C	A	A	A	A	A	A	B	B	B	B	B	B	A	C	B	L	G	B	A	B	C	L	L	L	L	L	L	L	L	L	L	L	L	L	L	L	L	L	L	L	L	L	L	L	L	L	L	L	L	L	L	L	L	L	L	L	L	L	L	L	L	L	L	L	L	L	L	L	L	L	L	L	G	B	A	L	C	L	C	C	A	L	A	A	A	A	A	L	L	B	B	B	C	C	A	A	A	A	B	B	C	L	A	A	B	B	C	C	A	A	B	B	C	C	A	A	B	B	C	C	A	A	B	B	C	C	A	A	B	B	C	L	L	L	L	L	L	L	L	L	L	L	L	L	L	L	L	L	L	L	L	L	L	L	L	G	B	A	L	C	L	C	C	L	B	B	B	G	L	L	B	C	C	C	C	C	C	C	L	A	A	B	B	B	B	B	B	C	C	A	A	A	A	A	L	L	B	B	B	C	C	A	A	A	A	B	B	C	C	C	C	A	A	B	B	B	B	C	C	A	A	A	A	B	B	C	L	A	A	B	B	C	C	A	A	B	B	C	C	A	A	B	B	C	C	A	A	B	B	C	C	A	A	B	B	C	C	A	A	B	B	A	C	B	L	L	L	L	L	L	L	L	L	L	L	L	L	L	L	L	
641	G	C	G	G	L	B	B	L	C	C	C	L	C	C	C	C	C	L	A	A	A	A	A	A	A	A	A	G	L	B	B	B	B	B	B	B	B	B	B	B	B	B	B	L	A	B	B	B	B	B	B	B	B	B	B	B	B	C	C	C	C	C	C	C	C	C	C	A	A	L	C	C	C	A	A	A	A	A	A	A	A	B	B	B	B	C	C	C	C	C	C	C	C	A	A	A	A	A	A	B	B	B	B	B	B	A	C	B	L	L	G	C	G	L	C	A	L	L	L	L	L	L	L	L	L	L	L	L	L	L	L	L	L	L	L	L	L	L	L	L	L	L	L	L	L	L	L	L	L	L	L	L	L	L	L	L	L	L	L	L	L	L	L	L	L	L	G	C	G	L	C	L	C	A	A	L	A	A	A	A	A	G	L	B	B	C	C	A	A	A	A	B	B	C	C	L	A	B	B	C	C	A	A	B	B	C	C	A	A	B	B	C	C	A	A	B	B	C	C	A	A	B	B	C	C	A	L	L	L	L	L	L	L	L	L	L	L	L	L	L	L	L	L	L	L	L	L	L	L	G	C	G	L	C	L	C	C	L	B	B	B	B	C	L	L	C	C	C	C	C	C	C	L	A	B	B	B	B	B	B	C	C	A	A	A	A	A	A	G	L	B	B	C	C	A	A	A	A	B	B	C	C	C	C	A	A	B	B	B	B	C	C	A	A	A	A	B	B	C	C	L	A	B	B	C	C	A	A	B	B	C	C	A	A	B	B	C	C	A	A	B	B	C	C	A	A	B	B	C	C	A	A	B	B	A	C	B	L	L	L	L	L	L	L	L	L	L	L	L	L	L	L	L	L	
642	G	B	A	B	L	B	G	L	C	C	C	L	C	C	C	C	C	L	A	A	A	A	A	A	A	A	B	B	L	B	B	B	B	B	B	B	B	B	B	B	B	B	G	L	L	B	B	B	B	B	B	B	B	B	B	B	C	C	C	C	C	C	C	C	C	C	A	A	A	L	C	C	A	A	A	A	A	A	A	A	B	B	B	B	C	C	C	C	C	C	C	C	A	A	A	A	A	A	B	B	B	B	B	B	A	C	B	L	L	L	G	B	A	L	A	A	G	L	L	L	L	L	L	L	L	L	L	L	L	L	L	L	L	L	L	L	L	L	L	L	L	L	L	L	L	L	L	L	L	L	L	L	L	L	L	L	L	L	L	L	L	L	L	L	L	L	G	B	A	L	C	L	A	A	A	L	A	A	A	A	B	B	L	B	C	C	A	A	A	A	B	B	C	C	C	L	L	B	C	C	A	A	B	B	C	C	A	A	B	B	C	C	A	A	B	B	C	C	A	A	B	B	C	C	A	A	G	L	L	L	L	L	L	L	L	L	L	L	L	L	L	L	L	L	L	L	L	L	L	G	B	A	L	C	L	C	C	L	B	B	B	C	C	A	L	C	C	C	C	C	C	C	L	L	B	B	B	B	B	C	C	A	A	A	A	A	A	B	B	L	B	C	C	A	A	A	A	B	B	C	C	C	C	A	A	B	B	B	B	C	C	A	A	A	A	B	B	C	C	C	L	L	B	C	C	A	A	B	B	C	C	A	A	B	B	C	C	A	A	B	B	C	C	A	A	B	B	C	C	A	A	B	B	A	C	B	L	L	L	L	L	L	L	L	L	L	L	L	L	L	L	L	L	L	
643	G	C	G	G	L	B	B	L	C	C	C	L	C	C	C	C	C	L	A	A	A	A	A	A	A	B	B	G	L	B	B	B	B	B	B	B	B	B	B	B	B	B	B	C	L	B	B	B	B	B	B	B	B	B	B	C	C	C	C	C	C	C	C	C	C	A	A	A	A	L	C	A	A	A	A	A	A	A	A	B	B	B	B	C	C	C	C	C	C	C	C	A	A	A	A	A	A	B	B	B	B	B	B	A	C	B	L	L	L	L	G	C	G	L	A	B	B	C	L	L	L	L	L	L	L	L	L	L	L	L	L	L	L	L	L	L	L	L	L	L	L	L	L	L	L	L	L	L	L	L	L	L	L	L	L	L	L	L	L	L	L	L	L	L	L	L	G	C	G	L	C	L	A	A	A	L	A	A	A	B	B	G	L	L	C	A	A	A	A	B	B	C	C	C	C	A	L	L	C	A	A	B	B	C	C	A	A	B	B	C	C	A	A	B	B	C	C	A	A	B	B	C	C	A	A	B	B	C	L	L	L	L	L	L	L	L	L	L	L	L	L	L	L	L	L	L	L	L	L	G	C	G	L	C	L	C	C	L	B	B	C	C	A	A	L	C	C	C	C	C	C	C	A	L	B	B	B	B	C	C	A	A	A	A	A	A	B	B	G	L	L	C	A	A	A	A	B	B	C	C	C	C	A	A	B	B	B	B	C	C	A	A	A	A	B	B	C	C	C	C	A	L	L	C	A	A	B	B	C	C	A	A	B	B	C	C	A	A	B	B	C	C	A	A	B	B	C	C	A	A	B	B	A	C	B	L	L	L	L	L	L	L	L	L	L	L	L	L	L	L	L	L	L	L	
644	G	B	A	B	L	B	G	L	C	C	C	L	C	C	C	C	C	L	A	A	A	A	A	A	B	B	B	B	L	B	B	B	B	B	B	B	B	B	B	B	B	B	C	C	L	B	B	B	B	B	B	B	B	B	C	C	C	C	C	C	C	C	C	C	A	A	A	A	A	L	A	A	A	A	A	A	A	A	B	B	B	B	C	C	C	C	C	C	C	C	A	A	A	A	A	A	B	B	B	B	B	B	A	C	B	L	L	L	L	L	G	B	A	L	L	B	C	C	A	L	L	L	L	L	L	L	L	L	L	L	L	L	L	L	L	L	L	L	L	L	L	L	L	L	L	L	L	L	L	L	L	L	L	L	L	L	L	L	L	L	L	L	L	L	L	L	G	B	A	L	C	L	A	A	A	L	A	A	B	B	B	B	C	L	A	A	A	A	B	B	C	C	C	C	A	A	G	L	A	A	B	B	C	C	A	A	B	B	C	C	A	A	B	B	C	C	A	A	B	B	C	C	A	A	B	B	C	C	A	L	L	L	L	L	L	L	L	L	L	L	L	L	L	L	L	L	L	L	L	G	B	A	L	C	L	C	C	L	B	C	C	A	A	A	L	C	C	C	C	C	C	A	A	L	B	B	B	C	C	A	A	A	A	A	A	B	B	B	B	C	L	A	A	A	A	B	B	C	C	C	C	A	A	B	B	B	B	C	C	A	A	A	A	B	B	C	C	C	C	A	A	G	L	A	A	B	B	C	C	A	A	B	B	C	C	A	A	B	B	C	C	A	A	B	B	C	C	A	A	B	B	A	C	B	L	L	L	L	L	L	L	L	L	L	L	L	L	L	L	L	L	L	L	L	
645	G	C	G	G	L	B	B	L	C	C	C	L	C	C	C	C	C	L	A	A	A	A	A	B	B	B	B	G	L	B	B	B	B	B	B	B	B	B	B	B	B	C	C	C	L	B	B	B	B	B	B	B	B	C	C	C	C	C	C	C	C	C	C	A	A	A	A	A	A	L	A	A	A	A	A	A	A	B	B	B	B	C	C	C	C	C	C	C	C	A	A	A	A	A	A	B	B	B	B	B	B	A	C	B	L	L	L	L	L	L	G	C	G	G	L	L	C	A	A	G	L	L	L	L	L	L	L	L	L	L	L	L	L	L	L	L	L	L	L	L	L	L	L	L	L	L	L	L	L	L	L	L	L	L	L	L	L	L	L	L	L	L	L	L	L	L	G	C	G	L	C	L	A	A	A	L	A	B	B	B	B	C	C	L	A	A	A	B	B	C	C	C	C	A	A	B	B	L	A	B	B	C	C	A	A	B	B	C	C	A	A	B	B	C	C	A	A	B	B	C	C	A	A	B	B	C	C	A	A	G	L	L	L	L	L	L	L	L	L	L	L	L	L	L	L	L	L	L	L	G	C	G	L	C	L	C	C	L	L	C	A	A	A	A	L	C	C	C	C	C	A	A	A	L	B	B	C	C	A	A	A	A	A	A	B	B	B	B	C	C	L	A	A	A	B	B	C	C	C	C	A	A	B	B	B	B	C	C	A	A	A	A	B	B	C	C	C	C	A	A	B	B	L	A	B	B	C	C	A	A	B	B	C	C	A	A	B	B	C	C	A	A	B	B	C	C	A	A	B	B	A	C	B	L	L	L	L	L	L	L	L	L	L	L	L	L	L	L	L	L	L	L	L	L	
646	G	B	A	B	L	B	G	L	C	C	C	L	C	C	C	C	C	L	A	A	A	A	B	B	B	B	B	B	L	B	B	B	B	B	B	B	B	B	B	B	C	C	C	C	L	B	B	B	B	B	B	B	C	C	C	C	C	C	C	C	C	C	A	A	A	A	A	A	A	L	A	A	A	A	A	A	B	B	B	B	C	C	C	C	C	C	C	C	A	A	A	A	A	A	B	B	B	B	B	B	A	C	B	L	L	L	L	L	L	L	G	B	A	B	C	L	A	A	B	B	C	L	L	L	L	L	L	L	L	L	L	L	L	L	L	L	L	L	L	L	L	L	L	L	L	L	L	L	L	L	L	L	L	L	L	L	L	L	L	L	L	L	L	L	L	L	G	B	A	L	C	L	A	A	A	L	L	B	B	B	C	C	C	L	A	A	B	B	C	C	C	C	A	A	B	B	G	L	L	B	C	C	A	A	B	B	C	C	A	A	B	B	C	C	A	A	B	B	C	C	A	A	B	B	C	C	A	A	B	B	C	L	L	L	L	L	L	L	L	L	L	L	L	L	L	L	L	L	L	G	B	A	L	C	L	C	C	A	L	A	A	A	A	A	L	C	C	C	C	A	A	A	A	L	B	C	C	A	A	A	A	A	A	B	B	B	B	C	C	C	L	A	A	B	B	C	C	C	C	A	A	B	B	B	B	C	C	A	A	A	A	B	B	C	C	C	C	A	A	B	B	G	L	L	B	C	C	A	A	B	B	C	C	A	A	B	B	C	C	A	A	B	B	C	C	A	A	B	B	A	C	B	L	L	L	L	L	L	L	L	L	L	L	L	L	L	L	L	L	L	L	L	L	L	
647	G	C	G	G	L	B	B	L	C	C	C	L	C	C	C	C	C	L	A	A	A	B	B	B	B	B	B	G	L	B	B	B	B	B	B	B	B	B	B	C	C	C	C	C	L	B	B	B	B	B	B	C	C	C	C	C	C	C	C	C	C	A	A	A	A	A	A	A	A	L	A	A	A	A	A	B	B	B	B	C	C	C	C	C	C	C	C	A	A	A	A	A	A	B	B	B	B	B	B	A	C	B	L	L	L	L	L	L	L	L	G	C	G	L	C	L	A	B	B	C	C	A	L	L	L	L	L	L	L	L	L	L	L	L	L	L	L	L	L	L	L	L	L	L	L	L	L	L	L	L	L	L	L	L	L	L	L	L	L	L	L	L	L	L	L	L	G	C	G	L	C	L	A	A	A	G	L	B	B	C	C	C	C	L	A	B	B	C	C	C	C	A	A	B	B	B	B	C	L	L	C	A	A	B	B	C	C	A	A	B	B	C	C	A	A	B	B	C	C	A	A	B	B	C	C	A	A	B	B	C	C	A	L	L	L	L	L	L	L	L	L	L	L	L	L	L	L	L	L	G	C	G	L	C	L	C	A	A	L	A	A	A	A	A	L	C	C	C	A	A	A	A	A	L	L	C	A	A	A	A	A	A	B	B	B	B	C	C	C	C	L	A	B	B	C	C	C	C	A	A	B	B	B	B	C	C	A	A	A	A	B	B	C	C	C	C	A	A	B	B	B	B	C	L	L	C	A	A	B	B	C	C	A	A	B	B	C	C	A	A	B	B	C	C	A	A	B	B	A	C	B	L	L	L	L	L	L	L	L	L	L	L	L	L	L	L	L	L	L	L	L	L	L	L	
648	G	B	A	B	L	B	G	L	C	C	C	L	C	C	C	C	C	L	A	A	B	B	B	B	B	B	B	B	L	B	B	B	B	B	B	B	B	B	C	C	C	C	C	C	L	B	B	B	B	B	C	C	C	C	C	C	C	C	C	C	A	A	A	A	A	A	A	A	A	L	A	A	A	A	B	B	B	B	C	C	C	C	C	C	C	C	A	A	A	A	A	A	B	B	B	B	B	B	A	C	B	L	L	L	L	L	L	L	L	L	G	B	A	L	C	L	L	B	C	C	A	A	G	L	L	L	L	L	L	L	L	L	L	L	L	L	L	L	L	L	L	L	L	L	L	L	L	L	L	L	L	L	L	L	L	L	L	L	L	L	L	L	L	L	L	L	G	B	A	L	C	L	A	A	B	B	L	B	C	C	C	C	C	L	L	B	C	C	C	C	A	A	B	B	B	B	C	C	A	L	A	A	B	B	C	C	A	A	B	B	C	C	A	A	B	B	C	C	A	A	B	B	C	C	A	A	B	B	C	C	A	A	G	L	L	L	L	L	L	L	L	L	L	L	L	L	L	L	L	G	B	A	L	C	L	A	A	A	L	A	A	A	A	A	L	C	C	A	A	A	A	A	A	G	L	A	A	A	A	A	A	B	B	B	B	C	C	C	C	C	L	L	B	C	C	C	C	A	A	B	B	B	B	C	C	A	A	A	A	B	B	C	C	C	C	A	A	B	B	B	B	C	C	A	L	A	A	B	B	C	C	A	A	B	B	C	C	A	A	B	B	C	C	A	A	B	B	A	C	B	L	L	L	L	L	L	L	L	L	L	L	L	L	L	L	L	L	L	L	L	L	L	L	L	
649	G	C	G	G	L	B	B	L	C	C	C	L	C	C	C	C	C	L	A	B	B	B	B	B	B	B	B	G	L	B	B	B	B	B	B	B	B	C	C	C	C	C	C	C	L	B	B	B	B	C	C	C	C	C	C	C	C	C	C	A	A	A	A	A	A	A	A	A	A	L	A	A	A	B	B	B	B	C	C	C	C	C	C	C	C	A	A	A	A	A	A	B	B	B	B	B	B	A	C	B	L	L	L	L	L	L	L	L	L	L	G	C	G	L	C	A	L	L	C	A	A	B	B	C	L	L	L	L	L	L	L	L	L	L	L	L	L	L	L	L	L	L	L	L	L	L	L	L	L	L	L	L	L	L	L	L	L	L	L	L	L	L	L	L	L	L	G	C	G	L	C	L	A	B	B	G	L	L	C	C	C	C	C	A	L	L	C	C	C	A	A	B	B	B	B	C	C	A	A	L	A	B	B	C	C	A	A	B	B	C	C	A	A	B	B	C	C	A	A	B	B	C	C	A	A	B	B	C	C	A	A	B	B	C	L	L	L	L	L	L	L	L	L	L	L	L	L	L	L	G	C	G	L	C	L	A	A	A	L	A	A	A	A	A	L	C	A	A	A	A	A	A	B	B	L	A	A	A	A	A	B	B	B	B	C	C	C	C	C	C	A	L	L	C	C	C	A	A	B	B	B	B	C	C	A	A	A	A	B	B	C	C	C	C	A	A	B	B	B	B	C	C	A	A	L	A	B	B	C	C	A	A	B	B	C	C	A	A	B	B	C	C	A	A	B	B	A	C	B	L	L	L	L	L	L	L	L	L	L	L	L	L	L	L	L	L	L	L	L	L	L	L	L	L	
650	G	B	A	B	L	B	G	L	C	C	C	L	C	C	C	C	C	L	L	B	B	B	B	B	B	B	B	B	L	B	B	B	B	B	B	B	C	C	C	C	C	C	C	C	L	B	B	B	C	C	C	C	C	C	C	C	C	C	A	A	A	A	A	A	A	A	A	A	A	L	A	A	B	B	B	B	C	C	C	C	C	C	C	C	A	A	A	A	A	A	B	B	B	B	B	B	A	C	B	L	L	L	L	L	L	L	L	L	L	L	G	B	A	L	A	A	G	L	A	A	B	B	C	C	A	L	L	L	L	L	L	L	L	L	L	L	L	L	L	L	L	L	L	L	L	L	L	L	L	L	L	L	L	L	L	L	L	L	L	L	L	L	L	L	L	L	G	B	A	L	C	L	L	B	B	B	C	L	C	C	C	C	A	A	G	L	C	C	A	A	B	B	B	B	C	C	A	A	A	L	L	B	C	C	A	A	B	B	C	C	A	A	B	B	C	C	A	A	B	B	C	C	A	A	B	B	C	C	A	A	B	B	C	C	A	L	L	L	L	L	L	L	L	L	L	L	L	L	L	G	B	A	L	C	L	A	A	A	L	A	A	A	A	A	L	A	A	A	A	A	A	B	B	G	L	A	A	A	A	B	B	B	B	C	C	C	C	C	C	A	A	G	L	C	C	A	A	B	B	B	B	C	C	A	A	A	A	B	B	C	C	C	C	A	A	B	B	B	B	C	C	A	A	A	L	L	B	C	C	A	A	B	B	C	C	A	A	B	B	C	C	A	A	B	B	A	C	B	L	L	L	L	L	L	L	L	L	L	L	L	L	L	L	L	L	L	L	L	L	L	L	L	L	L	
651	G	C	G	G	L	B	B	L	C	C	C	L	C	C	C	C	C	A	L	B	B	B	B	B	B	B	B	G	L	B	B	B	B	B	B	C	C	C	C	C	C	C	C	C	L	B	B	C	C	C	C	C	C	C	C	C	C	A	A	A	A	A	A	A	A	A	A	A	A	L	A	B	B	B	B	C	C	C	C	C	C	C	C	A	A	A	A	A	A	B	B	B	B	B	B	A	C	B	L	L	L	L	L	L	L	L	L	L	L	L	G	C	G	L	A	B	B	L	A	B	B	C	C	A	A	G	L	L	L	L	L	L	L	L	L	L	L	L	L	L	L	L	L	L	L	L	L	L	L	L	L	L	L	L	L	L	L	L	L	L	L	L	L	L	L	L	G	C	G	L	C	A	L	B	B	C	C	L	C	C	C	A	A	B	B	L	C	A	A	B	B	B	B	C	C	A	A	A	A	G	L	L	C	A	A	B	B	C	C	A	A	B	B	C	C	A	A	B	B	C	C	A	A	B	B	C	C	A	A	B	B	C	C	A	A	G	L	L	L	L	L	L	L	L	L	L	L	L	L	G	C	G	L	C	L	A	A	A	L	A	A	A	A	A	L	A	A	A	A	A	B	B	B	B	L	A	A	A	B	B	B	B	C	C	C	C	C	C	A	A	B	B	L	C	A	A	B	B	B	B	C	C	A	A	A	A	B	B	C	C	C	C	A	A	B	B	B	B	C	C	A	A	A	A	G	L	L	C	A	A	B	B	C	C	A	A	B	B	C	C	A	A	B	B	A	C	B	L	L	L	L	L	L	L	L	L	L	L	L	L	L	L	L	L	L	L	L	L	L	L	L	L	L	L	
652	G	B	A	B	L	B	G	L	C	C	C	L	C	C	C	C	A	A	L	B	B	B	B	B	B	B	B	B	L	B	B	B	B	B	C	C	C	C	C	C	C	C	C	C	L	B	C	C	C	C	C	C	C	C	C	C	A	A	A	A	A	A	A	A	A	A	A	A	A	L	L	B	B	B	C	C	C	C	C	C	C	C	A	A	A	A	A	A	B	B	B	B	B	B	A	C	B	L	L	L	L	L	L	L	L	L	L	L	L	L	G	B	A	L	L	B	G	L	L	B	C	C	A	A	B	B	C	L	L	L	L	L	L	L	L	L	L	L	L	L	L	L	L	L	L	L	L	L	L	L	L	L	L	L	L	L	L	L	L	L	L	L	L	L	L	L	G	B	A	L	A	A	L	B	C	C	C	L	C	C	A	A	B	B	G	L	A	A	B	B	B	B	C	C	A	A	A	A	B	B	C	L	A	A	B	B	C	C	A	A	B	B	C	C	A	A	B	B	C	C	A	A	B	B	C	C	A	A	B	B	C	C	A	A	B	B	C	L	L	L	L	L	L	L	L	L	L	L	L	G	B	A	L	C	L	A	A	A	L	A	A	A	A	A	L	A	A	A	A	B	B	B	B	G	L	A	A	B	B	B	B	C	C	C	C	C	C	A	A	B	B	G	L	A	A	B	B	B	B	C	C	A	A	A	A	B	B	C	C	C	C	A	A	B	B	B	B	C	C	A	A	A	A	B	B	C	L	A	A	B	B	C	C	A	A	B	B	C	C	A	A	B	B	A	C	B	L	L	L	L	L	L	L	L	L	L	L	L	L	L	L	L	L	L	L	L	L	L	L	L	L	L	L	L	
653	G	C	G	G	L	B	B	L	C	C	C	L	C	C	C	A	A	A	L	B	B	B	B	B	B	B	B	G	L	B	B	B	B	C	C	C	C	C	C	C	C	C	C	C	L	L	C	C	C	C	C	C	C	C	C	A	A	A	A	A	A	A	A	A	A	A	A	A	A	G	L	B	B	C	C	C	C	C	C	C	C	A	A	A	A	A	A	B	B	B	B	B	B	A	C	B	L	L	L	L	L	L	L	L	L	L	L	L	L	L	G	C	G	G	L	B	B	C	L	L	C	A	A	B	B	C	C	A	L	L	L	L	L	L	L	L	L	L	L	L	L	L	L	L	L	L	L	L	L	L	L	L	L	L	L	L	L	L	L	L	L	L	L	L	L	L	G	C	G	L	A	A	L	L	C	C	C	L	C	A	A	B	B	B	B	L	A	B	B	B	B	C	C	A	A	A	A	B	B	C	C	L	A	B	B	C	C	A	A	B	B	C	C	A	A	B	B	C	C	A	A	B	B	C	C	A	A	B	B	C	C	A	A	B	B	C	C	A	L	L	L	L	L	L	L	L	L	L	L	G	C	G	L	C	L	A	A	A	L	A	A	A	A	A	L	A	A	A	B	B	B	B	B	B	L	A	B	B	B	B	C	C	C	C	C	C	A	A	B	B	B	B	L	A	B	B	B	B	C	C	A	A	A	A	B	B	C	C	C	C	A	A	B	B	B	B	C	C	A	A	A	A	B	B	C	C	L	A	B	B	C	C	A	A	B	B	C	C	A	A	B	B	A	C	B	L	L	L	L	L	L	L	L	L	L	L	L	L	L	L	L	L	L	L	L	L	L	L	L	L	L	L	L	L	
654	G	B	A	B	L	B	G	L	C	C	C	L	C	C	A	A	A	A	L	B	B	B	B	B	B	B	B	B	L	B	B	B	C	C	C	C	C	C	C	C	C	C	C	C	A	L	C	C	C	C	C	C	C	C	A	A	A	A	A	A	A	A	A	A	A	A	A	A	B	B	L	B	C	C	C	C	C	C	C	C	A	A	A	A	A	A	B	B	B	B	B	B	A	C	B	L	L	L	L	L	L	L	L	L	L	L	L	L	L	L	G	B	A	B	L	B	C	C	A	L	A	A	B	B	C	C	A	A	G	L	L	L	L	L	L	L	L	L	L	L	L	L	L	L	L	L	L	L	L	L	L	L	L	L	L	L	L	L	L	L	L	L	L	L	L	L	G	B	A	L	A	A	G	L	C	C	C	L	A	A	B	B	B	B	G	L	L	B	B	B	C	C	A	A	A	A	B	B	C	C	C	L	L	B	C	C	A	A	B	B	C	C	A	A	B	B	C	C	A	A	B	B	C	C	A	A	B	B	C	C	A	A	B	B	C	C	A	A	G	L	L	L	L	L	L	L	L	L	L	G	B	A	L	C	L	A	A	A	L	A	A	A	A	A	L	A	A	B	B	B	B	B	B	G	L	L	B	B	B	C	C	C	C	C	C	A	A	B	B	B	B	G	L	L	B	B	B	C	C	A	A	A	A	B	B	C	C	C	C	A	A	B	B	B	B	C	C	A	A	A	A	B	B	C	C	C	L	L	B	C	C	A	A	B	B	C	C	A	A	B	B	A	C	B	L	L	L	L	L	L	L	L	L	L	L	L	L	L	L	L	L	L	L	L	L	L	L	L	L	L	L	L	L	L	
655	G	C	G	G	L	B	B	L	C	C	C	L	C	A	A	A	A	A	L	B	B	B	B	B	B	B	B	G	L	B	B	C	C	C	C	C	C	C	C	C	C	C	C	A	A	L	C	C	C	C	C	C	C	A	A	A	A	A	A	A	A	A	A	A	A	A	A	B	B	G	L	L	C	C	C	C	C	C	C	A	A	A	A	A	A	B	B	B	B	B	B	A	C	B	L	L	L	L	L	L	L	L	L	L	L	L	L	L	L	L	G	C	G	G	L	L	C	A	A	L	A	B	B	C	C	A	A	B	B	C	L	L	L	L	L	L	L	L	L	L	L	L	L	L	L	L	L	L	L	L	L	L	L	L	L	L	L	L	L	L	L	L	L	L	L	L	G	C	G	L	A	B	B	L	C	C	C	L	A	B	B	B	B	B	B	C	L	B	B	C	C	A	A	A	A	B	B	C	C	C	C	A	L	L	C	A	A	B	B	C	C	A	A	B	B	C	C	A	A	B	B	C	C	A	A	B	B	C	C	A	A	B	B	C	C	A	A	B	B	C	L	L	L	L	L	L	L	L	L	G	C	G	L	C	L	A	A	A	L	A	A	A	A	A	L	A	B	B	B	B	B	B	B	B	C	L	B	B	C	C	C	C	C	C	A	A	B	B	B	B	B	B	C	L	B	B	C	C	A	A	A	A	B	B	C	C	C	C	A	A	B	B	B	B	C	C	A	A	A	A	B	B	C	C	C	C	A	L	L	C	A	A	B	B	C	C	A	A	B	B	A	C	B	L	L	L	L	L	L	L	L	L	L	L	L	L	L	L	L	L	L	L	L	L	L	L	L	L	L	L	L	L	L	L	
656	G	B	A	B	L	B	G	L	C	C	C	L	A	A	A	A	A	A	L	B	B	B	B	B	B	B	B	B	L	B	C	C	C	C	C	C	C	C	C	C	C	C	A	A	A	L	C	C	C	C	C	C	A	A	A	A	A	A	A	A	A	A	A	A	A	A	B	B	B	B	C	L	C	C	C	C	C	C	A	A	A	A	A	A	B	B	B	B	B	B	A	C	B	L	L	L	L	L	L	L	L	L	L	L	L	L	L	L	L	L	G	B	A	B	C	L	A	A	A	L	L	B	C	C	A	A	B	B	C	C	A	L	L	L	L	L	L	L	L	L	L	L	L	L	L	L	L	L	L	L	L	L	L	L	L	L	L	L	L	L	L	L	L	L	L	L	G	B	A	L	L	B	G	L	C	C	C	L	L	B	B	B	B	B	C	C	L	B	C	C	A	A	A	A	B	B	C	C	C	C	A	A	G	L	A	A	B	B	C	C	A	A	B	B	C	C	A	A	B	B	C	C	A	A	B	B	C	C	A	A	B	B	C	C	A	A	B	B	C	C	A	L	L	L	L	L	L	L	L	G	B	A	L	C	L	A	A	A	L	A	A	A	A	A	L	L	B	B	B	B	B	B	B	C	C	L	B	C	C	C	C	C	C	A	A	B	B	B	B	B	B	C	C	L	B	C	C	A	A	A	A	B	B	C	C	C	C	A	A	B	B	B	B	C	C	A	A	A	A	B	B	C	C	C	C	A	A	G	L	A	A	B	B	C	C	A	A	B	B	A	C	B	L	L	L	L	L	L	L	L	L	L	L	L	L	L	L	L	L	L	L	L	L	L	L	L	L	L	L	L	L	L	L	L	
657	G	C	G	G	L	B	B	L	C	C	C	L	A	A	A	A	A	A	L	B	B	B	B	B	B	B	B	G	L	L	C	C	C	C	C	C	C	C	C	C	C	A	A	A	A	L	C	C	C	C	C	A	A	A	A	A	A	A	A	A	A	A	A	A	A	B	B	B	B	C	C	L	C	C	C	C	C	A	A	A	A	A	A	B	B	B	B	B	B	A	C	B	L	L	L	L	L	L	L	L	L	L	L	L	L	L	L	L	L	L	G	C	G	L	C	L	A	A	A	G	L	L	C	A	A	B	B	C	C	A	A	G	L	L	L	L	L	L	L	L	L	L	L	L	L	L	L	L	L	L	L	L	L	L	L	L	L	L	L	L	L	L	L	L	L	L	G	C	G	G	L	B	B	L	C	C	C	A	L	B	B	B	B	C	C	C	L	L	C	A	A	A	A	B	B	C	C	C	C	A	A	B	B	L	A	B	B	C	C	A	A	B	B	C	C	A	A	B	B	C	C	A	A	B	B	C	C	A	A	B	B	C	C	A	A	B	B	C	C	A	A	G	L	L	L	L	L	L	L	G	C	G	L	C	L	A	A	A	L	A	A	A	A	A	G	L	B	B	B	B	B	B	C	C	C	L	L	C	C	C	C	C	A	A	B	B	B	B	B	B	C	C	C	L	L	C	A	A	A	A	B	B	C	C	C	C	A	A	B	B	B	B	C	C	A	A	A	A	B	B	C	C	C	C	A	A	B	B	L	A	B	B	C	C	A	A	B	B	A	C	B	L	L	L	L	L	L	L	L	L	L	L	L	L	L	L	L	L	L	L	L	L	L	L	L	L	L	L	L	L	L	L	L	L	
658	G	B	A	B	L	B	G	L	C	C	C	L	A	A	A	A	A	A	L	B	B	B	B	B	B	B	B	B	C	L	C	C	C	C	C	C	C	C	C	C	A	A	A	A	A	L	C	C	C	C	A	A	A	A	A	A	A	A	A	A	A	A	A	A	B	B	B	B	C	C	C	L	C	C	C	C	A	A	A	A	A	A	B	B	B	B	B	B	A	C	B	L	L	L	L	L	L	L	L	L	L	L	L	L	L	L	L	L	L	L	G	B	A	L	C	L	A	A	B	B	C	L	A	A	B	B	C	C	A	A	B	B	C	L	L	L	L	L	L	L	L	L	L	L	L	L	L	L	L	L	L	L	L	L	L	L	L	L	L	L	L	L	L	L	L	L	G	B	A	B	L	B	G	L	C	C	A	A	L	B	B	B	C	C	C	C	A	L	A	A	A	A	B	B	C	C	C	C	A	A	B	B	G	L	L	B	C	C	A	A	B	B	C	C	A	A	B	B	C	C	A	A	B	B	C	C	A	A	B	B	C	C	A	A	B	B	C	C	A	A	B	B	C	L	L	L	L	L	L	G	B	A	L	C	L	A	A	A	L	A	A	A	A	B	B	L	B	B	B	B	B	C	C	C	C	A	L	C	C	C	C	A	A	B	B	B	B	B	B	C	C	C	C	A	L	A	A	A	A	B	B	C	C	C	C	A	A	B	B	B	B	C	C	A	A	A	A	B	B	C	C	C	C	A	A	B	B	G	L	L	B	C	C	A	A	B	B	A	C	B	L	L	L	L	L	L	L	L	L	L	L	L	L	L	L	L	L	L	L	L	L	L	L	L	L	L	L	L	L	L	L	L	L	L	
659	G	C	G	G	L	B	B	L	C	C	C	L	A	A	A	A	A	A	L	B	B	B	B	B	B	B	B	C	C	L	C	C	C	C	C	C	C	C	C	A	A	A	A	A	A	L	C	C	C	A	A	A	A	A	A	A	A	A	A	A	A	A	A	B	B	B	B	C	C	C	C	L	C	C	C	A	A	A	A	A	A	B	B	B	B	B	B	A	C	B	L	L	L	L	L	L	L	L	L	L	L	L	L	L	L	L	L	L	L	L	G	C	G	L	C	L	A	B	B	C	C	L	A	B	B	C	C	A	A	B	B	C	C	A	L	L	L	L	L	L	L	L	L	L	L	L	L	L	L	L	L	L	L	L	L	L	L	L	L	L	L	L	L	L	L	L	G	C	G	G	L	B	B	L	C	A	A	A	L	B	B	C	C	C	C	A	A	L	A	A	A	B	B	C	C	C	C	A	A	B	B	B	B	C	L	L	C	A	A	B	B	C	C	A	A	B	B	C	C	A	A	B	B	C	C	A	A	B	B	C	C	A	A	B	B	C	C	A	A	B	B	C	C	A	L	L	L	L	L	G	C	G	L	C	L	A	A	A	L	A	A	A	B	B	G	L	B	B	B	B	C	C	C	C	A	A	L	C	C	C	A	A	B	B	B	B	B	B	C	C	C	C	A	A	L	A	A	A	B	B	C	C	C	C	A	A	B	B	B	B	C	C	A	A	A	A	B	B	C	C	C	C	A	A	B	B	B	B	C	L	L	C	A	A	B	B	A	C	B	L	L	L	L	L	L	L	L	L	L	L	L	L	L	L	L	L	L	L	L	L	L	L	L	L	L	L	L	L	L	L	L	L	L	L	
660	G	B	A	B	L	B	G	L	C	C	C	L	A	A	A	A	A	A	L	B	B	B	B	B	B	B	C	C	C	L	C	C	C	C	C	C	C	C	A	A	A	A	A	A	A	L	C	C	A	A	A	A	A	A	A	A	A	A	A	A	A	A	B	B	B	B	C	C	C	C	C	L	C	C	A	A	A	A	A	A	B	B	B	B	B	B	A	C	B	L	L	L	L	L	L	L	L	L	L	L	L	L	L	L	L	L	L	L	L	L	G	B	A	L	C	L	L	B	C	C	C	L	L	B	C	C	A	A	B	B	C	C	A	A	G	L	L	L	L	L	L	L	L	L	L	L	L	L	L	L	L	L	L	L	L	L	L	L	L	L	L	L	L	L	L	L	G	B	A	B	L	B	G	L	A	A	A	A	L	B	C	C	C	C	A	A	A	L	A	A	B	B	C	C	C	C	A	A	B	B	B	B	C	C	A	L	A	A	B	B	C	C	A	A	B	B	C	C	A	A	B	B	C	C	A	A	B	B	C	C	A	A	B	B	C	C	A	A	B	B	C	C	A	A	G	L	L	L	L	G	B	A	L	C	L	A	A	A	L	A	A	B	B	B	B	L	B	B	B	C	C	C	C	A	A	A	L	C	C	A	A	B	B	B	B	B	B	C	C	C	C	A	A	A	L	A	A	B	B	C	C	C	C	A	A	B	B	B	B	C	C	A	A	A	A	B	B	C	C	C	C	A	A	B	B	B	B	C	C	A	L	A	A	B	B	A	C	B	L	L	L	L	L	L	L	L	L	L	L	L	L	L	L	L	L	L	L	L	L	L	L	L	L	L	L	L	L	L	L	L	L	L	L	L	
661	G	C	G	G	L	B	B	L	C	C	C	L	A	A	A	A	A	A	L	B	B	B	B	B	B	C	C	C	C	L	C	C	C	C	C	C	C	A	A	A	A	A	A	A	A	L	C	A	A	A	A	A	A	A	A	A	A	A	A	A	A	B	B	B	B	C	C	C	C	C	C	L	C	A	A	A	A	A	A	B	B	B	B	B	B	A	C	B	L	L	L	L	L	L	L	L	L	L	L	L	L	L	L	L	L	L	L	L	L	L	G	C	G	L	C	A	L	L	C	C	C	A	L	L	C	A	A	B	B	C	C	A	A	B	B	C	L	L	L	L	L	L	L	L	L	L	L	L	L	L	L	L	L	L	L	L	L	L	L	L	L	L	L	L	L	L	G	C	G	G	L	B	B	L	A	A	A	A	L	L	C	C	C	A	A	A	A	L	A	B	B	C	C	C	C	A	A	B	B	B	B	C	C	A	A	L	A	B	B	C	C	A	A	B	B	C	C	A	A	B	B	C	C	A	A	B	B	C	C	A	A	B	B	C	C	A	A	B	B	C	C	A	A	B	B	C	L	L	L	G	C	G	L	C	L	A	A	A	L	A	B	B	B	B	G	L	B	B	C	C	C	C	A	A	A	A	L	C	A	A	B	B	B	B	B	B	C	C	C	C	A	A	A	A	L	A	B	B	C	C	C	C	A	A	B	B	B	B	C	C	A	A	A	A	B	B	C	C	C	C	A	A	B	B	B	B	C	C	A	A	L	A	B	B	A	C	B	L	L	L	L	L	L	L	L	L	L	L	L	L	L	L	L	L	L	L	L	L	L	L	L	L	L	L	L	L	L	L	L	L	L	L	L	L	
662	G	B	A	B	L	B	G	L	C	C	C	L	A	A	A	A	A	A	L	B	B	B	B	B	C	C	C	C	C	L	C	C	C	C	C	C	A	A	A	A	A	A	A	A	A	L	A	A	A	A	A	A	A	A	A	A	A	A	A	A	B	B	B	B	C	C	C	C	C	C	C	L	A	A	A	A	A	A	B	B	B	B	B	B	A	C	B	L	L	L	L	L	L	L	L	L	L	L	L	L	L	L	L	L	L	L	L	L	L	L	G	B	A	L	A	A	G	L	C	C	A	A	G	L	A	A	B	B	C	C	A	A	B	B	C	C	A	L	L	L	L	L	L	L	L	L	L	L	L	L	L	L	L	L	L	L	L	L	L	L	L	L	L	L	L	L	G	B	A	B	L	B	G	L	A	A	A	A	G	L	C	C	A	A	A	A	A	L	L	B	C	C	C	C	A	A	B	B	B	B	C	C	A	A	A	L	L	B	C	C	A	A	B	B	C	C	A	A	B	B	C	C	A	A	B	B	C	C	A	A	B	B	C	C	A	A	B	B	C	C	A	A	B	B	C	C	A	L	L	G	B	A	L	C	L	A	A	A	L	L	B	B	B	B	B	L	B	C	C	C	C	A	A	A	A	A	L	A	A	B	B	B	B	B	B	C	C	C	C	A	A	A	A	A	L	L	B	C	C	C	C	A	A	B	B	B	B	C	C	A	A	A	A	B	B	C	C	C	C	A	A	B	B	B	B	C	C	A	A	A	L	L	B	A	C	B	L	L	L	L	L	L	L	L	L	L	L	L	L	L	L	L	L	L	L	L	L	L	L	L	L	L	L	L	L	L	L	L	L	L	L	L	L	L	
663	G	C	G	G	L	B	B	L	C	C	C	L	A	A	A	A	A	A	L	B	B	B	B	C	C	C	C	C	C	L	C	C	C	C	C	A	A	A	A	A	A	A	A	A	A	L	A	A	A	A	A	A	A	A	A	A	A	A	A	B	B	B	B	C	C	C	C	C	C	C	C	L	A	A	A	A	A	B	B	B	B	B	B	A	C	B	L	L	L	L	L	L	L	L	L	L	L	L	L	L	L	L	L	L	L	L	L	L	L	L	G	C	G	L	A	B	B	L	C	A	A	B	B	L	A	B	B	C	C	A	A	B	B	C	C	A	A	G	L	L	L	L	L	L	L	L	L	L	L	L	L	L	L	L	L	L	L	L	L	L	L	L	L	L	L	L	G	C	G	G	L	B	B	L	A	A	A	B	B	L	C	A	A	A	A	A	A	G	L	L	C	C	C	A	A	B	B	B	B	C	C	A	A	A	A	G	L	L	C	A	A	B	B	C	C	A	A	B	B	C	C	A	A	B	B	C	C	A	A	B	B	C	C	A	A	B	B	C	C	A	A	B	B	C	C	A	A	G	L	G	C	G	L	C	L	A	A	A	G	L	B	B	B	B	G	L	L	C	C	C	A	A	A	A	A	A	L	A	B	B	B	B	B	B	C	C	C	C	A	A	A	A	A	A	G	L	L	C	C	C	A	A	B	B	B	B	C	C	A	A	A	A	B	B	C	C	C	C	A	A	B	B	B	B	C	C	A	A	A	A	G	L	G	C	B	L	L	L	L	L	L	L	L	L	L	L	L	L	L	L	L	L	L	L	L	L	L	L	L	L	L	L	L	L	L	L	L	L	L	L	L	L	L	L	
664	G	B	A	B	L	B	G	L	C	C	C	L	A	A	A	A	A	A	L	B	B	B	C	C	C	C	C	C	C	L	C	C	C	C	A	A	A	A	A	A	A	A	A	A	A	L	A	A	A	A	A	A	A	A	A	A	A	A	B	B	B	B	C	C	C	C	C	C	C	C	C	L	A	A	A	A	B	B	B	B	B	B	A	C	B	L	L	L	L	L	L	L	L	L	L	L	L	L	L	L	L	L	L	L	L	L	L	L	L	L	G	B	A	L	L	B	G	L	A	A	B	B	G	L	L	B	C	C	A	A	B	B	C	C	A	A	B	B	C	L	L	L	L	L	L	L	L	L	L	L	L	L	L	L	L	L	L	L	L	L	L	L	L	L	L	L	G	B	A	B	L	B	G	L	A	A	B	B	G	L	A	A	A	A	A	A	B	B	C	L	C	C	A	A	B	B	B	B	C	C	A	A	A	A	B	B	C	L	A	A	B	B	C	C	A	A	B	B	C	C	A	A	B	B	C	C	A	A	B	B	C	C	A	A	B	B	C	C	A	A	B	B	C	C	A	A	B	B	A	G	B	A	L	C	L	A	A	B	B	L	B	B	B	B	B	C	L	C	C	A	A	A	A	A	A	A	L	L	B	B	B	B	B	C	C	C	C	A	A	A	A	A	A	B	B	C	L	C	C	A	A	B	B	B	B	C	C	A	A	A	A	B	B	C	C	C	C	A	A	B	B	B	B	C	C	A	A	A	A	B	B	A	G	B	L	L	L	L	L	L	L	L	L	L	L	L	L	L	L	L	L	L	L	L	L	L	L	L	L	L	L	L	L	L	L	L	L	L	L	L	L	L	L	L	
665	G	C	G	G	L	B	B	L	C	C	C	L	A	A	A	A	A	A	L	B	B	C	C	C	C	C	C	C	C	L	C	C	C	A	A	A	A	A	A	A	A	A	A	A	A	L	A	A	A	A	A	A	A	A	A	A	A	B	B	B	B	C	C	C	C	C	C	C	C	C	C	L	A	A	A	B	B	B	B	B	B	A	C	B	L	L	L	L	L	L	L	L	L	L	L	L	L	L	L	L	L	L	L	L	L	L	L	L	L	L	G	C	G	G	L	B	B	L	A	B	B	B	B	C	L	L	C	A	A	B	B	C	C	A	A	B	B	C	C	A	L	L	L	L	L	L	L	L	L	L	L	L	L	L	L	L	L	L	L	L	L	L	L	L	L	L	G	C	G	G	L	B	B	L	A	B	B	B	B	L	A	A	A	A	A	B	B	C	C	L	C	A	A	B	B	B	B	C	C	A	A	A	A	B	B	C	C	L	A	B	B	C	C	A	A	B	B	C	C	A	A	B	B	C	C	A	A	B	B	C	C	A	A	B	B	C	C	A	A	B	B	C	C	A	A	B	B	A	C	G	C	G	L	C	L	A	B	B	G	L	B	B	B	B	C	C	L	C	A	A	A	A	A	A	A	A	G	L	B	B	B	B	C	C	C	C	A	A	A	A	A	A	B	B	C	C	L	C	A	A	B	B	B	B	C	C	A	A	A	A	B	B	C	C	C	C	A	A	B	B	B	B	C	C	A	A	A	A	B	B	A	C	G	C	L	L	L	L	L	L	L	L	L	L	L	L	L	L	L	L	L	L	L	L	L	L	L	L	L	L	L	L	L	L	L	L	L	L	L	L	L	L	L	L	
666	G	B	A	B	L	B	G	L	C	C	C	L	A	A	A	A	A	A	L	B	C	C	C	C	C	C	C	C	C	L	C	C	A	A	A	A	A	A	A	A	A	A	A	A	A	L	A	A	A	A	A	A	A	A	A	A	B	B	B	B	C	C	C	C	C	C	C	C	C	C	C	L	A	A	B	B	B	B	B	B	A	C	B	L	L	L	L	L	L	L	L	L	L	L	L	L	L	L	L	L	L	L	L	L	L	L	L	L	L	L	G	B	A	B	L	B	G	L	L	B	B	B	C	C	A	L	A	A	B	B	C	C	A	A	B	B	C	C	A	A	G	L	L	L	L	L	L	L	L	L	L	L	L	L	L	L	L	L	L	L	L	L	L	L	L	L	G	B	A	B	L	B	G	L	L	B	B	B	G	L	A	A	A	A	B	B	C	C	C	L	A	A	B	B	B	B	C	C	A	A	A	A	B	B	C	C	C	L	L	B	C	C	A	A	B	B	C	C	A	A	B	B	C	C	A	A	B	B	C	C	A	A	B	B	C	C	A	A	B	B	C	C	A	A	B	B	A	C	B	G	B	A	L	C	L	L	B	B	B	L	B	B	B	C	C	C	L	A	A	A	A	A	A	A	A	B	B	L	B	B	B	C	C	C	C	A	A	A	A	A	A	B	B	C	C	C	L	A	A	B	B	B	B	C	C	A	A	A	A	B	B	C	C	C	C	A	A	B	B	B	B	C	C	A	A	A	A	B	B	A	C	B	G	B	A	L	L	L	L	L	L	L	L	L	L	L	L	L	L	L	L	L	L	L	L	L	L	L	L	L	L	L	L	L	L	L	L	L	L	L	L	L	L	L	
667	G	C	G	G	L	B	B	L	C	C	C	L	A	A	A	A	A	A	L	L	C	C	C	C	C	C	C	C	C	L	C	A	A	A	A	A	A	A	A	A	A	A	A	A	A	L	A	A	A	A	A	A	A	A	A	B	B	B	B	C	C	C	C	C	C	C	C	C	C	C	C	L	A	B	B	B	B	B	B	A	C	B	L	L	L	L	L	L	L	L	L	L	L	L	L	L	L	L	L	L	L	L	L	L	L	L	L	L	L	L	G	C	G	G	L	B	B	C	L	B	B	C	C	A	A	L	A	B	B	C	C	A	A	B	B	C	C	A	A	B	B	C	L	L	L	L	L	L	L	L	L	L	L	L	L	L	L	L	L	L	L	L	L	L	L	L	G	C	G	G	L	B	B	C	L	B	B	B	B	L	A	A	A	B	B	C	C	C	C	L	A	B	B	B	B	C	C	A	A	A	A	B	B	C	C	C	C	A	L	L	C	A	A	B	B	C	C	A	A	B	B	C	C	A	A	B	B	C	C	A	A	B	B	C	C	A	A	B	B	C	C	A	A	B	B	A	C	B	L	G	C	G	L	C	A	L	B	B	G	L	B	B	C	C	C	C	L	A	A	A	A	A	A	A	B	B	G	L	B	B	C	C	C	C	A	A	A	A	A	A	B	B	C	C	C	C	L	A	B	B	B	B	C	C	A	A	A	A	B	B	C	C	C	C	A	A	B	B	B	B	C	C	A	A	A	A	B	B	A	C	B	L	G	C	G	G	L	L	L	L	L	L	L	L	L	L	L	L	L	L	L	L	L	L	L	L	L	L	L	L	L	L	L	L	L	L	L	L	L	L	L	L	L	L	
668	G	B	A	B	L	B	G	L	C	C	C	L	A	A	A	A	A	A	G	L	C	C	C	C	C	C	C	C	C	L	A	A	A	A	A	A	A	A	A	A	A	A	A	A	A	L	A	A	A	A	A	A	A	A	B	B	B	B	C	C	C	C	C	C	C	C	C	C	C	C	C	L	L	B	B	B	B	B	A	C	B	L	L	L	L	L	L	L	L	L	L	L	L	L	L	L	L	L	L	L	L	L	L	L	L	L	L	L	L	L	G	B	A	B	L	B	C	C	L	B	C	C	A	A	A	L	L	B	C	C	A	A	B	B	C	C	A	A	B	B	C	C	A	L	L	L	L	L	L	L	L	L	L	L	L	L	L	L	L	L	L	L	L	L	L	L	G	B	A	B	L	B	C	C	L	B	B	B	G	L	A	A	B	B	C	C	C	C	C	L	L	B	B	B	C	C	A	A	A	A	B	B	C	C	C	C	A	A	G	L	A	A	B	B	C	C	A	A	B	B	C	C	A	A	B	B	C	C	A	A	B	B	C	C	A	A	B	B	C	C	A	A	B	B	A	C	B	L	L	G	B	A	L	A	A	L	B	B	B	L	B	C	C	C	C	C	L	A	A	A	A	A	A	B	B	B	B	L	B	C	C	C	C	A	A	A	A	A	A	B	B	C	C	C	C	C	L	L	B	B	B	C	C	A	A	A	A	B	B	C	C	C	C	A	A	B	B	B	B	C	C	A	A	A	A	B	B	A	C	B	L	L	G	B	A	B	C	L	L	L	L	L	L	L	L	L	L	L	L	L	L	L	L	L	L	L	L	L	L	L	L	L	L	L	L	L	L	L	L	L	L	L	L	L	
669	G	C	G	G	L	B	B	L	C	C	C	L	A	A	A	A	A	B	B	L	C	C	C	C	C	C	C	C	C	L	A	A	A	A	A	A	A	A	A	A	A	A	A	A	A	L	A	A	A	A	A	A	A	B	B	B	B	C	C	C	C	C	C	C	C	C	C	C	C	C	C	A	L	B	B	B	B	A	C	B	L	L	L	L	L	L	L	L	L	L	L	L	L	L	L	L	L	L	L	L	L	L	L	L	L	L	L	L	L	L	G	C	G	G	L	L	C	C	L	L	C	A	A	A	A	G	L	L	C	A	A	B	B	C	C	A	A	B	B	C	C	A	A	G	L	L	L	L	L	L	L	L	L	L	L	L	L	L	L	L	L	L	L	L	L	L	G	C	G	G	L	L	C	C	L	B	B	B	B	L	A	B	B	C	C	C	C	C	C	A	L	B	B	C	C	A	A	A	A	B	B	C	C	C	C	A	A	B	B	L	A	B	B	C	C	A	A	B	B	C	C	A	A	B	B	C	C	A	A	B	B	C	C	A	A	B	B	C	C	A	A	B	B	A	C	B	L	L	L	G	C	G	L	A	A	L	B	B	G	L	L	C	C	C	C	C	L	A	A	A	A	A	B	B	B	B	G	L	L	C	C	C	A	A	A	A	A	A	B	B	C	C	C	C	C	C	A	L	B	B	C	C	A	A	A	A	B	B	C	C	C	C	A	A	B	B	B	B	C	C	A	A	A	A	B	B	A	C	B	L	L	L	G	C	G	L	C	A	L	L	L	L	L	L	L	L	L	L	L	L	L	L	L	L	L	L	L	L	L	L	L	L	L	L	L	L	L	L	L	L	L	L	L	L	
670	G	B	A	B	L	B	G	L	C	C	C	L	A	A	A	A	B	B	G	L	C	C	C	C	C	C	C	C	C	L	A	A	A	A	A	A	A	A	A	A	A	A	A	A	A	L	A	A	A	A	A	A	B	B	B	B	C	C	C	C	C	C	C	C	C	C	C	C	C	C	A	A	L	B	B	B	A	C	B	L	L	L	L	L	L	L	L	L	L	L	L	L	L	L	L	L	L	L	L	L	L	L	L	L	L	L	L	L	L	L	G	B	A	B	C	L	C	C	A	L	A	A	A	A	B	B	C	L	A	A	B	B	C	C	A	A	B	B	C	C	A	A	B	B	C	L	L	L	L	L	L	L	L	L	L	L	L	L	L	L	L	L	L	L	L	L	G	B	A	B	C	L	C	C	L	B	B	B	G	L	L	B	C	C	C	C	C	C	A	A	L	B	C	C	A	A	A	A	B	B	C	C	C	C	A	A	B	B	G	L	L	B	C	C	A	A	B	B	C	C	A	A	B	B	C	C	A	A	B	B	C	C	A	A	B	B	C	C	A	A	B	B	A	C	B	L	L	L	L	G	B	A	L	A	A	L	B	B	B	C	L	C	C	C	C	C	L	A	A	A	A	B	B	B	B	B	B	C	L	C	C	A	A	A	A	A	A	B	B	C	C	C	C	C	C	A	A	L	B	C	C	A	A	A	A	B	B	C	C	C	C	A	A	B	B	B	B	C	C	A	A	A	A	B	B	A	C	B	L	L	L	L	G	B	A	L	A	A	G	L	L	L	L	L	L	L	L	L	L	L	L	L	L	L	L	L	L	L	L	L	L	L	L	L	L	L	L	L	L	L	L	L	L	L	
671	G	C	G	G	L	B	B	L	C	C	C	L	A	A	A	B	B	B	B	L	C	C	C	C	C	C	C	C	C	L	A	A	A	A	A	A	A	A	A	A	A	A	A	A	A	L	A	A	A	A	A	B	B	B	B	C	C	C	C	C	C	C	C	C	C	C	C	C	C	A	A	A	L	B	B	A	C	B	L	L	L	L	L	L	L	L	L	L	L	L	L	L	L	L	L	L	L	L	L	L	L	L	L	L	L	L	L	L	L	L	G	C	G	L	C	L	C	A	A	L	A	A	A	B	B	C	C	L	A	B	B	C	C	A	A	B	B	C	C	A	A	B	B	C	C	A	L	L	L	L	L	L	L	L	L	L	L	L	L	L	L	L	L	L	L	L	G	C	G	L	C	L	C	C	L	B	B	B	B	C	L	L	C	C	C	C	C	A	A	A	L	L	C	A	A	A	A	B	B	C	C	C	C	A	A	B	B	B	B	C	L	L	C	A	A	B	B	C	C	A	A	B	B	C	C	A	A	B	B	C	C	A	A	B	B	C	C	A	A	B	B	A	C	B	L	L	L	L	L	G	C	G	L	A	A	L	B	B	C	C	L	C	C	C	C	C	L	A	A	A	B	B	B	B	B	B	C	C	L	C	A	A	A	A	A	A	B	B	C	C	C	C	C	C	A	A	A	L	L	C	A	A	A	A	B	B	C	C	C	C	A	A	B	B	B	B	C	C	A	A	A	A	B	B	A	C	B	L	L	L	L	L	G	C	G	L	A	B	B	C	L	L	L	L	L	L	L	L	L	L	L	L	L	L	L	L	L	L	L	L	L	L	L	L	L	L	L	L	L	L	L	L	L	L	
672	G	B	A	B	L	B	G	L	C	C	C	L	A	A	B	B	B	B	G	L	C	C	C	C	C	C	C	C	C	L	A	A	A	A	A	A	A	A	A	A	A	A	A	A	A	L	A	A	A	A	B	B	B	B	C	C	C	C	C	C	C	C	C	C	C	C	C	C	A	A	A	A	L	B	A	C	B	L	L	L	L	L	L	L	L	L	L	L	L	L	L	L	L	L	L	L	L	L	L	L	L	L	L	L	L	L	L	L	L	L	G	B	A	L	C	L	A	A	A	L	A	A	B	B	C	C	C	L	L	B	C	C	A	A	B	B	C	C	A	A	B	B	C	C	A	A	G	L	L	L	L	L	L	L	L	L	L	L	L	L	L	L	L	L	L	L	G	B	A	L	C	L	C	C	L	B	B	B	C	C	A	L	C	C	C	C	A	A	A	A	G	L	A	A	A	A	B	B	C	C	C	C	A	A	B	B	B	B	C	C	A	L	A	A	B	B	C	C	A	A	B	B	C	C	A	A	B	B	C	C	A	A	B	B	C	C	A	A	B	B	A	C	B	L	L	L	L	L	L	G	B	A	L	A	A	L	B	C	C	C	L	C	C	C	C	C	L	A	A	B	B	B	B	B	B	C	C	C	L	A	A	A	A	A	A	B	B	C	C	C	C	C	C	A	A	A	A	G	L	A	A	A	A	B	B	C	C	C	C	A	A	B	B	B	B	C	C	A	A	A	A	B	B	A	C	B	L	L	L	L	L	L	G	B	A	L	L	B	C	C	A	L	L	L	L	L	L	L	L	L	L	L	L	L	L	L	L	L	L	L	L	L	L	L	L	L	L	L	L	L	L	L	L	L	
673	G	C	G	G	L	B	B	L	C	C	C	L	A	B	B	B	B	B	B	L	C	C	C	C	C	C	C	C	C	L	A	A	A	A	A	A	A	A	A	A	A	A	A	A	A	L	A	A	A	B	B	B	B	C	C	C	C	C	C	C	C	C	C	C	C	C	C	A	A	A	A	A	L	G	C	B	L	L	L	L	L	L	L	L	L	L	L	L	L	L	L	L	L	L	L	L	L	L	L	L	L	L	L	L	L	L	L	L	L	L	G	C	G	L	C	L	A	A	A	L	A	B	B	C	C	C	C	A	L	L	C	A	A	B	B	C	C	A	A	B	B	C	C	A	A	B	B	C	L	L	L	L	L	L	L	L	L	L	L	L	L	L	L	L	L	L	G	C	G	L	C	L	C	C	L	B	B	C	C	A	A	L	C	C	C	A	A	A	A	B	B	L	A	A	A	B	B	C	C	C	C	A	A	B	B	B	B	C	C	A	A	L	A	B	B	C	C	A	A	B	B	C	C	A	A	B	B	C	C	A	A	B	B	C	C	A	A	B	B	A	C	B	L	L	L	L	L	L	L	G	C	G	L	A	A	L	L	C	C	C	L	C	C	C	C	C	L	A	B	B	B	B	B	B	C	C	C	C	L	A	A	A	A	A	B	B	C	C	C	C	C	C	A	A	A	A	B	B	L	A	A	A	B	B	C	C	C	C	A	A	B	B	B	B	C	C	A	A	A	A	B	B	A	C	B	L	L	L	L	L	L	L	G	C	G	G	L	L	C	A	A	G	L	L	L	L	L	L	L	L	L	L	L	L	L	L	L	L	L	L	L	L	L	L	L	L	L	L	L	L	L	L	L	L	
674	G	B	A	B	L	B	G	L	C	C	C	L	L	B	B	B	B	B	G	L	C	C	C	C	C	C	C	C	C	L	A	A	A	A	A	A	A	A	A	A	A	A	A	A	A	L	A	A	B	B	B	B	C	C	C	C	C	C	C	C	C	C	C	C	C	C	A	A	A	A	A	A	C	G	B	L	L	L	L	L	L	L	L	L	L	L	L	L	L	L	L	L	L	L	L	L	L	L	L	L	L	L	L	L	L	L	L	L	L	L	G	B	A	L	C	L	A	A	A	L	L	B	C	C	C	C	A	A	G	L	A	A	B	B	C	C	A	A	B	B	C	C	A	A	B	B	C	C	A	L	L	L	L	L	L	L	L	L	L	L	L	L	L	L	L	L	G	B	A	L	C	L	C	C	L	B	C	C	A	A	A	L	C	C	A	A	A	A	B	B	G	L	A	A	B	B	C	C	C	C	A	A	B	B	B	B	C	C	A	A	A	L	L	B	C	C	A	A	B	B	C	C	A	A	B	B	C	C	A	A	B	B	C	C	A	A	B	B	A	C	B	L	L	L	L	L	L	L	L	G	B	A	L	A	A	G	L	C	C	C	L	C	C	C	C	C	L	L	B	B	B	B	B	C	C	C	C	C	L	A	A	A	A	B	B	C	C	C	C	C	C	A	A	A	A	B	B	G	L	A	A	B	B	C	C	C	C	A	A	B	B	B	B	C	C	A	A	A	A	B	B	A	C	B	L	L	L	L	L	L	L	L	G	B	A	B	C	L	A	A	B	B	C	L	L	L	L	L	L	L	L	L	L	L	L	L	L	L	L	L	L	L	L	L	L	L	L	L	L	L	L	L	L	L	
675	G	C	G	G	L	B	B	L	C	C	C	A	L	B	B	B	B	B	B	L	C	C	C	C	C	C	C	C	C	L	A	A	A	A	A	A	A	A	A	A	A	A	A	A	A	L	A	B	B	B	B	C	C	C	C	C	C	C	C	C	C	C	C	C	C	A	A	A	A	A	A	C	B	G	C	L	L	L	L	L	L	L	L	L	L	L	L	L	L	L	L	L	L	L	L	L	L	L	L	L	L	L	L	L	L	L	L	L	L	L	G	C	G	L	C	L	A	A	A	G	L	L	C	C	C	A	A	B	B	L	A	B	B	C	C	A	A	B	B	C	C	A	A	B	B	C	C	A	A	G	L	L	L	L	L	L	L	L	L	L	L	L	L	L	L	L	G	C	G	L	C	L	C	C	L	L	C	A	A	A	A	L	C	A	A	A	A	B	B	B	B	L	A	B	B	C	C	C	C	A	A	B	B	B	B	C	C	A	A	A	A	G	L	L	C	A	A	B	B	C	C	A	A	B	B	C	C	A	A	B	B	C	C	A	A	B	B	A	C	B	L	L	L	L	L	L	L	L	L	G	C	G	L	A	B	B	L	C	C	C	L	C	C	C	C	C	A	L	B	B	B	B	C	C	C	C	C	C	L	A	A	A	B	B	C	C	C	C	C	C	A	A	A	A	B	B	B	B	L	A	B	B	C	C	C	C	A	A	B	B	B	B	C	C	A	A	A	A	B	B	A	C	B	L	L	L	L	L	L	L	L	L	G	C	G	L	C	L	A	B	B	C	C	A	L	L	L	L	L	L	L	L	L	L	L	L	L	L	L	L	L	L	L	L	L	L	L	L	L	L	L	L	L	L	
676	G	B	A	B	L	B	G	L	C	C	A	A	L	B	B	B	B	B	G	L	C	C	C	C	C	C	C	C	C	L	A	A	A	A	A	A	A	A	A	A	A	A	A	A	A	L	L	B	B	B	C	C	C	C	C	C	C	C	C	C	C	C	C	C	A	A	A	A	A	A	C	B	L	G	B	A	L	L	L	L	L	L	L	L	L	L	L	L	L	L	L	L	L	L	L	L	L	L	L	L	L	L	L	L	L	L	L	L	L	L	G	B	A	L	C	L	A	A	B	B	C	L	C	C	A	A	B	B	G	L	L	B	C	C	A	A	B	B	C	C	A	A	B	B	C	C	A	A	B	B	C	L	L	L	L	L	L	L	L	L	L	L	L	L	L	L	G	B	A	L	C	L	C	C	A	L	A	A	A	A	A	L	A	A	A	A	B	B	B	B	G	L	L	B	C	C	C	C	A	A	B	B	B	B	C	C	A	A	A	A	B	B	C	L	A	A	B	B	C	C	A	A	B	B	C	C	A	A	B	B	C	C	A	A	B	B	A	C	B	L	L	L	L	L	L	L	L	L	L	G	B	A	L	L	B	G	L	C	C	C	L	C	C	C	C	A	A	L	B	B	B	C	C	C	C	C	C	C	L	A	A	B	B	C	C	C	C	C	C	A	A	A	A	B	B	B	B	G	L	L	B	C	C	C	C	A	A	B	B	B	B	C	C	A	A	A	A	B	B	A	C	B	L	L	L	L	L	L	L	L	L	L	G	B	A	L	C	L	L	B	C	C	A	A	G	L	L	L	L	L	L	L	L	L	L	L	L	L	L	L	L	L	L	L	L	L	L	L	L	L	L	L	L	L	
677	G	C	G	G	L	B	B	L	C	A	A	A	L	B	B	B	B	B	B	L	C	C	C	C	C	C	C	C	C	L	A	A	A	A	A	A	A	A	A	A	A	A	A	A	A	G	L	B	B	C	C	C	C	C	C	C	C	C	C	C	C	C	C	A	A	A	A	A	A	C	B	L	L	G	C	G	G	L	L	L	L	L	L	L	L	L	L	L	L	L	L	L	L	L	L	L	L	L	L	L	L	L	L	L	L	L	L	L	L	L	G	C	G	L	C	L	A	B	B	C	C	L	C	A	A	B	B	B	B	C	L	L	C	A	A	B	B	C	C	A	A	B	B	C	C	A	A	B	B	C	C	A	L	L	L	L	L	L	L	L	L	L	L	L	L	L	G	C	G	L	C	L	C	A	A	L	A	A	A	A	A	L	A	A	A	B	B	B	B	B	B	C	L	L	C	C	C	A	A	B	B	B	B	C	C	A	A	A	A	B	B	C	C	L	A	B	B	C	C	A	A	B	B	C	C	A	A	B	B	C	C	A	A	B	B	A	C	B	L	L	L	L	L	L	L	L	L	L	L	G	C	G	G	L	B	B	L	C	C	C	L	C	C	C	A	A	A	L	B	B	C	C	C	C	C	C	C	C	L	A	B	B	C	C	C	C	C	C	A	A	A	A	B	B	B	B	B	B	C	L	L	C	C	C	A	A	B	B	B	B	C	C	A	A	A	A	B	B	A	C	B	L	L	L	L	L	L	L	L	L	L	L	G	C	G	L	C	A	L	L	C	A	A	B	B	C	L	L	L	L	L	L	L	L	L	L	L	L	L	L	L	L	L	L	L	L	L	L	L	L	L	L	L	L	
678	G	B	A	B	L	B	G	L	A	A	A	A	L	B	B	B	B	B	G	L	C	C	C	C	C	C	C	C	C	L	A	A	A	A	A	A	A	A	A	A	A	A	A	A	B	B	L	B	C	C	C	C	C	C	C	C	C	C	C	C	C	C	A	A	A	A	A	A	C	B	L	L	L	G	B	A	B	C	L	L	L	L	L	L	L	L	L	L	L	L	L	L	L	L	L	L	L	L	L	L	L	L	L	L	L	L	L	L	L	L	G	B	A	L	C	L	L	B	C	C	C	L	A	A	B	B	B	B	C	C	A	L	A	A	B	B	C	C	A	A	B	B	C	C	A	A	B	B	C	C	A	A	G	L	L	L	L	L	L	L	L	L	L	L	L	L	G	B	A	L	C	L	A	A	A	L	A	A	A	A	A	L	A	A	B	B	B	B	B	B	C	C	A	L	C	C	A	A	B	B	B	B	C	C	A	A	A	A	B	B	C	C	C	L	L	B	C	C	A	A	B	B	C	C	A	A	B	B	C	C	A	A	B	B	A	C	B	L	L	L	L	L	L	L	L	L	L	L	L	G	B	A	B	L	B	G	L	C	C	C	L	C	C	A	A	A	A	L	B	C	C	C	C	C	C	C	C	C	L	L	B	C	C	C	C	C	C	A	A	A	A	B	B	B	B	B	B	C	C	A	L	C	C	A	A	B	B	B	B	C	C	A	A	A	A	B	B	A	C	B	L	L	L	L	L	L	L	L	L	L	L	L	G	B	A	L	A	A	G	L	A	A	B	B	C	C	A	L	L	L	L	L	L	L	L	L	L	L	L	L	L	L	L	L	L	L	L	L	L	L	L	L	L	L	
679	G	C	G	G	L	B	B	L	A	A	A	A	L	B	B	B	B	B	B	L	C	C	C	C	C	C	C	C	C	L	A	A	A	A	A	A	A	A	A	A	A	A	A	B	B	G	L	L	C	C	C	C	C	C	C	C	C	C	C	C	C	A	A	A	A	A	A	C	B	L	L	L	L	G	C	G	L	C	A	L	L	L	L	L	L	L	L	L	L	L	L	L	L	L	L	L	L	L	L	L	L	L	L	L	L	L	L	L	L	L	G	C	G	L	C	A	L	L	C	C	C	L	A	B	B	B	B	C	C	A	A	L	A	B	B	C	C	A	A	B	B	C	C	A	A	B	B	C	C	A	A	B	B	C	L	L	L	L	L	L	L	L	L	L	L	L	G	C	G	L	C	L	A	A	A	L	A	A	A	A	A	L	A	B	B	B	B	B	B	C	C	A	A	L	C	A	A	B	B	B	B	C	C	A	A	A	A	B	B	C	C	C	C	A	L	L	C	A	A	B	B	C	C	A	A	B	B	C	C	A	A	B	B	A	C	B	L	L	L	L	L	L	L	L	L	L	L	L	L	G	C	G	G	L	B	B	L	C	C	C	L	C	A	A	A	A	A	L	L	C	C	C	C	C	C	C	C	C	A	L	L	C	C	C	C	C	A	A	A	A	B	B	B	B	B	B	C	C	A	A	L	C	A	A	B	B	B	B	C	C	A	A	A	A	B	B	A	C	B	L	L	L	L	L	L	L	L	L	L	L	L	L	G	C	G	L	A	B	B	L	A	B	B	C	C	A	A	G	L	L	L	L	L	L	L	L	L	L	L	L	L	L	L	L	L	L	L	L	L	L	L	L	L	L	
680	G	B	A	B	L	B	G	L	A	A	A	A	L	B	B	B	B	B	G	L	C	C	C	C	C	C	C	C	C	L	A	A	A	A	A	A	A	A	A	A	A	A	B	B	B	B	C	L	C	C	C	C	C	C	C	C	C	C	C	C	A	A	A	A	A	A	C	B	L	L	L	L	L	G	B	A	L	A	A	G	L	L	L	L	L	L	L	L	L	L	L	L	L	L	L	L	L	L	L	L	L	L	L	L	L	L	L	L	L	L	G	B	A	L	A	A	G	L	C	C	C	L	L	B	B	B	C	C	A	A	A	L	L	B	C	C	A	A	B	B	C	C	A	A	B	B	C	C	A	A	B	B	C	C	A	L	L	L	L	L	L	L	L	L	L	L	G	B	A	L	C	L	A	A	A	L	A	A	A	A	A	L	L	B	B	B	B	B	C	C	A	A	A	L	A	A	B	B	B	B	C	C	A	A	A	A	B	B	C	C	C	C	A	A	G	L	A	A	B	B	C	C	A	A	B	B	C	C	A	A	B	B	A	C	B	L	L	L	L	L	L	L	L	L	L	L	L	L	L	G	B	A	B	L	B	G	L	C	C	C	L	A	A	A	A	A	A	G	L	C	C	C	C	C	C	C	C	A	A	G	L	C	C	C	C	A	A	A	A	B	B	B	B	B	B	C	C	A	A	A	L	A	A	B	B	B	B	C	C	A	A	A	A	B	B	A	C	B	L	L	L	L	L	L	L	L	L	L	L	L	L	L	G	B	A	L	L	B	G	L	L	B	C	C	A	A	B	B	C	L	L	L	L	L	L	L	L	L	L	L	L	L	L	L	L	L	L	L	L	L	L	L	L	L	
681	G	C	G	G	L	B	B	L	A	A	A	A	L	B	B	B	B	B	B	L	C	C	C	C	C	C	C	C	C	L	A	A	A	A	A	A	A	A	A	A	A	B	B	B	B	C	C	L	C	C	C	C	C	C	C	C	C	C	C	A	A	A	A	A	A	C	B	L	L	L	L	L	L	G	C	G	L	A	B	B	C	L	L	L	L	L	L	L	L	L	L	L	L	L	L	L	L	L	L	L	L	L	L	L	L	L	L	L	L	L	G	C	G	L	A	B	B	L	C	C	C	A	L	B	B	C	C	A	A	A	A	G	L	L	C	A	A	B	B	C	C	A	A	B	B	C	C	A	A	B	B	C	C	A	A	G	L	L	L	L	L	L	L	L	L	L	G	C	G	L	C	L	A	A	A	L	A	A	A	A	A	G	L	B	B	B	B	C	C	A	A	A	A	L	A	B	B	B	B	C	C	A	A	A	A	B	B	C	C	C	C	A	A	B	B	L	A	B	B	C	C	A	A	B	B	C	C	A	A	B	B	A	C	B	L	L	L	L	L	L	L	L	L	L	L	L	L	L	L	G	C	G	G	L	B	B	L	C	C	C	L	A	A	A	A	A	B	B	L	C	C	C	C	C	C	C	A	A	B	B	L	C	C	C	A	A	A	A	B	B	B	B	B	B	C	C	A	A	A	A	L	A	B	B	B	B	C	C	A	A	A	A	B	B	A	C	B	L	L	L	L	L	L	L	L	L	L	L	L	L	L	L	G	C	G	G	L	B	B	C	L	L	C	A	A	B	B	C	C	A	L	L	L	L	L	L	L	L	L	L	L	L	L	L	L	L	L	L	L	L	L	L	L	L	
682	G	B	A	B	L	B	G	L	A	A	A	A	L	B	B	B	B	B	G	L	C	C	C	C	C	C	C	C	C	L	A	A	A	A	A	A	A	A	A	A	B	B	B	B	C	C	C	L	C	C	C	C	C	C	C	C	C	C	A	A	A	A	A	A	C	B	L	L	L	L	L	L	L	G	B	A	L	L	B	C	C	A	L	L	L	L	L	L	L	L	L	L	L	L	L	L	L	L	L	L	L	L	L	L	L	L	L	L	L	L	G	B	A	L	L	B	G	L	C	C	A	A	L	B	C	C	A	A	A	A	B	B	C	L	A	A	B	B	C	C	A	A	B	B	C	C	A	A	B	B	C	C	A	A	B	B	C	L	L	L	L	L	L	L	L	L	G	B	A	L	C	L	A	A	A	L	A	A	A	A	B	B	L	B	B	B	C	C	A	A	A	A	A	L	L	B	B	B	C	C	A	A	A	A	B	B	C	C	C	C	A	A	B	B	G	L	L	B	C	C	A	A	B	B	C	C	A	A	B	B	A	C	B	L	L	L	L	L	L	L	L	L	L	L	L	L	L	L	L	G	B	A	B	L	B	G	L	C	C	C	L	A	A	A	A	B	B	G	L	C	C	C	C	C	C	A	A	B	B	G	L	C	C	A	A	A	A	B	B	B	B	B	B	C	C	A	A	A	A	A	L	L	B	B	B	C	C	A	A	A	A	B	B	A	C	B	L	L	L	L	L	L	L	L	L	L	L	L	L	L	L	L	G	B	A	B	L	B	C	C	A	L	A	A	B	B	C	C	A	A	G	L	L	L	L	L	L	L	L	L	L	L	L	L	L	L	L	L	L	L	L	L	L	L	
683	G	C	G	G	L	B	B	L	A	A	A	A	L	B	B	B	B	B	B	L	C	C	C	C	C	C	C	C	C	L	A	A	A	A	A	A	A	A	A	B	B	B	B	C	C	C	C	L	C	C	C	C	C	C	C	C	C	A	A	A	A	A	A	C	B	L	L	L	L	L	L	L	L	G	C	G	G	L	L	C	A	A	G	L	L	L	L	L	L	L	L	L	L	L	L	L	L	L	L	L	L	L	L	L	L	L	L	L	L	L	G	C	G	G	L	B	B	L	C	A	A	A	L	L	C	A	A	A	A	B	B	C	C	L	A	B	B	C	C	A	A	B	B	C	C	A	A	B	B	C	C	A	A	B	B	C	C	A	L	L	L	L	L	L	L	L	G	C	G	L	C	L	A	A	A	L	A	A	A	B	B	G	L	B	B	C	C	A	A	A	A	A	A	G	L	B	B	C	C	A	A	A	A	B	B	C	C	C	C	A	A	B	B	B	B	C	L	L	C	A	A	B	B	C	C	A	A	B	B	A	C	B	L	L	L	L	L	L	L	L	L	L	L	L	L	L	L	L	L	G	C	G	G	L	B	B	L	C	C	C	L	A	A	A	B	B	B	B	L	C	C	C	C	C	A	A	B	B	B	B	L	C	A	A	A	A	B	B	B	B	B	B	C	C	A	A	A	A	A	A	G	L	B	B	C	C	A	A	A	A	B	B	A	C	B	L	L	L	L	L	L	L	L	L	L	L	L	L	L	L	L	L	G	C	G	G	L	L	C	A	A	L	A	B	B	C	C	A	A	B	B	C	L	L	L	L	L	L	L	L	L	L	L	L	L	L	L	L	L	L	L	L	L	L	
684	G	B	A	B	L	B	G	L	A	A	A	A	L	B	B	B	B	B	G	L	C	C	C	C	C	C	C	C	C	L	A	A	A	A	A	A	A	A	B	B	B	B	C	C	C	C	C	L	C	C	C	C	C	C	C	C	A	A	A	A	A	A	C	B	L	L	L	L	L	L	L	L	L	G	B	A	B	C	L	A	A	B	B	C	L	L	L	L	L	L	L	L	L	L	L	L	L	L	L	L	L	L	L	L	L	L	L	L	L	L	G	B	A	B	L	B	G	L	A	A	A	A	G	L	A	A	A	A	B	B	C	C	C	L	L	B	C	C	A	A	B	B	C	C	A	A	B	B	C	C	A	A	B	B	C	C	A	A	G	L	L	L	L	L	L	L	G	B	A	L	C	L	A	A	A	L	A	A	B	B	B	B	L	B	C	C	A	A	A	A	A	A	B	B	L	B	C	C	A	A	A	A	B	B	C	C	C	C	A	A	B	B	B	B	C	C	A	L	A	A	B	B	C	C	A	A	B	B	A	C	B	L	L	L	L	L	L	L	L	L	L	L	L	L	L	L	L	L	L	G	B	A	B	L	B	G	L	C	C	C	L	A	A	B	B	B	B	G	L	C	C	C	C	A	A	B	B	B	B	G	L	A	A	A	A	B	B	B	B	B	B	C	C	A	A	A	A	A	A	B	B	L	B	C	C	A	A	A	A	B	B	A	C	B	L	L	L	L	L	L	L	L	L	L	L	L	L	L	L	L	L	L	G	B	A	B	C	L	A	A	A	L	L	B	C	C	A	A	B	B	C	C	A	L	L	L	L	L	L	L	L	L	L	L	L	L	L	L	L	L	L	L	L	L	
685	G	C	G	G	L	B	B	L	A	A	A	A	L	B	B	B	B	B	B	L	C	C	C	C	C	C	C	C	C	L	A	A	A	A	A	A	A	B	B	B	B	C	C	C	C	C	C	L	C	C	C	C	C	C	C	A	A	A	A	A	A	C	B	L	L	L	L	L	L	L	L	L	L	G	C	G	L	C	L	A	B	B	C	C	A	L	L	L	L	L	L	L	L	L	L	L	L	L	L	L	L	L	L	L	L	L	L	L	L	L	G	C	G	G	L	B	B	L	A	A	A	B	B	L	A	A	A	B	B	C	C	C	C	A	L	L	C	A	A	B	B	C	C	A	A	B	B	C	C	A	A	B	B	C	C	A	A	B	B	C	L	L	L	L	L	L	G	C	G	L	C	L	A	A	A	L	A	B	B	B	B	G	L	L	C	A	A	A	A	A	A	B	B	G	L	L	C	A	A	A	A	B	B	C	C	C	C	A	A	B	B	B	B	C	C	A	A	L	A	B	B	C	C	A	A	B	B	A	C	B	L	L	L	L	L	L	L	L	L	L	L	L	L	L	L	L	L	L	L	G	C	G	G	L	B	B	L	C	C	C	L	A	B	B	B	B	B	B	L	C	C	C	A	A	B	B	B	B	B	B	L	A	A	A	B	B	B	B	B	B	C	C	A	A	A	A	A	A	B	B	G	L	L	C	A	A	A	A	B	B	A	C	B	L	L	L	L	L	L	L	L	L	L	L	L	L	L	L	L	L	L	L	G	C	G	L	C	L	A	A	A	G	L	L	C	A	A	B	B	C	C	A	A	G	L	L	L	L	L	L	L	L	L	L	L	L	L	L	L	L	L	L	L	L	
686	G	B	A	B	L	B	G	L	A	A	A	A	L	B	B	B	B	B	G	L	C	C	C	C	C	C	C	C	C	L	A	A	A	A	A	A	B	B	B	B	C	C	C	C	C	C	C	L	C	C	C	C	C	C	A	A	A	A	A	A	C	B	L	L	L	L	L	L	L	L	L	L	L	G	B	A	L	C	L	L	B	C	C	A	A	G	L	L	L	L	L	L	L	L	L	L	L	L	L	L	L	L	L	L	L	L	L	L	L	L	G	B	A	B	L	B	G	L	A	A	B	B	G	L	A	A	B	B	C	C	C	C	A	A	G	L	A	A	B	B	C	C	A	A	B	B	C	C	A	A	B	B	C	C	A	A	B	B	C	C	A	L	L	L	L	L	G	B	A	L	C	L	A	A	A	L	L	B	B	B	B	B	C	L	A	A	A	A	A	A	B	B	B	B	C	L	A	A	A	A	B	B	C	C	C	C	A	A	B	B	B	B	C	C	A	A	A	L	L	B	C	C	A	A	B	B	A	C	B	L	L	L	L	L	L	L	L	L	L	L	L	L	L	L	L	L	L	L	L	G	B	A	B	L	B	G	L	C	C	C	L	L	B	B	B	B	B	G	L	C	C	A	A	B	B	B	B	B	B	G	L	A	A	B	B	B	B	B	B	C	C	A	A	A	A	A	A	B	B	B	B	C	L	A	A	A	A	B	B	A	C	B	L	L	L	L	L	L	L	L	L	L	L	L	L	L	L	L	L	L	L	L	G	B	A	L	C	L	A	A	B	B	C	L	A	A	B	B	C	C	A	A	B	B	C	L	L	L	L	L	L	L	L	L	L	L	L	L	L	L	L	L	L	L	
687	G	C	G	G	L	B	B	L	A	A	A	A	L	B	B	B	B	B	B	L	C	C	C	C	C	C	C	C	C	L	A	A	A	A	A	B	B	B	B	C	C	C	C	C	C	C	C	L	C	C	C	C	C	A	A	A	A	A	A	C	B	L	L	L	L	L	L	L	L	L	L	L	L	G	C	G	L	C	A	L	L	C	A	A	B	B	C	L	L	L	L	L	L	L	L	L	L	L	L	L	L	L	L	L	L	L	L	L	L	L	G	C	G	G	L	B	B	L	A	B	B	B	B	L	A	B	B	C	C	C	C	A	A	B	B	L	A	B	B	C	C	A	A	B	B	C	C	A	A	B	B	C	C	A	A	B	B	C	C	A	A	G	L	L	L	L	G	C	G	L	C	L	A	A	A	G	L	B	B	B	B	C	C	L	A	A	A	A	A	B	B	B	B	C	C	L	A	A	A	B	B	C	C	C	C	A	A	B	B	B	B	C	C	A	A	A	A	G	L	L	C	A	A	B	B	A	C	B	L	L	L	L	L	L	L	L	L	L	L	L	L	L	L	L	L	L	L	L	L	G	C	G	G	L	B	B	L	C	C	C	A	L	B	B	B	B	B	B	L	C	A	A	B	B	B	B	B	B	B	B	L	A	B	B	B	B	B	B	C	C	A	A	A	A	A	A	B	B	B	B	C	C	L	A	A	A	B	B	A	C	B	L	L	L	L	L	L	L	L	L	L	L	L	L	L	L	L	L	L	L	L	L	G	C	G	L	C	L	A	B	B	C	C	L	A	B	B	C	C	A	A	B	B	C	C	A	L	L	L	L	L	L	L	L	L	L	L	L	L	L	L	L	L	L	
688	G	B	A	B	L	B	G	L	A	A	A	A	L	B	B	B	B	B	G	L	C	C	C	C	C	C	C	C	C	L	A	A	A	A	B	B	B	B	C	C	C	C	C	C	C	C	C	L	C	C	C	C	A	A	A	A	A	A	C	B	L	L	L	L	L	L	L	L	L	L	L	L	L	G	B	A	L	A	A	G	L	A	A	B	B	C	C	A	L	L	L	L	L	L	L	L	L	L	L	L	L	L	L	L	L	L	L	L	L	L	G	B	A	B	L	B	G	L	L	B	B	B	G	L	L	B	C	C	C	C	A	A	B	B	G	L	L	B	C	C	A	A	B	B	C	C	A	A	B	B	C	C	A	A	B	B	C	C	A	A	B	B	C	L	L	L	G	B	A	L	C	L	A	A	B	B	L	B	B	B	C	C	C	L	A	A	A	A	B	B	B	B	C	C	C	L	A	A	B	B	C	C	C	C	A	A	B	B	B	B	C	C	A	A	A	A	B	B	C	L	A	A	B	B	A	C	B	L	L	L	L	L	L	L	L	L	L	L	L	L	L	L	L	L	L	L	L	L	L	G	B	A	B	L	B	G	L	C	C	A	A	L	B	B	B	B	B	G	L	A	A	B	B	B	B	B	B	B	B	G	L	L	B	B	B	B	B	C	C	A	A	A	A	A	A	B	B	B	B	C	C	C	L	A	A	B	B	A	C	B	L	L	L	L	L	L	L	L	L	L	L	L	L	L	L	L	L	L	L	L	L	L	G	B	A	L	C	L	L	B	C	C	C	L	L	B	C	C	A	A	B	B	C	C	A	A	G	L	L	L	L	L	L	L	L	L	L	L	L	L	L	L	L	L	
689	G	C	G	G	L	B	B	L	A	A	A	A	L	B	B	B	B	B	B	L	C	C	C	C	C	C	C	C	C	L	A	A	A	B	B	B	B	C	C	C	C	C	C	C	C	C	C	L	C	C	C	A	A	A	A	A	A	C	B	L	L	L	L	L	L	L	L	L	L	L	L	L	L	G	C	G	L	A	B	B	L	A	B	B	C	C	A	A	G	L	L	L	L	L	L	L	L	L	L	L	L	L	L	L	L	L	L	L	L	L	G	C	G	G	L	B	B	C	L	B	B	B	B	C	L	L	C	C	C	A	A	B	B	B	B	C	L	L	C	A	A	B	B	C	C	A	A	B	B	C	C	A	A	B	B	C	C	A	A	B	B	C	C	A	L	L	G	C	G	L	C	L	A	B	B	G	L	B	B	C	C	C	C	L	A	A	A	B	B	B	B	C	C	C	C	L	A	B	B	C	C	C	C	A	A	B	B	B	B	C	C	A	A	A	A	B	B	C	C	L	A	B	B	A	C	B	L	L	L	L	L	L	L	L	L	L	L	L	L	L	L	L	L	L	L	L	L	L	L	G	C	G	G	L	B	B	L	C	A	A	A	L	B	B	B	B	B	B	L	A	B	B	B	B	B	B	B	B	B	B	C	L	B	B	B	B	C	C	A	A	A	A	A	A	B	B	B	B	C	C	C	C	L	A	B	B	A	C	B	L	L	L	L	L	L	L	L	L	L	L	L	L	L	L	L	L	L	L	L	L	L	L	G	C	G	L	C	A	L	L	C	C	C	A	L	L	C	A	A	B	B	C	C	A	A	B	B	C	L	L	L	L	L	L	L	L	L	L	L	L	L	L	L	L	
690	G	B	A	B	L	B	G	L	A	A	A	A	L	B	B	B	B	B	G	L	C	C	C	C	C	C	C	C	C	L	A	A	B	B	B	B	C	C	C	C	C	C	C	C	C	C	C	L	C	C	A	A	A	A	A	A	C	B	L	L	L	L	L	L	L	L	L	L	L	L	L	L	L	G	B	A	L	L	B	G	L	L	B	C	C	A	A	B	B	C	L	L	L	L	L	L	L	L	L	L	L	L	L	L	L	L	L	L	L	L	G	B	A	B	L	B	C	C	L	B	B	B	C	C	A	L	C	C	A	A	B	B	B	B	C	C	A	L	A	A	B	B	C	C	A	A	B	B	C	C	A	A	B	B	C	C	A	A	B	B	C	C	A	A	G	L	G	B	A	L	C	L	L	B	B	B	L	B	C	C	C	C	C	L	A	A	B	B	B	B	C	C	C	C	C	L	L	B	C	C	C	C	A	A	B	B	B	B	C	C	A	A	A	A	B	B	C	C	C	L	L	B	A	C	B	L	L	L	L	L	L	L	L	L	L	L	L	L	L	L	L	L	L	L	L	L	L	L	L	G	B	A	B	L	B	G	L	A	A	A	A	L	B	B	B	B	B	G	L	L	B	B	B	B	B	B	B	B	B	C	C	L	B	B	B	C	C	A	A	A	A	A	A	B	B	B	B	C	C	C	C	C	L	L	B	A	C	B	L	L	L	L	L	L	L	L	L	L	L	L	L	L	L	L	L	L	L	L	L	L	L	L	G	B	A	L	A	A	G	L	C	C	A	A	G	L	A	A	B	B	C	C	A	A	B	B	C	C	A	L	L	L	L	L	L	L	L	L	L	L	L	L	L	L	
691	G	C	G	G	L	B	B	L	A	A	A	A	L	B	B	B	B	B	B	L	C	C	C	C	C	C	C	C	C	L	A	B	B	B	B	C	C	C	C	C	C	C	C	C	C	C	C	L	C	A	A	A	A	A	A	C	B	L	L	L	L	L	L	L	L	L	L	L	L	L	L	L	L	G	C	G	G	L	B	B	C	L	L	C	A	A	B	B	C	C	A	L	L	L	L	L	L	L	L	L	L	L	L	L	L	L	L	L	L	L	G	C	G	G	L	L	C	C	L	B	B	C	C	A	A	L	C	A	A	B	B	B	B	C	C	A	A	L	A	B	B	C	C	A	A	B	B	C	C	A	A	B	B	C	C	A	A	B	B	C	C	A	A	B	B	A	G	C	G	L	C	A	L	B	B	G	L	L	C	C	C	C	C	L	A	B	B	B	B	C	C	C	C	C	C	A	L	L	C	C	C	A	A	B	B	B	B	C	C	A	A	A	A	B	B	C	C	C	C	A	L	G	C	B	L	L	L	L	L	L	L	L	L	L	L	L	L	L	L	L	L	L	L	L	L	L	L	L	L	G	C	G	G	L	B	B	L	A	A	A	A	L	B	B	B	B	B	B	C	L	B	B	B	B	B	B	B	B	C	C	C	L	B	B	C	C	A	A	A	A	A	A	B	B	B	B	C	C	C	C	C	C	A	L	G	C	B	L	L	L	L	L	L	L	L	L	L	L	L	L	L	L	L	L	L	L	L	L	L	L	L	L	G	C	G	L	A	B	B	L	C	A	A	B	B	L	A	B	B	C	C	A	A	B	B	C	C	A	A	G	L	L	L	L	L	L	L	L	L	L	L	L	L	L	
692	G	B	A	B	L	B	G	L	A	A	A	A	L	B	B	B	B	B	G	L	C	C	C	C	C	C	C	C	C	L	L	B	B	B	C	C	C	C	C	C	C	C	C	C	C	C	C	L	A	A	A	A	A	A	C	B	L	L	L	L	L	L	L	L	L	L	L	L	L	L	L	L	L	G	B	A	B	L	B	C	C	A	L	A	A	B	B	C	C	A	A	G	L	L	L	L	L	L	L	L	L	L	L	L	L	L	L	L	L	L	G	B	A	B	C	L	C	C	L	B	C	C	A	A	A	L	A	A	B	B	B	B	C	C	A	A	A	L	L	B	C	C	A	A	B	B	C	C	A	A	B	B	C	C	A	A	B	B	C	C	A	A	B	B	A	C	G	B	A	L	A	A	L	B	B	B	C	L	C	C	C	C	C	L	L	B	B	B	C	C	C	C	C	C	A	A	G	L	C	C	A	A	B	B	B	B	C	C	A	A	A	A	B	B	C	C	C	C	A	A	C	G	B	L	L	L	L	L	L	L	L	L	L	L	L	L	L	L	L	L	L	L	L	L	L	L	L	L	L	G	B	A	B	L	B	G	L	A	A	A	A	L	B	B	B	B	B	C	C	L	B	B	B	B	B	B	B	C	C	C	C	L	B	C	C	A	A	A	A	A	A	B	B	B	B	C	C	C	C	C	C	A	A	C	G	B	L	L	L	L	L	L	L	L	L	L	L	L	L	L	L	L	L	L	L	L	L	L	L	L	L	L	G	B	A	L	L	B	G	L	A	A	B	B	G	L	L	B	C	C	A	A	B	B	C	C	A	A	B	B	C	L	L	L	L	L	L	L	L	L	L	L	L	L	
693	G	C	G	G	L	B	B	L	A	A	A	A	L	B	B	B	B	B	B	L	C	C	C	C	C	C	C	C	C	A	L	B	B	C	C	C	C	C	C	C	C	C	C	C	C	C	C	L	A	A	A	A	A	C	B	L	L	L	L	L	L	L	L	L	L	L	L	L	L	L	L	L	L	G	C	G	G	L	L	C	A	A	L	A	B	B	C	C	A	A	B	B	C	L	L	L	L	L	L	L	L	L	L	L	L	L	L	L	L	L	G	C	G	L	C	L	C	C	L	L	C	A	A	A	A	L	A	B	B	B	B	C	C	A	A	A	A	G	L	L	C	A	A	B	B	C	C	A	A	B	B	C	C	A	A	B	B	C	C	A	A	B	B	A	C	B	G	C	G	L	A	A	L	B	B	C	C	L	C	C	C	C	C	A	L	B	B	C	C	C	C	C	C	A	A	B	B	L	C	A	A	B	B	B	B	C	C	A	A	A	A	B	B	C	C	C	C	A	A	C	B	G	C	L	L	L	L	L	L	L	L	L	L	L	L	L	L	L	L	L	L	L	L	L	L	L	L	L	L	G	C	G	G	L	B	B	L	A	A	A	A	L	B	B	B	B	C	C	C	L	B	B	B	B	B	B	C	C	C	C	C	L	L	C	A	A	A	A	A	A	B	B	B	B	C	C	C	C	C	C	A	A	C	B	G	C	L	L	L	L	L	L	L	L	L	L	L	L	L	L	L	L	L	L	L	L	L	L	L	L	L	L	G	C	G	G	L	B	B	L	A	B	B	B	B	C	L	L	C	A	A	B	B	C	C	A	A	B	B	C	C	A	L	L	L	L	L	L	L	L	L	L	L	L	
694	G	B	A	B	L	B	G	L	A	A	A	A	L	B	B	B	B	B	G	L	C	C	C	C	C	C	C	C	A	A	L	B	C	C	C	C	C	C	C	C	C	C	C	C	C	C	C	L	A	A	A	A	C	B	L	L	L	L	L	L	L	L	L	L	L	L	L	L	L	L	L	L	L	G	B	A	B	C	L	A	A	A	L	L	B	C	C	A	A	B	B	C	C	A	L	L	L	L	L	L	L	L	L	L	L	L	L	L	L	L	G	B	A	L	C	L	C	C	A	L	A	A	A	A	A	L	L	B	B	B	C	C	A	A	A	A	B	B	C	L	A	A	B	B	C	C	A	A	B	B	C	C	A	A	B	B	C	C	A	A	B	B	A	C	B	L	G	B	A	L	A	A	L	B	C	C	C	L	C	C	C	C	A	A	L	B	C	C	C	C	C	C	A	A	B	B	G	L	A	A	B	B	B	B	C	C	A	A	A	A	B	B	C	C	C	C	A	A	C	B	L	G	B	A	L	L	L	L	L	L	L	L	L	L	L	L	L	L	L	L	L	L	L	L	L	L	L	L	L	G	B	A	B	L	B	G	L	A	A	A	A	L	B	B	B	C	C	C	C	L	B	B	B	B	B	C	C	C	C	C	C	A	L	A	A	A	A	A	A	B	B	B	B	C	C	C	C	C	C	A	A	C	B	L	G	B	A	L	L	L	L	L	L	L	L	L	L	L	L	L	L	L	L	L	L	L	L	L	L	L	L	L	G	B	A	B	L	B	G	L	L	B	B	B	C	C	A	L	A	A	B	B	C	C	A	A	B	B	C	C	A	A	G	L	L	L	L	L	L	L	L	L	L	L	
695	G	C	G	G	L	B	B	L	A	A	A	A	L	B	B	B	B	B	B	L	C	C	C	C	C	C	C	A	A	A	L	L	C	C	C	C	C	C	C	C	C	C	C	C	C	C	C	L	A	A	A	C	B	L	L	L	L	L	L	L	L	L	L	L	L	L	L	L	L	L	L	L	L	G	C	G	L	C	L	A	A	A	G	L	L	C	A	A	B	B	C	C	A	A	G	L	L	L	L	L	L	L	L	L	L	L	L	L	L	L	G	C	G	L	C	L	C	A	A	L	A	A	A	A	A	G	L	B	B	C	C	A	A	A	A	B	B	C	C	L	A	B	B	C	C	A	A	B	B	C	C	A	A	B	B	C	C	A	A	B	B	A	C	B	L	L	G	C	G	L	A	A	L	L	C	C	C	L	C	C	C	A	A	A	L	L	C	C	C	C	C	A	A	B	B	B	B	L	A	B	B	B	B	C	C	A	A	A	A	B	B	C	C	C	C	A	A	C	B	L	L	G	C	G	G	L	L	L	L	L	L	L	L	L	L	L	L	L	L	L	L	L	L	L	L	L	L	L	L	G	C	G	G	L	B	B	L	A	A	A	A	L	B	B	C	C	C	C	C	L	B	B	B	B	C	C	C	C	C	C	A	A	L	A	A	A	A	A	B	B	B	B	C	C	C	C	C	C	A	A	C	B	L	L	G	C	G	G	L	L	L	L	L	L	L	L	L	L	L	L	L	L	L	L	L	L	L	L	L	L	L	L	G	C	G	G	L	B	B	C	L	B	B	C	C	A	A	L	A	B	B	C	C	A	A	B	B	C	C	A	A	B	B	C	L	L	L	L	L	L	L	L	L	L	
696	G	B	A	B	L	B	G	L	A	A	A	A	L	B	B	B	B	B	G	L	C	C	C	C	C	C	A	A	A	A	G	L	C	C	C	C	C	C	C	C	C	C	C	C	C	C	C	L	A	A	C	B	L	L	L	L	L	L	L	L	L	L	L	L	L	L	L	L	L	L	L	L	L	G	B	A	L	C	L	A	A	B	B	C	L	A	A	B	B	C	C	A	A	B	B	C	L	L	L	L	L	L	L	L	L	L	L	L	L	L	G	B	A	L	C	L	A	A	A	L	A	A	A	A	B	B	L	B	C	C	A	A	A	A	B	B	C	C	C	L	L	B	C	C	A	A	B	B	C	C	A	A	B	B	C	C	A	A	B	B	A	C	B	L	L	L	G	B	A	L	A	A	G	L	C	C	C	L	C	C	A	A	A	A	G	L	C	C	C	C	A	A	B	B	B	B	G	L	L	B	B	B	C	C	A	A	A	A	B	B	C	C	C	C	A	A	C	B	L	L	L	G	B	A	B	C	L	L	L	L	L	L	L	L	L	L	L	L	L	L	L	L	L	L	L	L	L	L	L	G	B	A	B	L	B	G	L	A	A	A	A	L	B	C	C	C	C	C	C	L	B	B	B	C	C	C	C	C	C	A	A	A	L	A	A	A	A	B	B	B	B	C	C	C	C	C	C	A	A	C	B	L	L	L	G	B	A	B	C	L	L	L	L	L	L	L	L	L	L	L	L	L	L	L	L	L	L	L	L	L	L	L	G	B	A	B	L	B	C	C	L	B	C	C	A	A	A	L	L	B	C	C	A	A	B	B	C	C	A	A	B	B	C	C	A	L	L	L	L	L	L	L	L	L	
697	G	C	G	G	L	B	B	L	A	A	A	A	L	B	B	B	B	B	B	L	C	C	C	C	C	A	A	A	A	B	B	L	C	C	C	C	C	C	C	C	C	C	C	C	C	C	C	L	A	C	B	L	L	L	L	L	L	L	L	L	L	L	L	L	L	L	L	L	L	L	L	L	L	G	C	G	L	C	L	A	B	B	C	C	L	A	B	B	C	C	A	A	B	B	C	C	A	L	L	L	L	L	L	L	L	L	L	L	L	L	G	C	G	L	C	L	A	A	A	L	A	A	A	B	B	G	L	L	C	A	A	A	A	B	B	C	C	C	C	A	L	L	C	A	A	B	B	C	C	A	A	B	B	C	C	A	A	B	B	A	C	B	L	L	L	L	G	C	G	L	A	B	B	L	C	C	C	L	C	A	A	A	A	B	B	L	C	C	C	A	A	B	B	B	B	B	B	C	L	B	B	C	C	A	A	A	A	B	B	C	C	C	C	A	A	C	B	L	L	L	L	G	C	G	L	C	A	L	L	L	L	L	L	L	L	L	L	L	L	L	L	L	L	L	L	L	L	L	L	G	C	G	G	L	B	B	L	A	A	A	A	L	L	C	C	C	C	C	C	L	B	B	C	C	C	C	C	C	A	A	A	A	L	A	A	A	B	B	B	B	C	C	C	C	C	C	A	A	C	B	L	L	L	L	G	C	G	L	C	A	L	L	L	L	L	L	L	L	L	L	L	L	L	L	L	L	L	L	L	L	L	L	G	C	G	G	L	L	C	C	L	L	C	A	A	A	A	G	L	L	C	A	A	B	B	C	C	A	A	B	B	C	C	A	A	G	L	L	L	L	L	L	L	L	
698	G	B	A	B	L	B	G	L	A	A	A	A	L	B	B	B	B	B	G	L	C	C	C	C	A	A	A	A	B	B	G	L	C	C	C	C	C	C	C	C	C	C	C	C	C	C	C	L	G	B	L	L	L	L	L	L	L	L	L	L	L	L	L	L	L	L	L	L	L	L	L	L	L	G	B	A	L	C	L	L	B	C	C	C	L	L	B	C	C	A	A	B	B	C	C	A	A	G	L	L	L	L	L	L	L	L	L	L	L	L	G	B	A	L	C	L	A	A	A	L	A	A	B	B	B	B	C	L	A	A	A	A	B	B	C	C	C	C	A	A	G	L	A	A	B	B	C	C	A	A	B	B	C	C	A	A	B	B	A	C	B	L	L	L	L	L	G	B	A	L	L	B	G	L	C	C	C	L	A	A	A	A	B	B	G	L	C	C	A	A	B	B	B	B	B	B	C	C	L	B	C	C	A	A	A	A	B	B	C	C	C	C	A	A	C	B	L	L	L	L	L	G	B	A	L	A	A	G	L	L	L	L	L	L	L	L	L	L	L	L	L	L	L	L	L	L	L	L	L	G	B	A	B	L	B	G	L	A	A	A	A	G	L	C	C	C	C	C	C	L	B	C	C	C	C	C	C	A	A	A	A	A	L	A	A	B	B	B	B	C	C	C	C	C	C	A	A	C	B	L	L	L	L	L	G	B	A	L	A	A	G	L	L	L	L	L	L	L	L	L	L	L	L	L	L	L	L	L	L	L	L	L	G	B	A	B	C	L	C	C	A	L	A	A	A	A	B	B	C	L	A	A	B	B	C	C	A	A	B	B	C	C	A	A	B	B	C	L	L	L	L	L	L	L	
699	G	C	G	G	L	B	B	L	A	A	A	A	L	B	B	B	B	B	B	L	C	C	C	A	A	A	A	B	B	B	B	L	C	C	C	C	C	C	C	C	C	C	C	C	C	C	C	G	G	C	L	L	L	L	L	L	L	L	L	L	L	L	L	L	L	L	L	L	L	L	L	L	L	G	C	G	L	C	A	L	L	C	C	C	A	L	L	C	A	A	B	B	C	C	A	A	B	B	C	L	L	L	L	L	L	L	L	L	L	L	G	C	G	L	C	L	A	A	A	L	A	B	B	B	B	C	C	L	A	A	A	B	B	C	C	C	C	A	A	B	B	L	A	B	B	C	C	A	A	B	B	C	C	A	A	B	B	A	C	B	L	L	L	L	L	L	G	C	G	G	L	B	B	L	C	C	C	L	A	A	A	B	B	B	B	L	C	A	A	B	B	B	B	B	B	C	C	C	L	L	C	A	A	A	A	B	B	C	C	C	C	A	A	C	B	L	L	L	L	L	L	G	C	G	L	A	B	B	C	L	L	L	L	L	L	L	L	L	L	L	L	L	L	L	L	L	L	L	L	G	C	G	G	L	B	B	L	A	A	A	B	B	L	C	C	C	C	C	C	L	L	C	C	C	C	C	A	A	A	A	A	A	L	A	B	B	B	B	C	C	C	C	C	C	A	A	C	B	L	L	L	L	L	L	G	C	G	L	A	B	B	C	L	L	L	L	L	L	L	L	L	L	L	L	L	L	L	L	L	L	L	L	G	C	G	L	C	L	C	A	A	L	A	A	A	B	B	C	C	L	A	B	B	C	C	A	A	B	B	C	C	A	A	B	B	C	C	A	L	L	L	L	L	L	
700	G	B	A	B	L	B	G	L	A	A	A	A	L	B	B	B	B	B	G	L	C	C	A	A	A	A	B	B	B	B	G	L	C	C	C	C	C	C	C	C	C	C	C	C	C	C	B	A	G	B	A	L	L	L	L	L	L	L	L	L	L	L	L	L	L	L	L	L	L	L	L	L	L	G	B	A	L	A	A	G	L	C	C	A	A	G	L	A	A	B	B	C	C	A	A	B	B	C	C	A	L	L	L	L	L	L	L	L	L	L	G	B	A	L	C	L	A	A	A	L	L	B	B	B	C	C	C	L	A	A	B	B	C	C	C	C	A	A	B	B	G	L	L	B	C	C	A	A	B	B	C	C	A	A	B	B	A	C	B	L	L	L	L	L	L	L	G	B	A	B	L	B	G	L	C	C	C	L	A	A	B	B	B	B	G	L	A	A	B	B	B	B	B	B	C	C	C	C	A	L	A	A	A	A	B	B	C	C	C	C	A	A	C	B	L	L	L	L	L	L	L	G	B	A	L	L	B	C	C	A	L	L	L	L	L	L	L	L	L	L	L	L	L	L	L	L	L	L	L	G	B	A	B	L	B	G	L	A	A	B	B	G	L	C	C	C	C	C	C	A	L	C	C	C	C	A	A	A	A	A	A	A	L	L	B	B	B	C	C	C	C	C	C	A	A	C	B	L	L	L	L	L	L	L	G	B	A	L	L	B	C	C	A	L	L	L	L	L	L	L	L	L	L	L	L	L	L	L	L	L	L	L	G	B	A	L	C	L	A	A	A	L	A	A	B	B	C	C	C	L	L	B	C	C	A	A	B	B	C	C	A	A	B	B	C	C	A	A	G	L	L	L	L	L	
701	G	C	G	G	L	B	B	L	A	A	A	A	L	B	B	B	B	B	B	L	C	A	A	A	A	B	B	B	B	B	B	L	C	C	C	C	C	C	C	C	C	C	C	C	C	B	A	C	G	C	G	G	L	L	L	L	L	L	L	L	L	L	L	L	L	L	L	L	L	L	L	L	L	G	C	G	L	A	B	B	L	C	A	A	B	B	L	A	B	B	C	C	A	A	B	B	C	C	A	A	G	L	L	L	L	L	L	L	L	L	G	C	G	L	C	L	A	A	A	G	L	B	B	C	C	C	C	L	A	B	B	C	C	C	C	A	A	B	B	B	B	C	L	L	C	A	A	B	B	C	C	A	A	B	B	A	C	B	L	L	L	L	L	L	L	L	G	C	G	G	L	B	B	L	C	C	C	L	A	B	B	B	B	B	B	L	A	B	B	B	B	B	B	C	C	C	C	A	A	L	A	A	A	B	B	C	C	C	C	A	A	C	B	L	L	L	L	L	L	L	L	G	C	G	G	L	L	C	A	A	G	L	L	L	L	L	L	L	L	L	L	L	L	L	L	L	L	L	L	G	C	G	G	L	B	B	L	A	B	B	B	B	L	C	C	C	C	C	A	A	L	C	C	C	A	A	A	A	A	A	A	A	G	L	B	B	C	C	C	C	C	C	A	A	C	B	L	L	L	L	L	L	L	L	G	C	G	G	L	L	C	A	A	G	L	L	L	L	L	L	L	L	L	L	L	L	L	L	L	L	L	L	G	C	G	L	C	L	A	A	A	L	A	B	B	C	C	C	C	A	L	L	C	A	A	B	B	C	C	A	A	B	B	C	C	A	A	B	B	C	L	L	L	L	
702	G	B	A	B	L	B	G	L	A	A	A	A	L	B	B	B	B	B	G	L	A	A	A	A	B	B	B	B	B	B	G	L	C	C	C	C	C	C	C	C	C	C	C	C	B	A	C	B	G	B	A	B	C	L	L	L	L	L	L	L	L	L	L	L	L	L	L	L	L	L	L	L	L	G	B	A	L	L	B	G	L	A	A	B	B	G	L	L	B	C	C	A	A	B	B	C	C	A	A	B	B	C	L	L	L	L	L	L	L	L	G	B	A	L	C	L	A	A	B	B	L	B	C	C	C	C	C	L	L	B	C	C	C	C	A	A	B	B	B	B	C	C	A	L	A	A	B	B	C	C	A	A	B	B	A	C	B	L	L	L	L	L	L	L	L	L	G	B	A	B	L	B	G	L	C	C	C	L	L	B	B	B	B	B	G	L	L	B	B	B	B	B	C	C	C	C	A	A	A	L	A	A	B	B	C	C	C	C	A	A	C	B	L	L	L	L	L	L	L	L	L	G	B	A	B	C	L	A	A	B	B	C	L	L	L	L	L	L	L	L	L	L	L	L	L	L	L	L	L	G	B	A	B	L	B	G	L	L	B	B	B	G	L	C	C	C	C	A	A	A	L	C	C	A	A	A	A	A	A	A	A	B	B	L	B	C	C	C	C	C	C	A	A	C	B	L	L	L	L	L	L	L	L	L	G	B	A	B	C	L	A	A	B	B	C	L	L	L	L	L	L	L	L	L	L	L	L	L	L	L	L	L	G	B	A	L	C	L	A	A	A	L	L	B	C	C	C	C	A	A	G	L	A	A	B	B	C	C	A	A	B	B	C	C	A	A	B	B	C	C	A	L	L	L	
703	G	C	G	G	L	B	B	L	A	A	A	A	L	B	B	B	B	B	B	L	A	A	A	B	B	B	B	B	B	B	B	L	C	C	C	C	C	C	C	C	C	C	C	B	A	C	B	L	G	C	G	L	C	A	L	L	L	L	L	L	L	L	L	L	L	L	L	L	L	L	L	L	L	G	C	G	G	L	B	B	L	A	B	B	B	B	C	L	L	C	A	A	B	B	C	C	A	A	B	B	C	C	A	L	L	L	L	L	L	L	G	C	G	L	C	L	A	B	B	G	L	L	C	C	C	C	C	A	L	L	C	C	C	A	A	B	B	B	B	C	C	A	A	L	A	B	B	C	C	A	A	B	B	A	C	B	L	L	L	L	L	L	L	L	L	L	G	C	G	G	L	B	B	L	C	C	C	A	L	B	B	B	B	B	B	C	L	B	B	B	B	C	C	C	C	A	A	A	A	L	A	B	B	C	C	C	C	A	A	C	B	L	L	L	L	L	L	L	L	L	L	G	C	G	L	C	L	A	B	B	C	C	A	L	L	L	L	L	L	L	L	L	L	L	L	L	L	L	L	G	C	G	G	L	B	B	C	L	B	B	B	B	L	C	C	C	A	A	A	A	L	C	A	A	A	A	A	A	A	A	B	B	G	L	L	C	C	C	C	C	A	A	C	B	L	L	L	L	L	L	L	L	L	L	G	C	G	L	C	L	A	B	B	C	C	A	L	L	L	L	L	L	L	L	L	L	L	L	L	L	L	L	G	C	G	L	C	L	A	A	A	G	L	L	C	C	C	A	A	B	B	L	A	B	B	C	C	A	A	B	B	C	C	A	A	B	B	C	C	A	A	G	L	L	
704	G	B	A	B	L	B	G	L	A	A	A	A	L	B	B	B	B	B	G	L	A	A	B	B	B	B	B	B	B	B	G	L	C	C	C	C	C	C	C	C	C	C	B	A	C	B	L	L	G	B	A	L	A	A	G	L	L	L	L	L	L	L	L	L	L	L	L	L	L	L	L	L	L	G	B	A	B	L	B	G	L	L	B	B	B	C	C	A	L	A	A	B	B	C	C	A	A	B	B	C	C	A	A	G	L	L	L	L	L	L	G	B	A	L	C	L	L	B	B	B	C	L	C	C	C	C	A	A	G	L	C	C	A	A	B	B	B	B	C	C	A	A	A	L	L	B	C	C	A	A	B	B	A	C	B	L	L	L	L	L	L	L	L	L	L	L	G	B	A	B	L	B	G	L	C	C	A	A	L	B	B	B	B	B	C	C	L	B	B	B	C	C	C	C	A	A	A	A	A	L	L	B	C	C	C	C	A	A	C	B	L	L	L	L	L	L	L	L	L	L	L	G	B	A	L	C	L	L	B	C	C	A	A	G	L	L	L	L	L	L	L	L	L	L	L	L	L	L	L	G	B	A	B	L	B	C	C	L	B	B	B	G	L	C	C	A	A	A	A	A	L	A	A	A	A	A	A	A	A	B	B	B	B	C	L	C	C	C	C	A	A	C	B	L	L	L	L	L	L	L	L	L	L	L	G	B	A	L	C	L	L	B	C	C	A	A	G	L	L	L	L	L	L	L	L	L	L	L	L	L	L	L	G	B	A	L	C	L	A	A	B	B	C	L	C	C	A	A	B	B	G	L	L	B	C	C	A	A	B	B	C	C	A	A	B	B	C	C	A	A	B	B	C	L	
705	G	C	G	G	L	B	B	L	A	A	A	A	L	B	B	B	B	B	B	L	A	B	B	B	B	B	B	B	B	B	B	L	C	C	C	C	C	C	C	C	C	B	A	C	B	L	L	L	G	C	G	L	A	B	B	C	L	L	L	L	L	L	L	L	L	L	L	L	L	L	L	L	L	G	C	G	G	L	B	B	C	L	B	B	C	C	A	A	L	A	B	B	C	C	A	A	B	B	C	C	A	A	B	B	C	L	L	L	L	L	G	C	G	L	C	A	L	B	B	C	C	L	C	C	C	A	A	B	B	L	C	A	A	B	B	B	B	C	C	A	A	A	A	G	L	L	C	A	A	B	B	A	C	B	L	L	L	L	L	L	L	L	L	L	L	L	G	C	G	G	L	B	B	L	C	A	A	A	L	B	B	B	B	C	C	C	L	B	B	C	C	C	C	A	A	A	A	A	A	G	L	L	C	C	C	A	A	C	B	L	L	L	L	L	L	L	L	L	L	L	L	G	C	G	L	C	A	L	L	C	A	A	B	B	C	L	L	L	L	L	L	L	L	L	L	L	L	L	L	G	C	G	G	L	L	C	C	L	B	B	B	B	L	C	A	A	A	A	A	A	L	A	A	A	A	A	A	A	B	B	B	B	C	C	L	C	C	C	A	A	C	B	L	L	L	L	L	L	L	L	L	L	L	L	G	C	G	L	C	A	L	L	C	A	A	B	B	C	L	L	L	L	L	L	L	L	L	L	L	L	L	L	G	C	G	L	C	L	A	B	B	C	C	L	C	A	A	B	B	B	B	C	L	L	C	A	A	B	B	C	C	A	A	B	B	C	C	A	A	B	B	C	C	G	
706	G	B	A	B	L	B	G	L	A	A	A	A	L	B	B	B	B	B	G	L	L	B	B	B	B	B	B	B	B	B	G	L	C	C	C	C	C	C	C	C	B	A	C	B	L	L	L	L	G	B	A	L	L	B	C	C	A	L	L	L	L	L	L	L	L	L	L	L	L	L	L	L	L	G	B	A	B	L	B	C	C	L	B	C	C	A	A	A	L	L	B	C	C	A	A	B	B	C	C	A	A	B	B	C	C	A	L	L	L	L	G	B	A	L	A	A	L	B	C	C	C	L	C	C	A	A	B	B	G	L	A	A	B	B	B	B	C	C	A	A	A	A	B	B	C	L	A	A	B	B	A	C	B	L	L	L	L	L	L	L	L	L	L	L	L	L	G	B	A	B	L	B	G	L	A	A	A	A	L	B	B	B	C	C	C	C	L	B	C	C	C	C	A	A	A	A	A	A	B	B	C	L	C	C	A	A	C	B	L	L	L	L	L	L	L	L	L	L	L	L	L	G	B	A	L	A	A	G	L	A	A	B	B	C	C	A	L	L	L	L	L	L	L	L	L	L	L	L	L	G	B	A	B	C	L	C	C	L	B	B	B	G	L	A	A	A	A	A	A	A	L	A	A	A	A	A	A	B	B	B	B	C	C	C	L	C	C	A	A	C	B	L	L	L	L	L	L	L	L	L	L	L	L	L	G	B	A	L	A	A	G	L	A	A	B	B	C	C	A	L	L	L	L	L	L	L	L	L	L	L	L	L	G	B	A	L	C	L	L	B	C	C	C	L	A	A	B	B	B	B	C	C	A	L	A	A	B	B	C	C	A	A	B	B	C	C	A	A	B	B	C	C	B	A	
707	G	C	G	G	L	B	B	L	A	A	A	A	L	B	B	B	B	B	B	C	L	B	B	B	B	B	B	B	B	B	B	L	C	C	C	C	C	C	C	B	A	C	B	L	L	L	L	L	G	C	G	G	L	L	C	A	A	G	L	L	L	L	L	L	L	L	L	L	L	L	L	L	L	G	C	G	G	L	L	C	C	L	L	C	A	A	A	A	G	L	L	C	A	A	B	B	C	C	A	A	B	B	C	C	A	A	G	L	L	L	G	C	G	L	A	A	L	L	C	C	C	L	C	A	A	B	B	B	B	L	A	B	B	B	B	C	C	A	A	A	A	B	B	C	C	L	A	B	B	A	C	B	L	L	L	L	L	L	L	L	L	L	L	L	L	L	G	C	G	G	L	B	B	L	A	A	A	A	L	B	B	C	C	C	C	C	L	L	C	C	C	A	A	A	A	A	A	B	B	C	C	L	C	A	A	C	B	L	L	L	L	L	L	L	L	L	L	L	L	L	L	G	C	G	L	A	B	B	L	A	B	B	C	C	A	A	G	L	L	L	L	L	L	L	L	L	L	L	L	G	C	G	L	C	L	C	C	L	B	B	B	B	L	A	A	A	A	A	A	A	L	A	A	A	A	A	B	B	B	B	C	C	C	C	L	C	A	A	C	B	L	L	L	L	L	L	L	L	L	L	L	L	L	L	G	C	G	L	A	B	B	L	A	B	B	C	C	A	A	G	L	L	L	L	L	L	L	L	L	L	L	L	G	C	G	L	C	A	L	L	C	C	C	L	A	B	B	B	B	C	C	A	A	L	A	B	B	C	C	A	A	B	B	C	C	A	A	B	B	C	C	B	A	C	
708	G	B	A	B	L	B	G	L	A	A	A	A	L	B	B	B	B	B	C	C	L	B	B	B	B	B	B	B	B	B	G	L	C	C	C	C	C	C	B	A	C	B	L	L	L	L	L	L	G	B	A	B	C	L	A	A	B	B	C	L	L	L	L	L	L	L	L	L	L	L	L	L	L	G	B	A	B	C	L	C	C	A	L	A	A	A	A	B	B	C	L	A	A	B	B	C	C	A	A	B	B	C	C	A	A	B	B	C	L	L	G	B	A	L	A	A	G	L	C	C	C	L	A	A	B	B	B	B	G	L	L	B	B	B	C	C	A	A	A	A	B	B	C	C	C	L	L	B	A	C	B	L	L	L	L	L	L	L	L	L	L	L	L	L	L	L	G	B	A	B	L	B	G	L	A	A	A	A	L	B	C	C	C	C	C	C	A	L	C	C	A	A	A	A	A	A	B	B	C	C	C	L	A	A	C	B	L	L	L	L	L	L	L	L	L	L	L	L	L	L	L	G	B	A	L	L	B	G	L	L	B	C	C	A	A	B	B	C	L	L	L	L	L	L	L	L	L	L	L	G	B	A	L	C	L	C	C	L	B	B	B	G	L	A	A	A	A	A	A	A	L	A	A	A	A	B	B	B	B	C	C	C	C	C	L	A	A	C	B	L	L	L	L	L	L	L	L	L	L	L	L	L	L	L	G	B	A	L	L	B	G	L	L	B	C	C	A	A	B	B	C	L	L	L	L	L	L	L	L	L	L	L	G	B	A	L	A	A	G	L	C	C	C	L	L	B	B	B	C	C	A	A	A	L	L	B	C	C	A	A	B	B	C	C	A	A	B	B	C	C	B	A	C	B	
709	G	C	G	G	L	B	B	L	A	A	A	A	L	B	B	B	B	C	C	C	L	B	B	B	B	B	B	B	B	B	B	L	C	C	C	C	C	B	A	C	B	L	L	L	L	L	L	L	G	C	G	L	C	L	A	B	B	C	C	A	L	L	L	L	L	L	L	L	L	L	L	L	L	G	C	G	L	C	L	C	A	A	L	A	A	A	B	B	C	C	L	A	B	B	C	C	A	A	B	B	C	C	A	A	B	B	C	C	A	L	G	C	G	L	A	B	B	L	C	C	C	L	A	B	B	B	B	B	B	C	L	B	B	C	C	A	A	A	A	B	B	C	C	C	C	A	L	G	C	B	L	L	L	L	L	L	L	L	L	L	L	L	L	L	L	L	G	C	G	G	L	B	B	L	A	A	A	A	L	L	C	C	C	C	C	A	A	L	C	A	A	A	A	A	A	B	B	C	C	C	C	L	A	C	B	L	L	L	L	L	L	L	L	L	L	L	L	L	L	L	L	G	C	G	G	L	B	B	C	L	L	C	A	A	B	B	C	C	A	L	L	L	L	L	L	L	L	L	L	G	C	G	L	C	L	C	C	L	B	B	B	B	L	A	A	A	A	A	A	A	L	A	A	A	B	B	B	B	C	C	C	C	C	C	L	A	C	B	L	L	L	L	L	L	L	L	L	L	L	L	L	L	L	L	G	C	G	G	L	B	B	C	L	L	C	A	A	B	B	C	C	A	L	L	L	L	L	L	L	L	L	L	G	C	G	L	A	B	B	L	C	C	C	A	L	B	B	C	C	A	A	A	A	G	L	L	C	A	A	B	B	C	C	A	A	B	B	C	C	B	A	C	B	L	
710	G	B	A	B	L	B	G	L	A	A	A	A	L	B	B	B	C	C	C	C	L	B	B	B	B	B	B	B	B	B	G	L	C	C	C	C	B	A	C	B	L	L	L	L	L	L	L	L	G	B	A	L	C	L	L	B	C	C	A	A	G	L	L	L	L	L	L	L	L	L	L	L	L	G	B	A	L	C	L	A	A	A	L	A	A	B	B	C	C	C	L	L	B	C	C	A	A	B	B	C	C	A	A	B	B	C	C	A	A	C	G	B	A	L	L	B	G	L	C	C	C	L	L	B	B	B	B	B	C	C	L	B	C	C	A	A	A	A	B	B	C	C	C	C	A	A	C	G	B	L	L	L	L	L	L	L	L	L	L	L	L	L	L	L	L	L	G	B	A	B	L	B	G	L	A	A	A	A	G	L	C	C	C	C	A	A	A	L	A	A	A	A	A	A	B	B	C	C	C	C	C	L	G	B	L	L	L	L	L	L	L	L	L	L	L	L	L	L	L	L	L	G	B	A	B	L	B	C	C	A	L	A	A	B	B	C	C	A	A	G	L	L	L	L	L	L	L	L	L	G	B	A	L	C	L	C	C	L	B	B	B	G	L	A	A	A	A	A	A	A	L	A	A	B	B	B	B	C	C	C	C	C	C	C	L	G	B	L	L	L	L	L	L	L	L	L	L	L	L	L	L	L	L	L	G	B	A	B	L	B	C	C	A	L	A	A	B	B	C	C	A	A	G	L	L	L	L	L	L	L	L	L	G	B	A	L	L	B	G	L	C	C	A	A	L	B	C	C	A	A	A	A	B	B	C	L	A	A	B	B	C	C	A	A	B	B	C	C	B	A	C	B	L	L	
711	G	C	G	G	L	B	B	L	A	A	A	A	L	B	B	C	C	C	C	C	L	B	B	B	B	B	B	B	B	B	B	L	C	C	C	B	A	C	B	L	L	L	L	L	L	L	L	L	G	C	G	L	C	A	L	L	C	A	A	B	B	C	L	L	L	L	L	L	L	L	L	L	L	G	C	G	L	C	L	A	A	A	L	A	B	B	C	C	C	C	A	L	L	C	A	A	B	B	C	C	A	A	B	B	C	C	A	A	C	B	G	C	G	G	L	B	B	L	C	C	C	A	L	B	B	B	B	C	C	C	L	L	C	A	A	A	A	B	B	C	C	C	C	A	A	C	B	G	C	L	L	L	L	L	L	L	L	L	L	L	L	L	L	L	L	L	G	C	G	G	L	B	B	L	A	A	A	B	B	L	C	C	C	A	A	A	A	L	A	A	A	A	A	B	B	C	C	C	C	C	C	G	G	C	L	L	L	L	L	L	L	L	L	L	L	L	L	L	L	L	L	G	C	G	G	L	L	C	A	A	L	A	B	B	C	C	A	A	B	B	C	L	L	L	L	L	L	L	L	G	C	G	L	C	L	C	C	L	B	B	B	B	L	A	A	A	A	A	A	A	L	A	B	B	B	B	C	C	C	C	C	C	C	C	G	G	C	L	L	L	L	L	L	L	L	L	L	L	L	L	L	L	L	L	G	C	G	G	L	L	C	A	A	L	A	B	B	C	C	A	A	B	B	C	L	L	L	L	L	L	L	L	G	C	G	G	L	B	B	L	C	A	A	A	L	L	C	A	A	A	A	B	B	C	C	L	A	B	B	C	C	A	A	B	B	C	C	B	A	C	B	L	L	L	
712	G	B	A	B	L	B	G	L	A	A	A	A	L	B	C	C	C	C	C	C	L	B	B	B	B	B	B	B	B	B	G	L	C	C	B	A	C	B	L	L	L	L	L	L	L	L	L	L	G	B	A	L	A	A	G	L	A	A	B	B	C	C	A	L	L	L	L	L	L	L	L	L	L	G	B	A	L	C	L	A	A	A	L	L	B	C	C	C	C	A	A	G	L	A	A	B	B	C	C	A	A	B	B	C	C	A	A	C	B	L	G	B	A	B	L	B	G	L	C	C	A	A	L	B	B	B	C	C	C	C	A	L	A	A	A	A	B	B	C	C	C	C	A	A	C	B	L	G	B	A	L	L	L	L	L	L	L	L	L	L	L	L	L	L	L	L	G	B	A	B	L	B	G	L	A	A	B	B	G	L	C	C	A	A	A	A	A	L	A	A	A	A	B	B	C	C	C	C	C	C	B	A	G	B	A	L	L	L	L	L	L	L	L	L	L	L	L	L	L	L	L	G	B	A	B	C	L	A	A	A	L	L	B	C	C	A	A	B	B	C	C	A	L	L	L	L	L	L	L	G	B	A	L	C	L	C	C	L	B	B	B	G	L	A	A	A	A	A	A	A	L	L	B	B	B	C	C	C	C	C	C	C	C	B	A	G	B	A	L	L	L	L	L	L	L	L	L	L	L	L	L	L	L	L	G	B	A	B	C	L	A	A	A	L	L	B	C	C	A	A	B	B	C	C	A	L	L	L	L	L	L	L	G	B	A	B	L	B	G	L	A	A	A	A	G	L	A	A	A	A	B	B	C	C	C	L	L	B	C	C	A	A	B	B	C	C	B	A	C	B	L	L	L	L	
713	G	C	G	G	L	B	B	L	A	A	A	A	L	L	C	C	C	C	C	C	L	B	B	B	B	B	B	B	B	B	B	L	C	B	A	C	B	L	L	L	L	L	L	L	L	L	L	L	G	C	G	L	A	B	B	L	A	B	B	C	C	A	A	G	L	L	L	L	L	L	L	L	L	G	C	G	L	C	L	A	A	A	G	L	L	C	C	C	A	A	B	B	L	A	B	B	C	C	A	A	B	B	C	C	A	A	C	B	L	L	G	C	G	G	L	B	B	L	C	A	A	A	L	B	B	C	C	C	C	A	A	L	A	A	A	B	B	C	C	C	C	A	A	C	B	L	L	G	C	G	G	L	L	L	L	L	L	L	L	L	L	L	L	L	L	L	G	C	G	G	L	B	B	L	A	B	B	B	B	L	C	A	A	A	A	A	A	L	A	A	A	B	B	C	C	C	C	C	C	B	A	C	G	C	G	G	L	L	L	L	L	L	L	L	L	L	L	L	L	L	L	G	C	G	L	C	L	A	A	A	G	L	L	C	A	A	B	B	C	C	A	A	G	L	L	L	L	L	L	G	C	G	L	C	L	C	C	L	B	B	B	B	L	A	A	A	A	A	A	A	G	L	B	B	C	C	C	C	C	C	C	C	B	A	C	G	C	G	G	L	L	L	L	L	L	L	L	L	L	L	L	L	L	L	G	C	G	L	C	L	A	A	A	G	L	L	C	A	A	B	B	C	C	A	A	G	L	L	L	L	L	L	G	C	G	G	L	B	B	L	A	A	A	B	B	L	A	A	A	B	B	C	C	C	C	A	L	L	C	A	A	B	B	C	C	B	A	C	B	L	L	L	L	L	
714	G	B	A	B	L	B	G	L	A	A	A	A	G	L	C	C	C	C	C	C	L	B	B	B	B	B	B	B	B	B	G	L	G	A	C	B	L	L	L	L	L	L	L	L	L	L	L	L	G	B	A	L	L	B	G	L	L	B	C	C	A	A	B	B	C	L	L	L	L	L	L	L	L	G	B	A	L	C	L	A	A	B	B	C	L	C	C	A	A	B	B	G	L	L	B	C	C	A	A	B	B	C	C	A	A	C	B	L	L	L	G	B	A	B	L	B	G	L	A	A	A	A	L	B	C	C	C	C	A	A	A	L	A	A	B	B	C	C	C	C	A	A	C	B	L	L	L	G	B	A	B	C	L	L	L	L	L	L	L	L	L	L	L	L	L	L	G	B	A	B	L	B	G	L	L	B	B	B	G	L	A	A	A	A	A	A	A	L	A	A	B	B	C	C	C	C	C	C	B	A	C	B	G	B	A	B	C	L	L	L	L	L	L	L	L	L	L	L	L	L	L	G	B	A	L	C	L	A	A	B	B	C	L	A	A	B	B	C	C	A	A	B	B	C	L	L	L	L	L	G	B	A	L	C	L	C	C	L	B	B	B	G	L	A	A	A	A	A	A	B	B	L	B	C	C	C	C	C	C	C	C	B	A	C	B	G	B	A	B	C	L	L	L	L	L	L	L	L	L	L	L	L	L	L	G	B	A	L	C	L	A	A	B	B	C	L	A	A	B	B	C	C	A	A	B	B	C	L	L	L	L	L	G	B	A	B	L	B	G	L	A	A	B	B	G	L	A	A	B	B	C	C	C	C	A	A	G	L	A	A	B	B	C	C	B	A	C	B	L	L	L	L	L	L	
715	G	C	G	G	L	B	B	L	A	A	A	B	B	L	C	C	C	C	C	C	L	B	B	B	B	B	B	B	B	B	B	A	G	C	B	L	L	L	L	L	L	L	L	L	L	L	L	L	G	C	G	G	L	B	B	C	L	L	C	A	A	B	B	C	C	A	L	L	L	L	L	L	L	G	C	G	L	C	L	A	B	B	C	C	L	C	A	A	B	B	B	B	C	L	L	C	A	A	B	B	C	C	A	A	C	B	L	L	L	L	G	C	G	G	L	B	B	L	A	A	A	A	L	L	C	C	C	A	A	A	A	L	A	B	B	C	C	C	C	A	A	C	B	L	L	L	L	G	C	G	L	C	A	L	L	L	L	L	L	L	L	L	L	L	L	L	G	C	G	G	L	B	B	C	L	B	B	B	B	L	A	A	A	A	A	A	A	L	A	B	B	C	C	C	C	C	C	B	A	C	B	L	G	C	G	L	C	A	L	L	L	L	L	L	L	L	L	L	L	L	L	G	C	G	L	C	L	A	B	B	C	C	L	A	B	B	C	C	A	A	B	B	C	C	A	L	L	L	L	G	C	G	L	C	L	C	C	L	B	B	B	B	L	A	A	A	A	A	B	B	G	L	L	C	C	C	C	C	C	C	B	A	C	B	L	G	C	G	L	C	A	L	L	L	L	L	L	L	L	L	L	L	L	L	G	C	G	L	C	L	A	B	B	C	C	L	A	B	B	C	C	A	A	B	B	C	C	A	L	L	L	L	G	C	G	G	L	B	B	L	A	B	B	B	B	L	A	B	B	C	C	C	C	A	A	B	B	L	A	B	B	C	C	B	A	C	B	L	L	L	L	L	L	L	
716	G	B	A	B	L	B	G	L	A	A	B	B	G	L	C	C	C	C	C	C	L	B	B	B	B	B	B	B	B	B	A	C	G	B	L	L	L	L	L	L	L	L	L	L	L	L	L	L	G	B	A	B	L	B	C	C	A	L	A	A	B	B	C	C	A	A	G	L	L	L	L	L	L	G	B	A	L	C	L	L	B	C	C	C	L	A	A	B	B	B	B	C	C	A	L	A	A	B	B	C	C	A	A	C	B	L	L	L	L	L	G	B	A	B	L	B	G	L	A	A	A	A	G	L	C	C	A	A	A	A	A	L	L	B	C	C	C	C	A	A	C	B	L	L	L	L	L	G	B	A	L	A	A	G	L	L	L	L	L	L	L	L	L	L	L	L	G	B	A	B	L	B	C	C	L	B	B	B	G	L	A	A	A	A	A	A	A	L	L	B	C	C	C	C	C	C	B	A	C	B	L	L	G	B	A	L	A	A	G	L	L	L	L	L	L	L	L	L	L	L	L	G	B	A	L	C	L	L	B	C	C	C	L	L	B	C	C	A	A	B	B	C	C	A	A	G	L	L	L	G	B	A	L	C	L	C	C	L	B	B	B	G	L	A	A	A	A	B	B	B	B	C	L	C	C	C	C	C	C	B	A	C	B	L	L	G	B	A	L	A	A	G	L	L	L	L	L	L	L	L	L	L	L	L	G	B	A	L	C	L	L	B	C	C	C	L	L	B	C	C	A	A	B	B	C	C	A	A	G	L	L	L	G	B	A	B	L	B	G	L	L	B	B	B	G	L	L	B	C	C	C	C	A	A	B	B	G	L	L	B	C	C	B	A	C	B	L	L	L	L	L	L	L	L	
717	G	C	G	G	L	B	B	L	A	B	B	B	B	L	C	C	C	C	C	C	L	B	B	B	B	B	B	B	B	A	C	B	G	C	L	L	L	L	L	L	L	L	L	L	L	L	L	L	G	C	G	G	L	L	C	A	A	L	A	B	B	C	C	A	A	B	B	C	L	L	L	L	L	G	C	G	L	C	A	L	L	C	C	C	L	A	B	B	B	B	C	C	A	A	L	A	B	B	C	C	A	A	C	B	L	L	L	L	L	L	G	C	G	G	L	B	B	L	A	A	A	B	B	L	C	A	A	A	A	A	A	G	L	L	C	C	C	A	A	C	B	L	L	L	L	L	L	G	C	G	L	A	B	B	C	L	L	L	L	L	L	L	L	L	L	L	G	C	G	G	L	L	C	C	L	B	B	B	B	L	A	A	A	A	A	A	A	G	L	L	C	C	C	C	C	B	A	C	B	L	L	L	G	C	G	L	A	B	B	C	L	L	L	L	L	L	L	L	L	L	L	G	C	G	L	C	A	L	L	C	C	C	A	L	L	C	A	A	B	B	C	C	A	A	B	B	C	L	L	G	C	G	L	C	L	C	C	L	B	B	B	B	L	A	A	A	B	B	B	B	C	C	L	C	C	C	C	C	B	A	C	B	L	L	L	G	C	G	L	A	B	B	C	L	L	L	L	L	L	L	L	L	L	L	G	C	G	L	C	A	L	L	C	C	C	A	L	L	C	A	A	B	B	C	C	A	A	B	B	C	L	L	G	C	G	G	L	B	B	C	L	B	B	B	B	C	L	L	C	C	C	A	A	B	B	B	B	C	L	L	C	B	A	C	B	L	L	L	L	L	L	L	L	L	
718	G	B	A	B	L	B	G	L	L	B	B	B	G	L	C	C	C	C	C	C	L	B	B	B	B	B	B	B	A	C	B	L	G	B	A	L	L	L	L	L	L	L	L	L	L	L	L	L	G	B	A	B	C	L	A	A	A	L	L	B	C	C	A	A	B	B	C	C	A	L	L	L	L	G	B	A	L	A	A	G	L	C	C	C	L	L	B	B	B	C	C	A	A	A	L	L	B	C	C	A	A	C	B	L	L	L	L	L	L	L	G	B	A	B	L	B	G	L	A	A	B	B	G	L	A	A	A	A	A	A	B	B	C	L	C	C	A	A	C	B	L	L	L	L	L	L	L	G	B	A	L	L	B	C	C	A	L	L	L	L	L	L	L	L	L	L	G	B	A	B	C	L	C	C	L	B	B	B	G	L	A	A	A	A	A	A	B	B	C	L	C	C	C	C	B	A	C	B	L	L	L	L	G	B	A	L	L	B	C	C	A	L	L	L	L	L	L	L	L	L	L	G	B	A	L	A	A	G	L	C	C	A	A	G	L	A	A	B	B	C	C	A	A	B	B	C	C	A	L	G	B	A	L	C	L	C	C	L	B	B	B	G	L	A	A	B	B	B	B	C	C	C	L	C	C	C	C	B	A	C	B	L	L	L	L	G	B	A	L	L	B	C	C	A	L	L	L	L	L	L	L	L	L	L	G	B	A	L	A	A	G	L	C	C	A	A	G	L	A	A	B	B	C	C	A	A	B	B	C	C	A	L	G	B	A	B	L	B	C	C	L	B	B	B	C	C	A	L	C	C	A	A	B	B	B	B	C	C	A	L	G	A	C	B	L	L	L	L	L	L	L	L	L	L	
719	G	C	G	G	L	B	B	C	L	B	B	B	B	L	C	C	C	C	C	C	L	B	B	B	B	B	B	A	C	B	L	L	G	C	G	G	L	L	L	L	L	L	L	L	L	L	L	L	G	C	G	L	C	L	A	A	A	G	L	L	C	A	A	B	B	C	C	A	A	G	L	L	L	G	C	G	L	A	B	B	L	C	C	C	A	L	B	B	C	C	A	A	A	A	G	L	L	C	A	A	C	B	L	L	L	L	L	L	L	L	G	C	G	G	L	B	B	L	A	B	B	B	B	L	A	A	A	A	A	B	B	C	C	L	C	A	A	C	B	L	L	L	L	L	L	L	L	G	C	G	G	L	L	C	A	A	G	L	L	L	L	L	L	L	L	L	G	C	G	L	C	L	C	C	L	B	B	B	B	L	A	A	A	A	A	B	B	C	C	L	C	C	C	B	A	C	B	L	L	L	L	L	G	C	G	G	L	L	C	A	A	G	L	L	L	L	L	L	L	L	L	G	C	G	L	A	B	B	L	C	A	A	B	B	L	A	B	B	C	C	A	A	B	B	C	C	A	A	C	G	C	G	L	C	L	C	C	L	B	B	B	B	L	A	B	B	B	B	C	C	C	C	L	C	C	C	B	A	C	B	L	L	L	L	L	G	C	G	G	L	L	C	A	A	G	L	L	L	L	L	L	L	L	L	G	C	G	L	A	B	B	L	C	A	A	B	B	L	A	B	B	C	C	A	A	B	B	C	C	A	A	C	G	C	G	G	L	L	C	C	L	B	B	C	C	A	A	L	C	A	A	B	B	B	B	C	C	A	A	C	G	C	B	L	L	L	L	L	L	L	L	L	L	L	
720	G	B	A	B	L	B	C	C	L	B	B	B	G	L	C	C	C	C	C	C	L	B	B	B	B	B	A	C	B	L	L	L	G	B	A	B	C	L	L	L	L	L	L	L	L	L	L	L	G	B	A	L	C	L	A	A	B	B	C	L	A	A	B	B	C	C	A	A	B	B	C	L	L	G	B	A	L	L	B	G	L	C	C	A	A	L	B	C	C	A	A	A	A	B	B	C	L	A	A	C	B	L	L	L	L	L	L	L	L	L	G	B	A	B	L	B	G	L	L	B	B	B	G	L	A	A	A	A	B	B	C	C	C	L	A	A	C	B	L	L	L	L	L	L	L	L	L	G	B	A	B	C	L	A	A	B	B	C	L	L	L	L	L	L	L	L	G	B	A	L	C	L	C	C	L	B	B	B	G	L	A	A	A	A	B	B	C	C	C	L	C	C	B	A	C	B	L	L	L	L	L	L	G	B	A	B	C	L	A	A	B	B	C	L	L	L	L	L	L	L	L	G	B	A	L	L	B	G	L	A	A	B	B	G	L	L	B	C	C	A	A	B	B	C	C	A	A	C	B	G	B	A	L	C	L	C	C	L	B	B	B	G	L	L	B	B	B	C	C	C	C	C	L	C	C	B	A	C	B	L	L	L	L	L	L	G	B	A	B	C	L	A	A	B	B	C	L	L	L	L	L	L	L	L	G	B	A	L	L	B	G	L	A	A	B	B	G	L	L	B	C	C	A	A	B	B	C	C	A	A	C	B	G	B	A	B	C	L	C	C	L	B	C	C	A	A	A	L	A	A	B	B	B	B	C	C	A	A	C	B	G	B	L	L	L	L	L	L	L	L	L	L	L	L	
721	G	C	G	G	L	L	C	C	L	B	B	B	B	L	C	C	C	C	C	C	L	B	B	B	B	A	C	B	L	L	L	L	G	C	G	L	C	A	L	L	L	L	L	L	L	L	L	L	G	C	G	L	C	L	A	B	B	C	C	L	A	B	B	C	C	A	A	B	B	C	C	A	L	G	C	G	G	L	B	B	L	C	A	A	A	L	L	C	A	A	A	A	B	B	C	C	L	A	C	B	L	L	L	L	L	L	L	L	L	L	G	C	G	G	L	B	B	C	L	B	B	B	B	L	A	A	A	B	B	C	C	C	C	L	A	C	B	L	L	L	L	L	L	L	L	L	L	G	C	G	L	C	L	A	B	B	C	C	A	L	L	L	L	L	L	L	G	C	G	L	C	L	C	C	L	B	B	B	B	L	A	A	A	B	B	C	C	C	C	L	C	B	A	C	B	L	L	L	L	L	L	L	G	C	G	L	C	L	A	B	B	C	C	A	L	L	L	L	L	L	L	G	C	G	G	L	B	B	L	A	B	B	B	B	C	L	L	C	A	A	B	B	C	C	A	A	C	B	L	G	C	G	L	C	L	C	C	L	B	B	B	B	C	L	B	B	C	C	C	C	C	C	L	C	B	A	C	B	L	L	L	L	L	L	L	G	C	G	L	C	L	A	B	B	C	C	A	L	L	L	L	L	L	L	G	C	G	G	L	B	B	L	A	B	B	B	B	C	L	L	C	A	A	B	B	C	C	A	A	C	B	L	G	C	G	L	C	L	C	C	L	L	C	A	A	A	A	L	A	B	B	B	B	C	C	A	A	C	B	L	G	C	L	L	L	L	L	L	L	L	L	L	L	L	
722	G	B	A	B	C	L	C	C	L	B	B	B	G	L	C	C	C	C	C	C	L	B	B	B	A	C	B	L	L	L	L	L	G	B	A	L	A	A	G	L	L	L	L	L	L	L	L	L	G	B	A	L	C	L	L	B	C	C	C	L	L	B	C	C	A	A	B	B	C	C	A	A	C	G	B	A	B	L	B	G	L	A	A	A	A	G	L	A	A	A	A	B	B	C	C	C	L	G	B	L	L	L	L	L	L	L	L	L	L	L	G	B	A	B	L	B	C	C	L	B	B	B	G	L	A	A	B	B	C	C	C	C	C	L	G	B	L	L	L	L	L	L	L	L	L	L	L	G	B	A	L	C	L	L	B	C	C	A	A	G	L	L	L	L	L	L	G	B	A	L	C	L	C	C	L	B	B	B	G	L	A	A	B	B	C	C	C	C	C	L	G	A	C	B	L	L	L	L	L	L	L	L	G	B	A	L	C	L	L	B	C	C	A	A	G	L	L	L	L	L	L	G	B	A	B	L	B	G	L	L	B	B	B	C	C	A	L	A	A	B	B	C	C	A	A	C	B	L	L	G	B	A	L	C	L	C	C	L	B	B	B	C	C	L	B	C	C	C	C	C	C	C	L	G	A	C	B	L	L	L	L	L	L	L	L	G	B	A	L	C	L	L	B	C	C	A	A	G	L	L	L	L	L	L	G	B	A	B	L	B	G	L	L	B	B	B	C	C	A	L	A	A	B	B	C	C	A	A	C	B	L	L	G	B	A	L	C	L	C	C	A	L	A	A	A	A	A	L	L	B	B	B	C	C	A	A	C	B	L	L	G	B	A	L	L	L	L	L	L	L	L	L	L	L	
723	G	C	G	L	C	L	C	C	L	B	B	B	B	L	C	C	C	C	C	C	L	B	B	A	C	B	L	L	L	L	L	L	G	C	G	L	A	B	B	C	L	L	L	L	L	L	L	L	G	C	G	L	C	A	L	L	C	C	C	A	L	L	C	A	A	B	B	C	C	A	A	C	B	G	C	G	G	L	B	B	L	A	A	A	B	B	L	A	A	A	B	B	C	C	C	C	G	G	C	L	L	L	L	L	L	L	L	L	L	L	G	C	G	G	L	L	C	C	L	B	B	B	B	L	A	B	B	C	C	C	C	C	C	G	G	C	L	L	L	L	L	L	L	L	L	L	L	G	C	G	L	C	A	L	L	C	A	A	B	B	C	L	L	L	L	L	G	C	G	L	C	L	C	C	L	B	B	B	B	L	A	B	B	C	C	C	C	C	C	G	G	C	B	L	L	L	L	L	L	L	L	L	G	C	G	L	C	A	L	L	C	A	A	B	B	C	L	L	L	L	L	G	C	G	G	L	B	B	C	L	B	B	C	C	A	A	L	A	B	B	C	C	A	A	C	B	L	L	L	G	C	G	L	C	L	C	C	L	B	B	C	C	C	L	L	C	C	C	C	C	C	C	G	G	C	B	L	L	L	L	L	L	L	L	L	G	C	G	L	C	A	L	L	C	A	A	B	B	C	L	L	L	L	L	G	C	G	G	L	B	B	C	L	B	B	C	C	A	A	L	A	B	B	C	C	A	A	C	B	L	L	L	G	C	G	L	C	L	C	A	A	L	A	A	A	A	A	G	L	B	B	C	C	A	A	C	B	L	L	L	G	C	G	G	L	L	L	L	L	L	L	L	L	L	
724	G	B	A	L	C	L	C	C	L	B	B	B	G	L	C	C	C	C	C	C	L	B	A	C	B	L	L	L	L	L	L	L	G	B	A	L	L	B	C	C	A	L	L	L	L	L	L	L	G	B	A	L	A	A	G	L	C	C	A	A	G	L	A	A	B	B	C	C	A	A	C	B	L	G	B	A	B	L	B	G	L	A	A	B	B	G	L	A	A	B	B	C	C	C	C	B	A	G	B	A	L	L	L	L	L	L	L	L	L	L	G	B	A	B	C	L	C	C	L	B	B	B	G	L	L	B	C	C	C	C	C	C	B	A	G	B	A	L	L	L	L	L	L	L	L	L	L	G	B	A	L	A	A	G	L	A	A	B	B	C	C	A	L	L	L	L	G	B	A	L	C	L	C	C	L	B	B	B	G	L	L	B	C	C	C	C	C	C	B	A	G	B	L	L	L	L	L	L	L	L	L	L	G	B	A	L	A	A	G	L	A	A	B	B	C	C	A	L	L	L	L	G	B	A	B	L	B	C	C	L	B	C	C	A	A	A	L	L	B	C	C	A	A	C	B	L	L	L	L	G	B	A	L	C	L	C	C	L	B	C	C	C	C	A	L	C	C	C	C	C	C	B	A	G	B	L	L	L	L	L	L	L	L	L	L	G	B	A	L	A	A	G	L	A	A	B	B	C	C	A	L	L	L	L	G	B	A	B	L	B	C	C	L	B	C	C	A	A	A	L	L	B	C	C	A	A	C	B	L	L	L	L	G	B	A	L	C	L	A	A	A	L	A	A	A	A	B	B	L	B	C	C	A	A	C	B	L	L	L	L	G	B	A	B	C	L	L	L	L	L	L	L	L	L	
725	G	C	G	L	C	L	C	C	L	B	B	B	B	L	C	C	C	C	C	C	L	G	C	B	L	L	L	L	L	L	L	L	G	C	G	G	L	L	C	A	A	G	L	L	L	L	L	L	G	C	G	L	A	B	B	L	C	A	A	B	B	L	A	B	B	C	C	A	A	C	B	L	L	G	C	G	G	L	B	B	L	A	B	B	B	B	L	A	B	B	C	C	C	C	B	A	C	G	C	G	G	L	L	L	L	L	L	L	L	L	G	C	G	L	C	L	C	C	L	B	B	B	B	C	L	L	C	C	C	C	C	B	A	C	G	C	G	G	L	L	L	L	L	L	L	L	L	G	C	G	L	A	B	B	L	A	B	B	C	C	A	A	G	L	L	L	G	C	G	L	C	L	C	C	L	B	B	B	B	C	L	L	C	C	C	C	C	B	A	C	G	C	L	L	L	L	L	L	L	L	L	L	G	C	G	L	A	B	B	L	A	B	B	C	C	A	A	G	L	L	L	G	C	G	G	L	L	C	C	L	L	C	A	A	A	A	G	L	L	C	A	A	C	B	L	L	L	L	L	G	C	G	L	C	L	C	C	L	L	C	C	C	A	A	L	C	C	C	C	C	B	A	C	G	C	L	L	L	L	L	L	L	L	L	L	G	C	G	L	A	B	B	L	A	B	B	C	C	A	A	G	L	L	L	G	C	G	G	L	L	C	C	L	L	C	A	A	A	A	G	L	L	C	A	A	C	B	L	L	L	L	L	G	C	G	L	C	L	A	A	A	L	A	A	A	B	B	G	L	L	C	A	A	C	B	L	L	L	L	L	G	C	G	L	C	A	L	L	L	L	L	L	L	L	
726	G	B	A	L	C	L	C	C	L	B	B	B	G	L	C	C	C	C	C	C	G	G	B	L	L	L	L	L	L	L	L	L	G	B	A	B	C	L	A	A	B	B	C	L	L	L	L	L	G	B	A	L	L	B	G	L	A	A	B	B	G	L	L	B	C	C	A	A	C	B	L	L	L	G	B	A	B	L	B	G	L	L	B	B	B	G	L	L	B	C	C	C	C	B	A	C	B	G	B	A	B	C	L	L	L	L	L	L	L	L	G	B	A	L	C	L	C	C	L	B	B	B	C	C	A	L	C	C	C	C	B	A	C	B	G	B	A	B	C	L	L	L	L	L	L	L	L	G	B	A	L	L	B	G	L	L	B	C	C	A	A	B	B	C	L	L	G	B	A	L	C	L	C	C	L	B	B	B	C	C	A	L	C	C	C	C	B	A	C	B	G	B	A	L	L	L	L	L	L	L	L	L	G	B	A	L	L	B	G	L	L	B	C	C	A	A	B	B	C	L	L	G	B	A	B	C	L	C	C	A	L	A	A	A	A	B	B	C	L	A	A	C	B	L	L	L	L	L	L	G	B	A	L	C	L	C	C	A	L	C	C	A	A	A	L	C	C	C	C	B	A	C	B	G	B	A	L	L	L	L	L	L	L	L	L	G	B	A	L	L	B	G	L	L	B	C	C	A	A	B	B	C	L	L	G	B	A	B	C	L	C	C	A	L	A	A	A	A	B	B	C	L	A	A	C	B	L	L	L	L	L	L	G	B	A	L	C	L	A	A	A	L	A	A	B	B	B	B	C	L	A	A	C	B	L	L	L	L	L	L	G	B	A	L	A	A	G	L	L	L	L	L	L	L	
727	G	C	G	L	C	L	C	C	L	B	B	B	B	L	C	C	C	C	C	B	A	G	C	L	L	L	L	L	L	L	L	L	G	C	G	L	C	L	A	B	B	C	C	A	L	L	L	L	G	C	G	G	L	B	B	L	A	B	B	B	B	C	L	L	C	A	A	C	B	L	L	L	L	G	C	G	G	L	B	B	C	L	B	B	B	B	C	L	L	C	C	C	B	A	C	B	L	G	C	G	L	C	A	L	L	L	L	L	L	L	G	C	G	L	C	L	C	C	L	B	B	C	C	A	A	L	C	C	C	B	A	C	B	L	G	C	G	L	C	A	L	L	L	L	L	L	L	G	C	G	G	L	B	B	C	L	L	C	A	A	B	B	C	C	A	L	G	C	G	L	C	L	C	C	L	B	B	C	C	A	A	L	C	C	C	B	A	C	B	L	G	C	G	G	L	L	L	L	L	L	L	L	G	C	G	G	L	B	B	C	L	L	C	A	A	B	B	C	C	A	L	G	C	G	L	C	L	C	A	A	L	A	A	A	B	B	C	C	L	A	C	B	L	L	L	L	L	L	L	G	C	G	L	C	L	C	A	A	L	C	A	A	A	A	L	C	C	C	B	A	C	B	L	G	C	G	G	L	L	L	L	L	L	L	L	G	C	G	G	L	B	B	C	L	L	C	A	A	B	B	C	C	A	L	G	C	G	L	C	L	C	A	A	L	A	A	A	B	B	C	C	L	A	C	B	L	L	L	L	L	L	L	G	C	G	L	C	L	A	A	A	L	A	B	B	B	B	C	C	L	A	C	B	L	L	L	L	L	L	L	G	C	G	L	A	B	B	C	L	L	L	L	L	L	
728	G	B	A	L	C	L	C	C	L	B	B	B	G	L	C	C	C	C	B	A	C	G	B	A	L	L	L	L	L	L	L	L	G	B	A	L	C	L	L	B	C	C	A	A	G	L	L	L	G	B	A	B	L	B	G	L	L	B	B	B	C	C	A	L	A	A	C	B	L	L	L	L	L	G	B	A	B	L	B	C	C	L	B	B	B	C	C	A	L	C	C	B	A	C	B	L	L	G	B	A	L	A	A	G	L	L	L	L	L	L	G	B	A	L	C	L	C	C	L	B	C	C	A	A	A	L	C	C	B	A	C	B	L	L	G	B	A	L	A	A	G	L	L	L	L	L	L	G	B	A	B	L	B	C	C	A	L	A	A	B	B	C	C	A	A	C	G	B	A	L	C	L	C	C	L	B	C	C	A	A	A	L	C	C	B	A	C	B	L	L	G	B	A	B	C	L	L	L	L	L	L	L	G	B	A	B	L	B	C	C	A	L	A	A	B	B	C	C	A	A	C	G	B	A	L	C	L	A	A	A	L	A	A	B	B	C	C	C	L	G	B	L	L	L	L	L	L	L	L	G	B	A	L	C	L	A	A	A	L	A	A	A	A	A	L	C	C	B	A	C	B	L	L	G	B	A	B	C	L	L	L	L	L	L	L	G	B	A	B	L	B	C	C	A	L	A	A	B	B	C	C	A	A	C	G	B	A	L	C	L	A	A	A	L	A	A	B	B	C	C	C	L	G	B	L	L	L	L	L	L	L	L	G	B	A	L	C	L	A	A	A	L	L	B	B	B	C	C	C	L	G	B	L	L	L	L	L	L	L	L	G	B	A	L	L	B	C	C	A	L	L	L	L	L	
729	G	C	G	L	C	L	C	C	L	B	B	B	B	L	C	C	C	B	A	C	B	G	C	G	G	L	L	L	L	L	L	L	G	C	G	L	C	A	L	L	C	A	A	B	B	C	L	L	G	C	G	G	L	B	B	C	L	B	B	C	C	A	A	L	A	C	B	L	L	L	L	L	L	G	C	G	G	L	L	C	C	L	B	B	C	C	A	A	L	C	B	A	C	B	L	L	L	G	C	G	L	A	B	B	C	L	L	L	L	L	G	C	G	L	C	L	C	C	L	L	C	A	A	A	A	L	C	B	A	C	B	L	L	L	G	C	G	L	A	B	B	C	L	L	L	L	L	G	C	G	G	L	L	C	A	A	L	A	B	B	C	C	A	A	C	B	G	C	G	L	C	L	C	C	L	L	C	A	A	A	A	L	C	B	A	C	B	L	L	L	G	C	G	L	C	A	L	L	L	L	L	L	G	C	G	G	L	L	C	A	A	L	A	B	B	C	C	A	A	C	B	G	C	G	L	C	L	A	A	A	L	A	B	B	C	C	C	C	G	G	C	L	L	L	L	L	L	L	L	G	C	G	L	C	L	A	A	A	L	A	A	A	A	A	L	C	B	A	C	B	L	L	L	G	C	G	L	C	A	L	L	L	L	L	L	G	C	G	G	L	L	C	A	A	L	A	B	B	C	C	A	A	C	B	G	C	G	L	C	L	A	A	A	L	A	B	B	C	C	C	C	G	G	C	L	L	L	L	L	L	L	L	G	C	G	L	C	L	A	A	A	G	L	B	B	C	C	C	C	G	G	C	L	L	L	L	L	L	L	L	G	C	G	G	L	L	C	A	A	G	L	L	L	L	
730	G	B	A	L	C	L	C	C	L	B	B	B	G	L	C	C	B	A	C	B	L	G	B	A	B	C	L	L	L	L	L	L	G	B	A	L	A	A	G	L	A	A	B	B	C	C	A	L	G	B	A	B	L	B	C	C	L	B	C	C	A	A	A	L	G	B	L	L	L	L	L	L	L	G	B	A	B	C	L	C	C	L	B	C	C	A	A	A	L	G	A	C	B	L	L	L	L	G	B	A	L	L	B	C	C	A	L	L	L	L	G	B	A	L	C	L	C	C	A	L	A	A	A	A	A	L	G	A	C	B	L	L	L	L	G	B	A	L	L	B	C	C	A	L	L	L	L	G	B	A	B	C	L	A	A	A	L	L	B	C	C	A	A	C	B	L	G	B	A	L	C	L	C	C	A	L	A	A	A	A	A	L	G	A	C	B	L	L	L	L	G	B	A	L	A	A	G	L	L	L	L	L	G	B	A	B	C	L	A	A	A	L	L	B	C	C	A	A	C	B	L	G	B	A	L	C	L	A	A	A	L	L	B	C	C	C	C	B	A	G	B	A	L	L	L	L	L	L	L	G	B	A	L	C	L	A	A	A	L	A	A	A	A	A	L	G	A	C	B	L	L	L	L	G	B	A	L	A	A	G	L	L	L	L	L	G	B	A	B	C	L	A	A	A	L	L	B	C	C	A	A	C	B	L	G	B	A	L	C	L	A	A	A	L	L	B	C	C	C	C	B	A	G	B	A	L	L	L	L	L	L	L	G	B	A	L	C	L	A	A	B	B	L	B	C	C	C	C	B	A	G	B	A	L	L	L	L	L	L	L	G	B	A	B	C	L	A	A	B	B	C	L	L	L	
731	G	C	G	L	C	L	C	C	L	B	B	B	B	L	C	B	A	C	B	L	L	G	C	G	L	C	A	L	L	L	L	L	G	C	G	L	A	B	B	L	A	B	B	C	C	A	A	C	G	C	G	G	L	L	C	C	L	L	C	A	A	A	A	C	G	C	L	L	L	L	L	L	L	G	C	G	L	C	L	C	C	L	L	C	A	A	A	A	C	G	C	B	L	L	L	L	L	G	C	G	G	L	L	C	A	A	G	L	L	L	G	C	G	L	C	L	C	A	A	L	A	A	A	A	A	C	G	C	B	L	L	L	L	L	G	C	G	G	L	L	C	A	A	G	L	L	L	G	C	G	L	C	L	A	A	A	G	L	L	C	A	A	C	B	L	L	G	C	G	L	C	L	C	A	A	L	A	A	A	A	A	C	G	C	B	L	L	L	L	L	G	C	G	L	A	B	B	C	L	L	L	L	G	C	G	L	C	L	A	A	A	G	L	L	C	A	A	C	B	L	L	G	C	G	L	C	L	A	A	A	G	L	L	C	C	C	B	A	C	G	C	G	G	L	L	L	L	L	L	G	C	G	L	C	L	A	A	A	L	A	A	A	A	A	C	G	C	B	L	L	L	L	L	G	C	G	L	A	B	B	C	L	L	L	L	G	C	G	L	C	L	A	A	A	G	L	L	C	A	A	C	B	L	L	G	C	G	L	C	L	A	A	A	G	L	L	C	C	C	B	A	C	G	C	G	G	L	L	L	L	L	L	G	C	G	L	C	L	A	B	B	G	L	L	C	C	C	B	A	C	G	C	G	G	L	L	L	L	L	L	G	C	G	L	C	L	A	B	B	C	C	A	L	L	
732	G	B	A	L	C	L	C	C	L	B	B	B	G	L	G	A	C	B	L	L	L	G	B	A	L	A	A	G	L	L	L	L	G	B	A	L	L	B	G	L	L	B	C	C	A	A	C	B	G	B	A	B	C	L	C	C	A	L	A	A	A	A	C	B	G	B	A	L	L	L	L	L	L	G	B	A	L	C	L	C	C	A	L	A	A	A	A	C	B	G	B	L	L	L	L	L	L	G	B	A	B	C	L	A	A	B	B	C	L	L	G	B	A	L	C	L	A	A	A	L	A	A	A	A	C	B	G	B	L	L	L	L	L	L	G	B	A	B	C	L	A	A	B	B	C	L	L	G	B	A	L	C	L	A	A	B	B	C	L	A	A	C	B	L	L	L	G	B	A	L	C	L	A	A	A	L	A	A	A	A	C	B	G	B	L	L	L	L	L	L	G	B	A	L	L	B	C	C	A	L	L	L	G	B	A	L	C	L	A	A	B	B	C	L	A	A	C	B	L	L	L	G	B	A	L	C	L	A	A	B	B	C	L	C	C	B	A	C	B	G	B	A	B	C	L	L	L	L	L	G	B	A	L	C	L	A	A	A	L	A	A	A	A	C	B	G	B	L	L	L	L	L	L	G	B	A	L	L	B	C	C	A	L	L	L	G	B	A	L	C	L	A	A	B	B	C	L	A	A	C	B	L	L	L	G	B	A	L	C	L	A	A	B	B	C	L	C	C	B	A	C	B	G	B	A	B	C	L	L	L	L	L	G	B	A	L	C	L	L	B	B	B	C	L	C	C	B	A	C	B	G	B	A	B	C	L	L	L	L	L	G	B	A	L	C	L	L	B	C	C	A	A	G	L	
733	G	C	G	L	C	L	C	C	L	B	B	B	B	A	G	C	B	L	L	L	L	G	C	G	L	A	B	B	C	L	L	L	G	C	G	G	L	B	B	C	L	L	C	A	A	C	B	L	G	C	G	L	C	L	C	A	A	L	A	A	A	C	B	L	G	C	G	G	L	L	L	L	L	G	C	G	L	C	L	C	A	A	L	A	A	A	C	B	L	G	C	L	L	L	L	L	L	G	C	G	L	C	L	A	B	B	C	C	A	L	G	C	G	L	C	L	A	A	A	L	A	A	A	C	B	L	G	C	L	L	L	L	L	L	G	C	G	L	C	L	A	B	B	C	C	A	L	G	C	G	L	C	L	A	B	B	C	C	L	A	C	B	L	L	L	L	G	C	G	L	C	L	A	A	A	L	A	A	A	C	B	L	G	C	L	L	L	L	L	L	G	C	G	G	L	L	C	A	A	G	L	L	G	C	G	L	C	L	A	B	B	C	C	L	A	C	B	L	L	L	L	G	C	G	L	C	L	A	B	B	C	C	L	C	B	A	C	B	L	G	C	G	L	C	A	L	L	L	L	G	C	G	L	C	L	A	A	A	L	A	A	A	C	B	L	G	C	L	L	L	L	L	L	G	C	G	G	L	L	C	A	A	G	L	L	G	C	G	L	C	L	A	B	B	C	C	L	A	C	B	L	L	L	L	G	C	G	L	C	L	A	B	B	C	C	L	C	B	A	C	B	L	G	C	G	L	C	A	L	L	L	L	G	C	G	L	C	A	L	B	B	C	C	L	C	B	A	C	B	L	G	C	G	L	C	A	L	L	L	L	G	C	G	L	C	A	L	L	C	A	A	B	B	A	
734	G	B	A	L	C	L	C	C	L	B	B	B	A	C	G	B	L	L	L	L	L	G	B	A	L	L	B	C	C	A	L	L	G	B	A	B	L	B	C	C	A	L	A	A	C	B	L	L	G	B	A	L	C	L	A	A	A	L	A	A	C	B	L	L	G	B	A	B	C	L	L	L	L	G	B	A	L	C	L	A	A	A	L	A	A	C	B	L	L	G	B	A	L	L	L	L	L	G	B	A	L	C	L	L	B	C	C	A	A	C	G	B	A	L	C	L	A	A	A	L	A	A	C	B	L	L	G	B	A	L	L	L	L	L	G	B	A	L	C	L	L	B	C	C	A	A	C	G	B	A	L	C	L	L	B	C	C	C	L	G	B	L	L	L	L	L	G	B	A	L	C	L	A	A	A	L	A	A	C	B	L	L	G	B	A	L	L	L	L	L	G	B	A	B	C	L	A	A	B	B	C	L	G	B	A	L	C	L	L	B	C	C	C	L	G	B	L	L	L	L	L	G	B	A	L	C	L	L	B	C	C	C	L	G	A	C	B	L	L	G	B	A	L	A	A	G	L	L	L	G	B	A	L	C	L	A	A	A	L	A	A	C	B	L	L	G	B	A	L	L	L	L	L	G	B	A	B	C	L	A	A	B	B	C	L	G	B	A	L	C	L	L	B	C	C	C	L	G	B	L	L	L	L	L	G	B	A	L	C	L	L	B	C	C	C	L	G	A	C	B	L	L	G	B	A	L	A	A	G	L	L	L	G	B	A	L	A	A	L	B	C	C	C	L	G	A	C	B	L	L	G	B	A	L	A	A	G	L	L	L	G	B	A	L	A	A	G	L	A	A	B	B	A	C	
735	G	C	G	L	C	L	C	C	L	B	B	A	C	B	G	C	L	L	L	L	L	G	C	G	G	L	L	C	A	A	G	L	G	C	G	G	L	L	C	A	A	L	A	C	B	L	L	L	G	C	G	L	C	L	A	A	A	L	A	C	B	L	L	L	G	C	G	L	C	A	L	L	L	G	C	G	L	C	L	A	A	A	L	A	C	B	L	L	L	G	C	G	G	L	L	L	L	G	C	G	L	C	A	L	L	C	A	A	C	B	G	C	G	L	C	L	A	A	A	L	A	C	B	L	L	L	G	C	G	G	L	L	L	L	G	C	G	L	C	A	L	L	C	A	A	C	B	G	C	G	L	C	A	L	L	C	C	C	G	G	C	L	L	L	L	L	G	C	G	L	C	L	A	A	A	L	A	C	B	L	L	L	G	C	G	G	L	L	L	L	G	C	G	L	C	L	A	B	B	C	C	G	G	C	G	L	C	A	L	L	C	C	C	G	G	C	L	L	L	L	L	G	C	G	L	C	A	L	L	C	C	C	G	G	C	B	L	L	L	G	C	G	L	A	B	B	C	L	L	G	C	G	L	C	L	A	A	A	L	A	C	B	L	L	L	G	C	G	G	L	L	L	L	G	C	G	L	C	L	A	B	B	C	C	G	G	C	G	L	C	A	L	L	C	C	C	G	G	C	L	L	L	L	L	G	C	G	L	C	A	L	L	C	C	C	G	G	C	B	L	L	L	G	C	G	L	A	B	B	C	L	L	G	C	G	L	A	A	L	L	C	C	C	G	G	C	B	L	L	L	G	C	G	L	A	B	B	C	L	L	G	C	G	L	A	B	B	L	A	B	B	A	C	B	
736	G	B	A	L	C	L	C	C	L	B	A	C	B	L	G	B	A	L	L	L	L	G	B	A	B	C	L	A	A	B	B	A	G	B	A	B	C	L	A	A	A	L	G	B	L	L	L	L	G	B	A	L	C	L	A	A	A	L	G	B	L	L	L	L	G	B	A	L	A	A	G	L	L	G	B	A	L	C	L	A	A	A	L	G	B	L	L	L	L	G	B	A	B	C	L	L	L	G	B	A	L	A	A	G	L	A	A	C	B	L	G	B	A	L	C	L	A	A	A	L	G	B	L	L	L	L	G	B	A	B	C	L	L	L	G	B	A	L	A	A	G	L	A	A	C	B	L	G	B	A	L	A	A	G	L	C	C	B	A	G	B	A	L	L	L	L	G	B	A	L	C	L	A	A	A	L	G	B	L	L	L	L	G	B	A	B	C	L	L	L	G	B	A	L	C	L	L	B	C	C	B	A	G	B	A	L	A	A	G	L	C	C	B	A	G	B	A	L	L	L	L	G	B	A	L	A	A	G	L	C	C	B	A	G	B	L	L	L	L	G	B	A	L	L	B	C	C	A	L	G	B	A	L	C	L	A	A	A	L	G	B	L	L	L	L	G	B	A	B	C	L	L	L	G	B	A	L	C	L	L	B	C	C	B	A	G	B	A	L	A	A	G	L	C	C	B	A	G	B	A	L	L	L	L	G	B	A	L	A	A	G	L	C	C	B	A	G	B	L	L	L	L	G	B	A	L	L	B	C	C	A	L	G	B	A	L	A	A	G	L	C	C	B	A	G	B	L	L	L	L	G	B	A	L	L	B	C	C	A	L	G	B	A	L	L	B	G	L	L	B	A	C	B	L	
737	G	C	G	L	C	L	C	C	L	G	C	B	L	L	G	C	G	G	L	L	L	G	C	G	L	C	L	A	B	B	A	C	G	C	G	L	C	L	A	A	A	C	G	C	L	L	L	L	G	C	G	L	C	L	A	A	A	C	G	C	L	L	L	L	G	C	G	L	A	B	B	C	L	G	C	G	L	C	L	A	A	A	C	G	C	L	L	L	L	G	C	G	L	C	A	L	L	G	C	G	L	A	B	B	L	A	C	B	L	L	G	C	G	L	C	L	A	A	A	C	G	C	L	L	L	L	G	C	G	L	C	A	L	L	G	C	G	L	A	B	B	L	A	C	B	L	L	G	C	G	L	A	B	B	L	C	B	A	C	G	C	G	G	L	L	L	G	C	G	L	C	L	A	A	A	C	G	C	L	L	L	L	G	C	G	L	C	A	L	L	G	C	G	L	C	A	L	L	C	B	A	C	G	C	G	L	A	B	B	L	C	B	A	C	G	C	G	G	L	L	L	G	C	G	L	A	B	B	L	C	B	A	C	G	C	L	L	L	L	G	C	G	G	L	L	C	A	A	C	G	C	G	L	C	L	A	A	A	C	G	C	L	L	L	L	G	C	G	L	C	A	L	L	G	C	G	L	C	A	L	L	C	B	A	C	G	C	G	L	A	B	B	L	C	B	A	C	G	C	G	G	L	L	L	G	C	G	L	A	B	B	L	C	B	A	C	G	C	L	L	L	L	G	C	G	G	L	L	C	A	A	C	G	C	G	L	A	B	B	L	C	B	A	C	G	C	L	L	L	L	G	C	G	G	L	L	C	A	A	C	G	C	G	G	L	B	B	C	L	G	C	B	L	L	
738	G	B	A	L	C	L	C	C	G	G	B	L	L	L	G	B	A	B	C	L	L	G	B	A	L	C	L	L	B	A	C	B	G	B	A	L	C	L	A	A	C	B	G	B	A	L	L	L	G	B	A	L	C	L	A	A	C	B	G	B	A	L	L	L	G	B	A	L	L	B	C	C	G	G	B	A	L	C	L	A	A	C	B	G	B	A	L	L	L	G	B	A	L	A	A	G	L	G	B	A	L	L	B	G	L	G	B	L	L	L	G	B	A	L	C	L	A	A	C	B	G	B	A	L	L	L	G	B	A	L	A	A	G	L	G	B	A	L	L	B	G	L	G	B	L	L	L	G	B	A	L	L	B	G	L	G	A	C	B	G	B	A	B	C	L	L	G	B	A	L	C	L	A	A	C	B	G	B	A	L	L	L	G	B	A	L	A	A	G	L	G	B	A	L	A	A	G	L	G	A	C	B	G	B	A	L	L	B	G	L	G	A	C	B	G	B	A	B	C	L	L	G	B	A	L	L	B	G	L	G	A	C	B	G	B	A	L	L	L	G	B	A	B	C	L	A	A	C	B	G	B	A	L	C	L	A	A	C	B	G	B	A	L	L	L	G	B	A	L	A	A	G	L	G	B	A	L	A	A	G	L	G	A	C	B	G	B	A	L	L	B	G	L	G	A	C	B	G	B	A	B	C	L	L	G	B	A	L	L	B	G	L	G	A	C	B	G	B	A	L	L	L	G	B	A	B	C	L	A	A	C	B	G	B	A	L	L	B	G	L	G	A	C	B	G	B	A	L	L	L	G	B	A	B	C	L	A	A	C	B	G	B	A	B	L	B	C	C	G	G	B	L	L	L	
739	G	C	G	L	C	L	C	B	A	G	C	L	L	L	G	C	G	L	C	A	L	G	C	G	L	C	A	L	G	C	B	L	G	C	G	L	C	L	A	C	B	L	G	C	G	G	L	L	G	C	G	L	C	L	A	C	B	L	G	C	G	G	L	L	G	C	G	G	L	L	C	B	A	G	C	G	L	C	L	A	C	B	L	G	C	G	G	L	L	G	C	G	L	A	B	B	A	G	C	G	G	L	B	B	A	G	C	L	L	L	G	C	G	L	C	L	A	C	B	L	G	C	G	G	L	L	G	C	G	L	A	B	B	A	G	C	G	G	L	B	B	A	G	C	L	L	L	G	C	G	G	L	B	B	A	G	C	B	L	G	C	G	L	C	A	L	G	C	G	L	C	L	A	C	B	L	G	C	G	G	L	L	G	C	G	L	A	B	B	A	G	C	G	L	A	B	B	A	G	C	B	L	G	C	G	G	L	B	B	A	G	C	B	L	G	C	G	L	C	A	L	G	C	G	G	L	B	B	A	G	C	B	L	G	C	G	G	L	L	G	C	G	L	C	L	A	C	B	L	G	C	G	L	C	L	A	C	B	L	G	C	G	G	L	L	G	C	G	L	A	B	B	A	G	C	G	L	A	B	B	A	G	C	B	L	G	C	G	G	L	B	B	A	G	C	B	L	G	C	G	L	C	A	L	G	C	G	G	L	B	B	A	G	C	B	L	G	C	G	G	L	L	G	C	G	L	C	L	A	C	B	L	G	C	G	G	L	B	B	A	G	C	B	L	G	C	G	G	L	L	G	C	G	L	C	L	A	C	B	L	G	C	G	G	L	L	C	B	A	G	C	L	L	L	
740	G	B	A	L	C	L	G	A	C	G	B	A	L	L	G	B	A	L	A	A	C	G	B	A	L	A	A	C	G	B	L	L	G	B	A	L	C	L	G	B	L	L	G	B	A	B	C	L	G	B	A	L	C	L	G	B	L	L	G	B	A	B	C	L	G	B	A	B	C	L	G	A	C	G	B	A	L	C	L	G	B	L	L	G	B	A	B	C	L	G	B	A	L	L	B	A	C	G	B	A	B	L	B	A	C	G	B	A	L	L	G	B	A	L	C	L	G	B	L	L	G	B	A	B	C	L	G	B	A	L	L	B	A	C	G	B	A	B	L	B	A	C	G	B	A	L	L	G	B	A	B	L	B	A	C	G	B	L	L	G	B	A	L	A	A	C	G	B	A	L	C	L	G	B	L	L	G	B	A	B	C	L	G	B	A	L	L	B	A	C	G	B	A	L	L	B	A	C	G	B	L	L	G	B	A	B	L	B	A	C	G	B	L	L	G	B	A	L	A	A	C	G	B	A	B	L	B	A	C	G	B	L	L	G	B	A	B	C	L	G	B	A	L	C	L	G	B	L	L	G	B	A	L	C	L	G	B	L	L	G	B	A	B	C	L	G	B	A	L	L	B	A	C	G	B	A	L	L	B	A	C	G	B	L	L	G	B	A	B	L	B	A	C	G	B	L	L	G	B	A	L	A	A	C	G	B	A	B	L	B	A	C	G	B	L	L	G	B	A	B	C	L	G	B	A	L	C	L	G	B	L	L	G	B	A	B	L	B	A	C	G	B	L	L	G	B	A	B	C	L	G	B	A	L	C	L	G	B	L	L	G	B	A	B	C	L	G	A	C	G	B	A	L	L	
741	G	C	G	L	C	G	G	C	B	G	C	G	G	L	G	C	G	L	A	C	B	G	C	G	L	A	C	B	G	C	L	L	G	C	G	L	C	G	G	C	L	L	G	C	G	L	C	G	G	C	G	L	C	G	G	C	L	L	G	C	G	L	C	G	G	C	G	L	C	G	G	C	B	G	C	G	L	C	G	G	C	L	L	G	C	G	L	C	G	G	C	G	G	L	G	C	B	G	C	G	G	L	G	C	B	G	C	G	G	L	G	C	G	L	C	G	G	C	L	L	G	C	G	L	C	G	G	C	G	G	L	G	C	B	G	C	G	G	L	G	C	B	G	C	G	G	L	G	C	G	G	L	G	C	B	G	C	L	L	G	C	G	L	A	C	B	G	C	G	L	C	G	G	C	L	L	G	C	G	L	C	G	G	C	G	G	L	G	C	B	G	C	G	G	L	G	C	B	G	C	L	L	G	C	G	G	L	G	C	B	G	C	L	L	G	C	G	L	A	C	B	G	C	G	G	L	G	C	B	G	C	L	L	G	C	G	L	C	G	G	C	G	L	C	G	G	C	L	L	G	C	G	L	C	G	G	C	L	L	G	C	G	L	C	G	G	C	G	G	L	G	C	B	G	C	G	G	L	G	C	B	G	C	L	L	G	C	G	G	L	G	C	B	G	C	L	L	G	C	G	L	A	C	B	G	C	G	G	L	G	C	B	G	C	L	L	G	C	G	L	C	G	G	C	G	L	C	G	G	C	L	L	G	C	G	G	L	G	C	B	G	C	L	L	G	C	G	L	C	G	G	C	G	L	C	G	G	C	L	L	G	C	G	L	C	G	G	C	B	G	C	G	G	L	
742	G	B	A	L	G	A	G	B	L	G	B	A	B	A	G	B	A	L	G	B	L	G	B	A	L	G	B	L	G	B	A	L	G	B	A	L	G	A	G	B	A	L	G	B	A	L	G	A	G	B	A	L	G	A	G	B	A	L	G	B	A	L	G	A	G	B	A	L	G	A	G	B	L	G	B	A	L	G	A	G	B	A	L	G	B	A	L	G	A	G	B	A	B	A	G	B	L	G	B	A	B	A	G	B	L	G	B	A	B	A	G	B	A	L	G	A	G	B	A	L	G	B	A	L	G	A	G	B	A	B	A	G	B	L	G	B	A	B	A	G	B	L	G	B	A	B	A	G	B	A	B	A	G	B	L	G	B	A	L	G	B	A	L	G	B	L	G	B	A	L	G	A	G	B	A	L	G	B	A	L	G	A	G	B	A	B	A	G	B	L	G	B	A	B	A	G	B	L	G	B	A	L	G	B	A	B	A	G	B	L	G	B	A	L	G	B	A	L	G	B	L	G	B	A	B	A	G	B	L	G	B	A	L	G	B	A	L	G	A	G	B	A	L	G	A	G	B	A	L	G	B	A	L	G	A	G	B	A	L	G	B	A	L	G	A	G	B	A	B	A	G	B	L	G	B	A	B	A	G	B	L	G	B	A	L	G	B	A	B	A	G	B	L	G	B	A	L	G	B	A	L	G	B	L	G	B	A	B	A	G	B	L	G	B	A	L	G	B	A	L	G	A	G	B	A	L	G	A	G	B	A	L	G	B	A	B	A	G	B	L	G	B	A	L	G	B	A	L	G	A	G	B	A	L	G	A	G	B	A	L	G	B	A	L	G	A	G	B	L	G	B	A	B	A	
743	G	C	G	C	G	C	G	C	L	G	C	G	B	C	G	C	G	C	G	C	L	G	C	G	C	G	C	L	G	C	G	C	G	C	G	C	G	C	G	C	G	C	G	C	G	C	G	C	G	C	G	C	G	C	G	C	G	C	G	C	G	C	G	C	G	C	G	C	G	C	G	C	L	G	C	G	C	G	C	G	C	G	C	G	C	G	C	G	C	G	C	G	B	C	G	C	L	G	C	G	B	C	G	C	L	G	C	G	B	C	G	C	G	C	G	C	G	C	G	C	G	C	G	C	G	C	G	C	G	B	C	G	C	L	G	C	G	B	C	G	C	L	G	C	G	B	C	G	C	G	B	C	G	C	L	G	C	G	C	G	C	G	C	G	C	L	G	C	G	C	G	C	G	C	G	C	G	C	G	C	G	C	G	C	G	B	C	G	C	L	G	C	G	B	C	G	C	L	G	C	G	C	G	C	G	B	C	G	C	L	G	C	G	C	G	C	G	C	G	C	L	G	C	G	B	C	G	C	L	G	C	G	C	G	C	G	C	G	C	G	C	G	C	G	C	G	C	G	C	G	C	G	C	G	C	G	C	G	C	G	C	G	C	G	C	G	C	G	B	C	G	C	L	G	C	G	B	C	G	C	L	G	C	G	C	G	C	G	B	C	G	C	L	G	C	G	C	G	C	G	C	G	C	L	G	C	G	B	C	G	C	L	G	C	G	C	G	C	G	C	G	C	G	C	G	C	G	C	G	C	G	C	G	C	G	B	C	G	C	L	G	C	G	C	G	C	G	C	G	C	G	C	G	C	G	C	G	C	G	C	G	C	G	C	G	C	G	C	L	G	C	G	B	C	
744	G	B	G	B	G	B	G	B	G	G	B	G	B	G	G	B	G	B	G	B	G	G	B	G	B	G	B	G	G	B	G	B	G	B	G	B	G	B	G	B	G	B	G	B	G	B	G	B	G	B	G	B	G	B	G	B	G	B	G	B	G	B	G	B	G	B	G	B	G	B	G	B	G	G	B	G	B	G	B	G	B	G	B	G	B	G	B	G	B	G	B	G	B	G	G	B	G	G	B	G	B	G	G	B	G	G	B	G	B	G	G	B	G	B	G	B	G	B	G	B	G	B	G	B	G	B	G	B	G	B	G	G	B	G	G	B	G	B	G	G	B	G	G	B	G	B	G	G	B	G	B	G	G	B	G	G	B	G	B	G	B	G	B	G	B	G	G	B	G	B	G	B	G	B	G	B	G	B	G	B	G	B	G	B	G	B	G	G	B	G	G	B	G	B	G	G	B	G	G	B	G	B	G	B	G	B	G	G	B	G	G	B	G	B	G	B	G	B	G	B	G	G	B	G	B	G	G	B	G	G	B	G	B	G	B	G	B	G	B	G	B	G	B	G	B	G	B	G	B	G	B	G	B	G	B	G	B	G	B	G	B	G	B	G	B	G	B	G	B	G	G	B	G	G	B	G	B	G	G	B	G	G	B	G	B	G	B	G	B	G	G	B	G	G	B	G	B	G	B	G	B	G	B	G	G	B	G	B	G	G	B	G	G	B	G	B	G	B	G	B	G	B	G	B	G	B	G	B	G	B	G	B	G	B	G	B	G	G	B	G	G	B	G	B	G	B	G	B	G	B	G	B	G	B	G	B	G	B	G	B	G	B	G	B	G	B	G	B	G	G	B	G	B	G	
745	G	G	G	G	G	G	G	G	G	G	G	G	G	G	G	G	G	G	G	G	G	G	G	G	G	G	G	G	G	G	G	G	G	G	G	G	G	G	G	G	G	G	G	G	G	G	G	G	G	G	G	G	G	G	G	G	G	G	G	G	G	G	G	G	G	G	G	G	G	G	G	G	G	G	G	G	G	G	G	G	G	G	G	G	G	G	G	G	G	G	G	G	G	G	G	G	G	G	G	G	G	G	G	G	G	G	G	G	G	G	G	G	G	G	G	G	G	G	G	G	G	G	G	G	G	G	G	G	G	G	G	G	G	G	G	G	G	G	G	G	G	G	G	G	G	G	G	G	G	G	G	G	G	G	G	G	G	G	G	G	G	G	G	G	G	G	G	G	G	G	G	G	G	G	G	G	G	G	G	G	G	G	G	G	G	G	G	G	G	G	G	G	G	G	G	G	G	G	G	G	G	G	G	G	G	G	G	G	G	G	G	G	G	G	G	G	G	G	G	G	G	G	G	G	G	G	G	G	G	G	G	G	G	G	G	G	G	G	G	G	G	G	G	G	G	G	G	G	G	G	G	G	G	G	G	G	G	G	G	G	G	G	G	G	G	G	G	G	G	G	G	G	G	G	G	G	G	G	G	G	G	G	G	G	G	G	G	G	G	G	G	G	G	G	G	G	G	G	G	G	G	G	G	G	G	G	G	G	G	G	G	G	G	G	G	G	G	G	G	G	G	G	G	G	G	G	G	G	G	G	G	G	G	G	G	G	G	G	G	G	G	G	G	G	G	G	G	G	G	G	G	G	G	G	G	G	G	G	G	G	G	G	G	G	G	G	G	G	G	G	G	G	G	G	
746	F	F	F	F	F	F	F	F	F	F	F	F	F	F	F	F	F	F	F	F	F	F	F	F	F	F	F	F	F	F	F	F	F	F	F	F	F	F	F	F	F	F	F	F	F	F	F	F	F	F	F	F	F	F	F	F	F	F	F	F	F	F	F	F	F	F	F	F	F	F	F	F	F	F	F	F	F	F	F	F	F	F	F	F	F	F	F	F	F	F	F	F	F	F	F	F	F	F	F	F	F	F	F	F	F	F	F	F	F	F	F	F	F	F	F	F	F	F	F	F	F	F	F	F	F	F	F	F	F	F	F	F	F	F	F	F	F	F	F	F	F	F	F	F	F	F	F	F	F	F	F	F	F	F	F	F	F	F	F	F	F	F	F	F	F	F	F	F	F	F	F	F	F	F	F	F	F	F	F	F	F	F	F	F	F	F	F	F	F	F	F	F	F	F	F	F	F	F	F	F	F	F	F	F	F	F	F	F	F	F	F	F	F	F	F	F	F	F	F	F	F	F	F	F	F	F	F	F	F	F	F	F	F	F	F	F	F	F	F	F	F	F	F	F	F	F	F	F	F	F	F	F	F	F	F	F	F	F	F	F	F	F	F	F	F	F	F	F	F	F	F	F	F	F	F	F	F	F	F	F	F	F	F	F	F	F	F	F	F	F	F	F	F	F	F	F	F	F	F	F	F	F	F	F	F	F	F	F	F	F	F	F	F	F	F	F	F	F	F	F	F	F	F	F	F	F	F	F	F	F	F	F	F	F	F	F	F	F	F	F	F	F	F	F	F	F	F	F	F	F	F	F	F	F	F	F	F	F	F	F	F	F	F	F	F	F	F	F	F	F	F	F	F	F	